3.0 0.807172 0.469847 0.371375 0.613732
3.0 0.063250 0.799096 0.126281 0.401808
3.0 0.094922 0.496995 0.188156 0.895070
3.0 0.181047 0.467077 0.187563 0.559601
3.0 0.203258 0.537887 0.203641 0.423239
3.0 0.305008 0.547981 0.082078 0.307700
3.0 0.511164 0.443005 0.070141 0.189249
3.0 0.387367 0.442031 0.108578 0.248099
3.0 0.661219 0.413568 0.175500 0.356338
3.0 0.348148 0.454425 0.133609 0.288803
3.0 0.306547 0.427124 0.172687 0.317864
3.0 0.154797 0.553920 0.140031 0.419531
3.0 0.628875 0.505035 0.035250 0.209601
3.0 0.501563 0.380282 0.996874 0.760563
