0.0 0.616622 0.562686 0.282129 0.125487
0.0 0.452873 0.513837 0.078828 0.037810
3.0 0.338762 0.517675 0.039946 0.029033
3.0 0.368981 0.516173 0.028957 0.025384
0.0 0.269460 0.495042 0.086015 0.043816
3.0 0.166768 0.480539 0.031922 0.044465
4.0 0.152193 0.464070 0.017121 0.016285
0.0 0.235868 0.476910 0.025785 0.018386
0.0 0.198257 0.470860 0.043330 0.037395
0.0 0.279824 0.469702 0.018387 0.011017
0.0 0.300742 0.472912 0.018176 0.009655
0.0 0.334547 0.489680 0.059599 0.034785
3.0 0.140569 0.469961 0.016279 0.024276
0.0 0.223825 0.471713 0.014161 0.010648
0.0 0.830430 0.675307 0.335202 0.225572
