1.0 0.717063 0.531174 0.079844 0.060986
0.0 0.849953 0.740117 0.300094 0.210563
0.0 0.614930 0.662617 0.087016 0.101573
0.0 0.923961 0.833040 0.152078 0.166596
1.0 0.156375 0.791948 0.225937 0.208451
1.0 0.304625 0.704061 0.132281 0.093052
1.0 0.419695 0.624742 0.134984 0.069484
1.0 0.027953 0.557817 0.054844 0.034977
1.0 0.136484 0.528556 0.043656 0.028756
0.0 0.067492 0.873756 0.134984 0.202066
0.0 0.349445 0.661925 0.152391 0.087559
1.0 0.236953 0.721315 0.206031 0.198732
0.0 0.081250 0.715962 0.140625 0.093897
0.0 0.093750 0.556338 0.040625 0.023474
