0.0 0.103125 0.561111 0.115625 0.175000
4.0 0.135937 0.494444 0.056250 0.127778
3.0 0.426563 0.522222 0.064062 0.108333
4.0 0.467187 0.450000 0.089063 0.105556
4.0 0.567187 0.419444 0.029687 0.061111
4.0 0.770312 0.408333 0.081250 0.097222
4.0 0.618750 0.394444 0.020313 0.033333
0.0 0.293750 0.447222 0.043750 0.041667
0.0 0.365625 0.416667 0.104688 0.113889
0.0 0.120313 0.430556 0.025000 0.038889
0.0 0.648438 0.483333 0.193750 0.147222
0.0 0.900000 0.636111 0.198437 0.497222
0.0 0.926562 0.383333 0.145313 0.169444
