0.0 0.980930 0.659133 0.038141 0.075831
0.0 0.220352 0.616429 0.064609 0.063817
0.0 0.268562 0.605808 0.040969 0.056581
0.0 0.867766 0.623841 0.062437 0.064684
0.0 0.770023 0.573009 0.033266 0.047096
0.0 0.154578 0.648162 0.084937 0.097073
0.0 0.309359 0.583173 0.040594 0.055808
3.0 0.044430 0.711241 0.039766 0.089883
3.0 0.020445 0.718876 0.040234 0.072927
3.0 0.082094 0.718431 0.021875 0.034426
3.0 0.887023 0.641218 0.022391 0.054848
3.0 0.810773 0.603653 0.026016 0.041874
3.0 0.128586 0.686651 0.039453 0.073068
3.0 0.103102 0.714871 0.022547 0.042998
3.0 0.804828 0.554684 0.016531 0.013770
3.0 0.083156 0.693864 0.072625 0.094333
3.0 0.826859 0.604625 0.032125 0.044567
0.0 0.359687 0.566885 0.027187 0.049087
0.0 0.803148 0.592272 0.044953 0.050023
0.0 0.751172 0.552389 0.036125 0.038548
