3.0 0.540922 0.603479 0.404375 0.361792
3.0 0.839523 0.452448 0.246016 0.213104
0.0 0.085672 0.342260 0.171344 0.123396
0.0 0.943945 0.346635 0.112109 0.098646
0.0 0.169156 0.268979 0.075781 0.053000
0.0 0.209563 0.252865 0.070563 0.060896
0.0 0.442602 0.251240 0.034859 0.038729
0.0 0.100008 0.252594 0.029484 0.034979
0.0 0.628047 0.316115 0.334313 0.177146
1.0 0.367930 0.257177 0.045547 0.056813
0.0 0.141555 0.248646 0.037359 0.033125
0.0 0.058695 0.262031 0.076922 0.054562
0.0 0.368539 0.257156 0.048484 0.055063
0.0 0.047688 0.272729 0.095375 0.049417
3.0 0.411492 0.422094 0.180141 0.099937
0.0 0.486430 0.263344 0.044453 0.044813
0.0 0.310313 0.253375 0.049562 0.068417
0.0 0.621875 0.270833 0.581250 0.120833
0.0 0.888281 0.300000 0.042188 0.058333
