4.0 0.717187 0.630556 0.292187 0.191667
3.0 0.187500 0.650000 0.153125 0.280556
3.0 0.364062 0.480556 0.039062 0.108333
3.0 0.492188 0.527778 0.076563 0.100000
3.0 0.318750 0.447222 0.039062 0.036111
0.0 0.420312 0.430556 0.034375 0.036111
4.0 0.137500 0.430556 0.039062 0.072222
0.0 0.375000 0.430556 0.032813 0.041667
0.0 0.490625 0.441667 0.076563 0.041667
4.0 0.018750 0.441667 0.034375 0.102778
0.0 0.054688 0.419444 0.037500 0.058333
0.0 0.250000 0.472222 0.071875 0.105556
0.0 0.229688 0.427778 0.046875 0.055556
1.0 0.292188 0.406944 0.075000 0.097222
