0.0 0.097917 0.504687 0.191667 0.114062
3.0 0.277083 0.468750 0.031250 0.039062
0.0 0.450000 0.467187 0.035417 0.020313
0.0 0.389583 0.459375 0.029167 0.026562
0.0 0.468750 0.462500 0.022917 0.018750
3.0 0.512500 0.462500 0.008333 0.012500
0.0 0.497917 0.457813 0.008333 0.006250
0.0 0.518750 0.456250 0.010417 0.012500
4.0 0.541667 0.460938 0.010417 0.012500
0.0 0.543750 0.457813 0.008333 0.009375
3.0 0.531250 0.459375 0.002083 0.004687
0.0 0.800000 0.476562 0.102083 0.026562
0.0 0.710417 0.468750 0.056250 0.025000
0.0 0.650000 0.467187 0.029167 0.012500
0.0 0.614583 0.464062 0.022917 0.014063
0.0 0.600000 0.462500 0.014583 0.009375
0.0 0.552083 0.456250 0.008333 0.006250
0.0 0.566667 0.459375 0.012500 0.004687
3.0 0.677083 0.467187 0.008333 0.010937
4.0 0.422917 0.460938 0.014583 0.017188
3.0 0.943750 0.481250 0.027083 0.037500
