0.0 0.317130 0.865016 0.568452 0.269967
0.0 0.459610 0.758842 0.185112 0.235468
0.0 0.838094 0.676643 0.142946 0.180490
3.0 0.609210 0.693248 0.037052 0.095430
4.0 0.734115 0.662763 0.049255 0.093037
4.0 0.534553 0.715991 0.061809 0.120007
0.0 0.160446 0.792285 0.098738 0.117774
4.0 0.181783 0.828031 0.222617 0.194297
0.0 0.295830 0.752145 0.050501 0.088409
0.0 0.341991 0.730201 0.064429 0.088809
0.0 0.166867 0.793482 0.092188 0.135966
3.0 0.318064 0.752623 0.050660 0.090883
0.0 0.286216 0.701479 0.020061 0.023618
4.0 0.080296 0.803619 0.098928 0.144664
0.0 0.116875 0.756062 0.020539 0.031040
3.0 0.972442 0.756747 0.055115 0.172988
0.0 0.022810 0.846668 0.019004 0.055135
