3.0 0.675258 0.446440 0.445047 0.483419
3.0 0.446320 0.443478 0.150578 0.368642
3.0 0.399805 0.365105 0.076516 0.252178
3.0 0.372203 0.348255 0.075469 0.226253
3.0 0.347727 0.354052 0.082766 0.168946
3.0 0.698695 0.456265 0.602609 0.912529
3.0 0.136219 0.370515 0.037375 0.046089
3.0 0.274141 0.347822 0.058844 0.067073
3.0 0.449805 0.541956 0.065266 0.208501
3.0 0.316937 0.359461 0.044094 0.137892
3.0 0.197922 0.352014 0.025812 0.036581
3.0 0.180281 0.363115 0.025188 0.054895
3.0 0.217461 0.347986 0.035609 0.046698
