0.0 0.315250 0.557972 0.068219 0.093833
0.0 0.240336 0.493778 0.022734 0.046611
3.0 0.020398 0.632583 0.040797 0.192667
3.0 0.118617 0.600028 0.055047 0.141889
3.0 0.143016 0.582667 0.070719 0.130222
3.0 0.041516 0.611986 0.065375 0.165472
0.0 0.411586 0.482764 0.069516 0.107861
0.0 0.749234 0.500667 0.200156 0.247611
0.0 0.560109 0.507306 0.151688 0.173056
0.0 0.182797 0.483333 0.094312 0.127500
0.0 0.464547 0.494972 0.042188 0.120222
0.0 0.241906 0.631708 0.138531 0.176028
3.0 0.063891 0.631458 0.041250 0.135917
3.0 0.085000 0.634403 0.033937 0.114139
3.0 0.105898 0.633861 0.039859 0.111944
3.0 0.008172 0.704875 0.016344 0.072694
3.0 0.256102 0.505833 0.013172 0.035444
