0.0 0.648302 0.395437 0.215646 0.099687
0.0 0.788104 0.364320 0.122000 0.056578
0.0 0.142812 0.371500 0.274583 0.075813
0.0 0.905542 0.352242 0.062417 0.032422
0.0 0.943323 0.347945 0.029521 0.025109
3.0 0.477656 0.484531 0.181646 0.163719
0.0 0.861260 0.346305 0.046479 0.025203
0.0 0.246781 0.365523 0.169854 0.055484
0.0 0.498135 0.774156 0.985771 0.424719
0.0 0.326969 0.362656 0.183688 0.055219
1.0 0.422323 0.331625 0.208229 0.081312
1.0 0.975354 0.362445 0.049292 0.093891
3.0 0.301042 0.503906 0.285417 0.145313
