0.0 0.508234 0.893192 0.050125 0.064789
0.0 0.718234 0.731678 0.045156 0.059977
0.0 0.641242 0.664460 0.036828 0.052911
0.0 0.733289 0.545657 0.040203 0.044742
0.0 0.831938 0.265751 0.023312 0.028310
0.0 0.845734 0.262019 0.018688 0.029765
0.0 0.726961 0.252148 0.026172 0.030822
0.0 0.779570 0.226420 0.038672 0.061948
1.0 0.749594 0.440892 0.055313 0.132113
1.0 0.733805 0.315059 0.036203 0.069742
1.0 0.886047 0.241291 0.038062 0.070376
1.0 0.913672 0.212570 0.045625 0.052418
0.0 0.739766 0.274460 0.020656 0.012394
