0.0 0.869722 0.873677 0.084645 0.163527
0.0 0.371279 0.573777 0.015542 0.033573
0.0 0.259215 0.922418 0.112769 0.155164
0.0 0.661764 0.789892 0.078689 0.120900
0.0 0.652947 0.675956 0.049622 0.068791
0.0 0.385110 0.669810 0.041999 0.055732
0.0 0.431322 0.608347 0.027246 0.042041
0.0 0.485597 0.533700 0.016475 0.021274
0.0 0.411941 0.552708 0.018000 0.023885
0.0 0.552627 0.600070 0.022036 0.053960
0.0 0.420541 0.517030 0.013426 0.016050
0.0 0.473839 0.489853 0.009049 0.013185
0.0 0.411151 0.532828 0.014753 0.013692
3.0 0.395969 0.618968 0.013085 0.043260
0.0 0.210560 0.742668 0.069146 0.095289
0.0 0.103066 0.702333 0.063388 0.057631
0.0 0.143235 0.668840 0.040179 0.045666
0.0 0.263400 0.595823 0.028376 0.034713
0.0 0.286018 0.588828 0.015345 0.028602
0.0 0.260987 0.571100 0.029111 0.017442
4.0 0.101354 0.767327 0.035461 0.070011
4.0 0.072199 0.789867 0.029856 0.071989
0.0 0.402679 0.787956 0.066052 0.124730
3.0 0.529210 0.514864 0.007820 0.018029
3.0 0.543469 0.513598 0.005067 0.020261
0.0 0.443312 0.549923 0.019722 0.031468
0.0 0.513095 0.613557 0.060941 0.139134
0.0 0.436424 0.520608 0.018098 0.026371
0.0 0.441239 0.497735 0.017802 0.018915
0.0 0.477229 0.467108 0.007721 0.015543
1.0 0.489723 0.493431 0.015641 0.036058
4.0 0.202192 0.676075 0.022233 0.058930
4.0 0.128689 0.734973 0.028233 0.066892
