3.0 0.280188 0.866164 0.560375 0.267672
3.0 0.535458 0.551805 0.015250 0.042391
0.0 0.714542 0.488523 0.052417 0.030891
0.0 0.862167 0.529211 0.269667 0.307859
0.0 0.645906 0.482117 0.043521 0.024359
0.0 0.141719 0.451742 0.231604 0.076641
3.0 0.390854 0.543539 0.066208 0.034234
3.0 0.737990 0.552141 0.018146 0.021219
0.0 0.678625 0.510703 0.048500 0.032781
0.0 0.612885 0.514383 0.106813 0.058359
0.0 0.764677 0.477422 0.044604 0.064844
3.0 0.673521 0.565633 0.036417 0.059703
3.0 0.643354 0.533359 0.023375 0.020781
