0.0 0.470313 0.833333 0.878125 0.322222
0.0 0.121875 0.816667 0.239063 0.300000
0.0 0.454688 0.658333 0.267188 0.177778
0.0 0.385938 0.625000 0.150000 0.138889
0.0 0.314063 0.622222 0.090625 0.119444
0.0 0.337500 0.575000 0.157812 0.116667
0.0 0.714062 0.597222 0.259375 0.230556
0.0 0.532813 0.550000 0.145313 0.080556
0.0 0.903125 0.611111 0.176563 0.241667
0.0 0.968750 0.511111 0.062500 0.102778
0.0 0.921875 0.469444 0.064062 0.044444
0.0 0.857813 0.513889 0.084375 0.063889
0.0 0.828125 0.450000 0.085938 0.072222
0.0 0.164062 0.675000 0.165625 0.172222
0.0 0.423438 0.536111 0.037500 0.027778
