0.0 0.866789 0.548122 0.059203 0.077183
0.0 0.821313 0.498228 0.252062 0.155000
3.0 0.729070 0.771784 0.225984 0.242347
3.0 0.274336 0.664707 0.121516 0.113263
3.0 0.378922 0.646033 0.104375 0.116808
3.0 0.563859 0.704765 0.199594 0.140892
3.0 0.880797 0.685364 0.113688 0.147347
3.0 0.949859 0.624624 0.070281 0.106808
3.0 0.691430 0.629965 0.069547 0.139554
3.0 0.454023 0.628932 0.092453 0.108944
3.0 0.314695 0.619988 0.040641 0.070399
3.0 0.107211 0.687218 0.054359 0.105000
3.0 0.502344 0.692488 0.995312 0.281690
3.0 0.988281 0.666667 0.023438 0.178404
