0.0 0.140492 0.638425 0.025297 0.037645
0.0 0.128484 0.588349 0.024344 0.032232
0.0 0.089672 0.584404 0.024125 0.034128
0.0 0.745164 0.707171 0.165328 0.125841
0.0 0.516109 0.846498 0.187156 0.265168
0.0 0.094289 0.853685 0.070609 0.256177
0.0 0.048688 0.726682 0.097375 0.141254
0.0 0.012031 0.846636 0.024062 0.201774
1.0 0.465125 0.607630 0.054594 0.067248
0.0 0.163773 0.583364 0.015609 0.033700
3.0 0.251437 0.983869 0.012625 0.030673
1.0 0.572656 0.646789 0.110594 0.077859
1.0 0.891133 0.847722 0.181453 0.162905
1.0 0.238195 0.555489 0.048547 0.060275
3.0 0.710141 0.749052 0.026906 0.040489
3.0 0.586000 0.723012 0.020125 0.026575
0.0 0.981250 0.747706 0.034375 0.119266
0.0 0.691406 0.951070 0.148438 0.091743
