3.0 0.568602 0.510115 0.657609 0.957307
0.0 0.864625 0.429875 0.104219 0.077871
0.0 0.761633 0.315271 0.023047 0.019436
0.0 0.931711 0.444207 0.136578 0.081691
0.0 0.952875 0.398121 0.094250 0.054823
0.0 0.859125 0.384395 0.098969 0.051795
0.0 0.785125 0.320981 0.022937 0.021420
0.0 0.814414 0.329102 0.039828 0.034113
0.0 0.695742 0.302985 0.016266 0.025553
0.0 0.764742 0.346534 0.042141 0.029812
0.0 0.009203 0.373779 0.018406 0.050230
0.0 0.709508 0.404791 0.153516 0.087119
0.0 0.045891 0.328340 0.091781 0.151002
0.0 0.730328 0.349509 0.042375 0.024196
0.0 0.089289 0.336180 0.103766 0.104050
0.0 0.441406 0.345511 0.785937 0.131524
