3.0 0.368130 0.705946 0.680062 0.588108
0.0 0.899276 0.474256 0.088759 0.171165
4.0 0.950627 0.503356 0.030993 0.128019
4.0 0.759813 0.404188 0.057751 0.113757
4.0 0.673915 0.371930 0.049429 0.114300
0.0 0.645734 0.343157 0.045486 0.081935
0.0 0.553194 0.284767 0.063390 0.096852
0.0 0.507223 0.297805 0.025692 0.043009
0.0 0.428176 0.289011 0.084671 0.083841
0.0 0.490790 0.285555 0.018534 0.022920
1.0 0.408576 0.243334 0.080986 0.072463
0.0 0.334327 0.265654 0.046068 0.071618
4.0 0.301785 0.273874 0.060546 0.096144
0.0 0.289925 0.221964 0.144440 0.117024
0.0 0.115187 0.194795 0.113158 0.109238
