0.0 0.756250 0.511111 0.396875 0.461111
4.0 0.964063 0.663889 0.071874 0.266667
0.0 0.506250 0.483333 0.054688 0.072222
4.0 0.251563 0.530556 0.053125 0.133333
0.0 0.179688 0.538889 0.065625 0.127778
0.0 0.314063 0.469444 0.056250 0.113889
4.0 0.359375 0.486111 0.026562 0.088889
0.0 0.417188 0.458333 0.015625 0.041667
0.0 0.398438 0.458333 0.012500 0.044444
0.0 0.473437 0.472222 0.021875 0.052778
0.0 0.557812 0.475000 0.028125 0.102778
4.0 0.564063 0.494444 0.012500 0.061111
0.0 0.504688 0.444444 0.034375 0.041667
0.0 0.384375 0.480556 0.023438 0.077778
4.0 0.029687 0.613889 0.051562 0.261111
4.0 0.532813 0.466667 0.015625 0.041667
0.0 0.932813 0.877778 0.134374 0.238889
4.0 0.962500 0.572222 0.043750 0.111111
0.0 0.511719 0.545833 0.067187 0.086111
