3.0 0.837844 0.387437 0.042469 0.091542
0.0 0.185789 0.763104 0.371578 0.402458
0.0 0.425680 0.511115 0.176797 0.210521
0.0 0.570664 0.392833 0.129172 0.152417
0.0 0.764570 0.314677 0.093828 0.112312
0.0 0.083117 0.462031 0.166234 0.165896
1.0 0.706445 0.279833 0.086734 0.106750
0.0 0.318328 0.590792 0.251656 0.250917
0.0 0.343453 0.377094 0.115219 0.125062
0.0 0.444703 0.409167 0.143406 0.109792
0.0 0.791766 0.330583 0.363531 0.185875
0.0 0.595531 0.270583 0.109000 0.117125
0.0 0.441281 0.300240 0.124844 0.137313
0.0 0.220602 0.396531 0.141047 0.168604
0.0 0.663281 0.365625 0.085938 0.102083
1.0 0.981250 0.267708 0.037500 0.102083
0.0 0.881250 0.303125 0.062500 0.072917
