3.0 0.534250 0.560678 0.638687 0.721355
3.0 0.368148 0.480479 0.438234 0.535210
3.0 0.288047 0.343107 0.347656 0.365467
3.0 0.181844 0.427523 0.249469 0.242710
3.0 0.124539 0.333890 0.146734 0.171986
3.0 0.680383 0.291203 0.209328 0.210304
3.0 0.483875 0.190421 0.076438 0.074533
3.0 0.230227 0.273119 0.227734 0.218668
3.0 0.112961 0.292792 0.210859 0.231986
3.0 0.773125 0.668937 0.453750 0.662126
3.0 0.155297 0.197570 0.039469 0.056636
3.0 0.111547 0.182313 0.047688 0.097150
3.0 0.374570 0.209463 0.047328 0.077056
