3.0 0.970313 0.813889 0.056250 0.266667
0.0 0.278125 0.625000 0.135937 0.097222
0.0 0.129687 0.644444 0.168750 0.097222
0.0 0.025000 0.613889 0.045312 0.080556
0.0 0.087500 0.783333 0.170313 0.208333
0.0 0.506250 0.797222 0.360938 0.302778
0.0 0.801563 0.777778 0.215625 0.291667
0.0 0.612500 0.625000 0.095312 0.072222
0.0 0.646875 0.658333 0.050000 0.080556
0.0 0.937500 0.644444 0.065625 0.113889
0.0 0.739063 0.658333 0.150000 0.175000
0.0 0.892187 0.558333 0.054688 0.050000
3.0 0.509375 0.625000 0.043750 0.047222
3.0 0.464063 0.622222 0.048438 0.052778
0.0 0.857813 0.600000 0.078125 0.080556
