0.0 0.931188 0.632500 0.137375 0.097062
0.0 0.712552 0.596328 0.069687 0.038062
0.0 0.648146 0.641805 0.124458 0.097922
0.0 0.614979 0.575992 0.054833 0.035828
0.0 0.108667 0.625992 0.217333 0.076297
0.0 0.957688 0.582109 0.082833 0.054656
0.0 0.157187 0.596242 0.107625 0.045016
0.0 0.243635 0.606383 0.166187 0.067609
0.0 0.022667 0.647484 0.045333 0.089156
0.0 0.301010 0.589930 0.113479 0.034109
0.0 0.652833 0.587492 0.540500 0.039203
0.0 0.878917 0.877375 0.242167 0.245250
0.0 0.714417 0.577500 0.057375 0.022250
1.0 0.098094 0.572367 0.096979 0.021297
0.0 0.436458 0.589844 0.097917 0.029687
0.0 0.895833 0.588281 0.054167 0.035937
