4.0 0.509375 0.586111 0.120313 0.386111
4.0 0.407813 0.466667 0.048438 0.202778
0.0 0.193750 0.483333 0.385937 0.816667
0.0 0.585938 0.372222 0.192188 0.236111
0.0 0.718750 0.447222 0.115625 0.150000
3.0 0.773438 0.391667 0.026562 0.091667
0.0 0.957031 0.508333 0.085938 0.250000
0.0 0.896875 0.408333 0.050000 0.119444
0.0 0.875000 0.363889 0.048438 0.066667
0.0 0.935938 0.330556 0.060937 0.080556
0.0 0.889063 0.313889 0.032813 0.041667
0.0 0.853125 0.322222 0.025000 0.058333
4.0 0.985156 0.368056 0.029687 0.058333
4.0 0.968750 0.358333 0.021875 0.041667
3.0 0.940625 0.352778 0.018750 0.044444
0.0 0.792187 0.330556 0.009375 0.022222
4.0 0.710938 0.358333 0.025000 0.050000
0.0 0.687500 0.361111 0.018750 0.061111
0.0 0.740625 0.355556 0.028125 0.052778
0.0 0.767187 0.330556 0.012500 0.022222
0.0 0.415625 0.383333 0.046875 0.083333
0.0 0.803125 0.327778 0.009375 0.019444
