4.0 0.815759 0.403768 0.083170 0.092311
1.0 0.588207 0.431212 0.151654 0.095341
0.0 0.448339 0.459191 0.053751 0.063264
4.0 0.348441 0.482002 0.041063 0.057739
0.0 0.332283 0.470240 0.031225 0.035107
0.0 0.305431 0.483606 0.036072 0.045443
4.0 0.258999 0.495546 0.032223 0.048829
3.0 0.281050 0.492694 0.014543 0.031008
0.0 0.273874 0.489665 0.016206 0.035107
0.0 0.148882 0.511763 0.022955 0.034037
1.0 0.129301 0.510338 0.023098 0.035998
3.0 0.117610 0.521742 0.014401 0.029048
0.0 0.078734 0.522812 0.012167 0.017108
