0.0 0.313492 0.912229 0.204016 0.175542
0.0 0.215148 0.843062 0.130484 0.141792
0.0 0.154617 0.786698 0.093516 0.101562
0.0 0.483422 0.959990 0.229312 0.080020
0.0 0.481375 0.890833 0.193437 0.144167
0.0 0.531773 0.842125 0.936453 0.292208
0.0 0.818125 0.919760 0.363437 0.160479
0.0 0.704688 0.864583 0.190625 0.120833
0.0 0.602344 0.853125 0.085938 0.089583
0.0 0.552344 0.832292 0.129688 0.093750
0.0 0.448438 0.781250 0.075000 0.062500
0.0 0.307813 0.790625 0.043750 0.077083
0.0 0.289062 0.731250 0.068750 0.054167
0.0 0.510937 0.798958 0.109375 0.039583
