4.0 0.713438 0.450438 0.121835 0.107060
4.0 0.430577 0.492287 0.153310 0.125418
3.0 0.551707 0.449865 0.052428 0.068017
4.0 0.571371 0.424494 0.038454 0.041148
4.0 0.673098 0.418247 0.055941 0.051347
4.0 0.761648 0.398836 0.039804 0.036175
4.0 0.722627 0.400812 0.047074 0.031777
4.0 0.872532 0.382677 0.034973 0.020398
4.0 0.515937 0.422645 0.031199 0.026837
0.0 0.835673 0.371807 0.020447 0.010486
0.0 0.028862 0.493340 0.057723 0.031172
4.0 0.087205 0.485849 0.060250 0.046661
3.0 0.965121 0.417003 0.069757 0.051028
0.0 0.344496 0.450088 0.077491 0.027921
3.0 0.754470 0.460000 0.049207 0.057499
