3.0 0.096162 0.821719 0.192324 0.356562
0.0 0.653944 0.416914 0.333662 0.106297
3.0 0.531796 0.699227 0.229883 0.179891
3.0 0.623979 0.860734 0.442371 0.278531
3.0 0.410481 0.601703 0.059789 0.155000
3.0 0.139554 0.618859 0.152488 0.230000
3.0 0.747195 0.568180 0.246127 0.141328
3.0 0.507441 0.564523 0.156854 0.162328
3.0 0.202183 0.499820 0.147089 0.078328
3.0 0.124167 0.473687 0.088005 0.093250
1.0 0.409237 0.377773 0.281103 0.064891
3.0 0.474331 0.639336 0.078099 0.103078
3.0 0.057817 0.455055 0.072254 0.088766
0.0 0.904131 0.684914 0.191737 0.445797
