0.0 0.435508 0.368536 0.097453 0.067424
0.0 0.496922 0.378197 0.081812 0.087447
0.0 0.539047 0.382974 0.080250 0.105761
0.0 0.651758 0.379403 0.174047 0.104801
0.0 0.959305 0.404660 0.081391 0.136674
0.0 0.819273 0.391077 0.192766 0.151241
0.0 0.135742 0.347881 0.061859 0.056651
0.0 0.845500 0.312658 0.062062 0.025644
0.0 0.031187 0.346112 0.062374 0.125761
0.0 0.276094 0.365340 0.068531 0.064731
0.0 0.085164 0.354087 0.062641 0.051686
0.0 0.168945 0.336464 0.083484 0.062857
1.0 0.075445 0.351499 0.042297 0.058923
0.0 0.382047 0.362319 0.141313 0.095738
0.0 0.604687 0.346604 0.790625 0.149883
0.0 0.910937 0.361827 0.071875 0.114754
0.0 0.325000 0.366511 0.071875 0.072600
0.0 0.764063 0.329040 0.084375 0.063232
