0.0 0.437500 0.675000 0.179688 0.186111
0.0 0.279687 0.655556 0.100000 0.119444
0.0 0.187500 0.661111 0.076563 0.097222
0.0 0.089063 0.722222 0.175000 0.361111
3.0 0.742188 0.686111 0.082812 0.072222
0.0 0.900000 0.661111 0.039062 0.052778
0.0 0.968750 0.669444 0.023438 0.044444
4.0 0.935938 0.658333 0.010937 0.033333
4.0 0.993750 0.666667 0.012500 0.041667
3.0 0.850000 0.650000 0.006250 0.019444
0.0 0.859375 0.647222 0.006250 0.013889
3.0 0.631250 0.647222 0.007812 0.019444
0.0 0.988281 0.720833 0.023438 0.102778
