0.0 0.540625 0.198565 0.037500 0.050239
0.0 0.512500 0.179426 0.021875 0.033493
0.0 0.476562 0.043062 0.025000 0.019139
0.0 0.504688 0.275120 0.014063 0.043062
4.0 0.520313 0.260766 0.014063 0.021531
4.0 0.204688 0.942584 0.048438 0.098086
4.0 0.129687 0.954545 0.064062 0.069378
4.0 0.115625 0.899522 0.043750 0.066986
4.0 0.093750 0.851675 0.059375 0.055024
4.0 0.396875 0.779904 0.039062 0.074163
4.0 0.537500 0.980861 0.042188 0.031100
4.0 0.887500 0.705742 0.015625 0.090909
4.0 0.140625 0.765550 0.037500 0.078947
4.0 0.039062 0.657895 0.032813 0.045455
4.0 0.079688 0.712919 0.040625 0.059809
4.0 0.101562 0.638756 0.032813 0.045455
4.0 0.304688 0.638756 0.034375 0.059809
4.0 0.256250 0.566986 0.029687 0.062201
4.0 0.056250 0.452153 0.028125 0.043062
4.0 0.050000 0.612440 0.032813 0.050239
4.0 0.167188 0.617225 0.028125 0.028708
4.0 0.059375 0.382775 0.018750 0.035885
4.0 0.028125 0.387560 0.021875 0.021531
4.0 0.079688 0.409091 0.014063 0.021531
4.0 0.028125 0.308612 0.020313 0.026316
4.0 0.096875 0.236842 0.017188 0.019139
4.0 0.067187 0.215311 0.012500 0.019139
4.0 0.070312 0.270335 0.004687 0.016746
4.0 0.307813 0.267943 0.017188 0.026316
4.0 0.684375 0.526316 0.032813 0.031100
4.0 0.679688 0.485646 0.029687 0.038278
4.0 0.654687 0.454545 0.029687 0.035885
4.0 0.603125 0.421053 0.023438 0.050239
4.0 0.534375 0.511962 0.032813 0.031100
4.0 0.559375 0.523923 0.028125 0.021531
0.0 0.345313 0.038278 0.059375 0.019139
0.0 0.351562 0.074163 0.032813 0.023923
0.0 0.310937 0.062201 0.028125 0.033493
0.0 0.281250 0.064593 0.025000 0.014354
1.0 0.270312 0.083732 0.034375 0.007177
1.0 0.242188 0.122010 0.040625 0.062201
0.0 0.207812 0.177033 0.043750 0.047847
0.0 0.170312 0.538278 0.059375 0.117225
0.0 0.112500 0.454545 0.039062 0.081340
0.0 0.225000 0.703349 0.087500 0.155502
0.0 0.484375 0.921053 0.084375 0.119617
0.0 0.020312 0.433014 0.035937 0.062201
4.0 0.064063 0.502392 0.025000 0.031100
0.0 0.025000 0.555024 0.046875 0.083732
4.0 0.076562 0.581340 0.015625 0.055024
0.0 0.221875 0.586124 0.039062 0.057416
4.0 0.159375 0.679426 0.023438 0.043062
4.0 0.137500 0.708134 0.028125 0.035885
0.0 0.023438 0.744019 0.042188 0.124402
0.0 0.054688 0.346890 0.040625 0.045455
0.0 0.164062 0.442584 0.054688 0.081340
0.0 0.112500 0.327751 0.046875 0.050239
0.0 0.118750 0.246411 0.025000 0.023923
0.0 0.085938 0.208134 0.021875 0.033493
0.0 0.326562 0.911483 0.184375 0.167464
0.0 0.339063 0.801435 0.065625 0.047847
3.0 0.976562 0.968900 0.043750 0.055024
0.0 0.954688 0.770335 0.090625 0.066986
0.0 0.946875 0.861244 0.106250 0.122010
0.0 0.864063 0.789474 0.100000 0.086124
0.0 0.865625 0.954545 0.135937 0.083732
0.0 0.784375 0.811005 0.050000 0.064593
0.0 0.678125 0.600478 0.045312 0.124402
0.0 0.673438 0.681818 0.090625 0.074163
0.0 0.800000 0.645933 0.160938 0.186603
0.0 0.662500 0.846890 0.207813 0.287081
0.0 0.514062 0.638756 0.210938 0.251196
0.0 0.635937 0.583732 0.037500 0.083732
0.0 0.606250 0.514354 0.062500 0.057416
0.0 0.564063 0.464115 0.040625 0.069378
0.0 0.532813 0.370813 0.082812 0.117225
0.0 0.475000 0.447368 0.031250 0.126794
0.0 0.443750 0.275120 0.103125 0.083732
0.0 0.362500 0.198565 0.059375 0.064593
0.0 0.343750 0.129187 0.035937 0.035885
0.0 0.348437 0.095694 0.031250 0.016746
0.0 0.293750 0.124402 0.043750 0.055024
0.0 0.268750 0.172249 0.039062 0.038278
0.0 0.315625 0.205742 0.025000 0.038278
0.0 0.264062 0.234450 0.032813 0.028708
0.0 0.278125 0.265550 0.040625 0.033493
4.0 0.378125 0.112440 0.010937 0.011962
0.0 0.414062 0.227273 0.025000 0.026316
0.0 0.343750 0.308612 0.056250 0.035885
0.0 0.262500 0.351675 0.062500 0.138756
0.0 0.223437 0.342105 0.014063 0.071770
0.0 0.221875 0.248804 0.051562 0.062201
0.0 0.325000 0.428230 0.060937 0.179426
0.0 0.385938 0.490431 0.106250 0.191388
0.0 0.590625 0.569378 0.045312 0.035885
0.0 0.790625 0.490431 0.075000 0.059809
0.0 0.378125 0.064593 0.023438 0.031100
0.0 0.132812 0.186603 0.028125 0.031100
0.0 0.447656 0.438849 0.098437 0.158273
