0.0 0.930055 0.918469 0.139890 0.134729
0.0 0.856156 0.893167 0.193812 0.212042
0.0 0.718562 0.793865 0.087844 0.096771
0.0 0.656453 0.761990 0.056156 0.035521
0.0 0.651023 0.745125 0.010422 0.008292
0.0 0.626242 0.761917 0.024141 0.025750
0.0 0.570828 0.774437 0.055063 0.037333
0.0 0.537336 0.766875 0.037297 0.030042
0.0 0.278008 0.800500 0.087984 0.060708
0.0 0.403664 0.777260 0.053297 0.051687
0.0 0.361859 0.785208 0.068562 0.056208
0.0 0.155758 0.772167 0.046297 0.024667
0.0 0.599914 0.752896 0.023359 0.029625
