0.0 0.101484 0.725199 0.133701 0.198953
4.0 0.346242 0.634682 0.042569 0.091092
0.0 0.477466 0.561737 0.271231 0.495528
0.0 0.717404 0.447353 0.049133 0.086882
0.0 0.597127 0.499105 0.018257 0.022116
0.0 0.597613 0.477035 0.012795 0.015753
0.0 0.968218 0.450201 0.063563 0.111764
0.0 0.924299 0.454292 0.049903 0.100482
0.0 0.879479 0.459565 0.047568 0.089294
4.0 0.827942 0.468789 0.032130 0.056912
4.0 0.810455 0.466422 0.019644 0.046598
4.0 0.783762 0.454713 0.021362 0.046906
1.0 0.214984 0.752974 0.239062 0.287819
