0.0 0.617484 0.568885 0.073406 0.069646
0.0 0.860766 0.556583 0.238187 0.117083
0.0 0.950391 0.580948 0.099218 0.114354
0.0 0.514617 0.576083 0.049453 0.041500
0.0 0.662773 0.566729 0.038047 0.036583
0.0 0.518164 0.526667 0.013453 0.017292
0.0 0.505672 0.513521 0.010750 0.011083
0.0 0.576688 0.567115 0.019219 0.038437
0.0 0.546359 0.564917 0.029812 0.013917
0.0 0.502219 0.498500 0.013219 0.011375
0.0 0.723289 0.560875 0.085203 0.075458
0.0 0.951352 0.580281 0.097296 0.104729
0.0 0.564563 0.569187 0.017469 0.031292
0.0 0.685664 0.575135 0.036359 0.039146
0.0 0.855523 0.555990 0.233453 0.118354
