0.0 0.267352 0.420222 0.534703 0.579765
0.0 0.916383 0.545535 0.089797 0.110601
0.0 0.683000 0.522337 0.092688 0.102689
0.0 0.743008 0.515836 0.062328 0.077415
0.0 0.834062 0.503995 0.039781 0.055509
0.0 0.858031 0.494295 0.029812 0.046397
0.0 0.864766 0.484021 0.025781 0.042245
0.0 0.774836 0.512846 0.041484 0.060313
0.0 0.805430 0.509465 0.038422 0.053394
0.0 0.877234 0.477781 0.023156 0.034099
0.0 0.916227 0.476762 0.027078 0.032950
0.0 0.896945 0.472337 0.016453 0.023943
0.0 0.909734 0.428211 0.011500 0.020339
0.0 0.921273 0.413198 0.008328 0.013916
0.0 0.925211 0.429478 0.016109 0.026684
1.0 0.893750 0.454308 0.025000 0.046997
