0.0 0.731766 0.498688 0.033875 0.035125
0.0 0.703141 0.488656 0.026125 0.029187
0.0 0.714828 0.493063 0.021750 0.028083
0.0 0.979477 0.505740 0.040609 0.031229
0.0 0.500547 0.479740 0.022156 0.023854
0.0 0.690000 0.468750 0.015281 0.017667
0.0 0.771586 0.475219 0.026547 0.023521
0.0 0.841844 0.483625 0.013187 0.016542
0.0 0.753875 0.474635 0.014938 0.023687
0.0 0.734977 0.475323 0.019984 0.018562
0.0 0.529633 0.470615 0.019984 0.017521
0.0 0.803992 0.477219 0.024516 0.031688
0.0 0.722031 0.471687 0.014125 0.013625
0.0 0.749219 0.466667 0.232813 0.037500
1.0 0.572656 0.461458 0.014063 0.022917
