3.0 0.126812 0.604552 0.014656 0.064562
3.0 0.948687 0.696802 0.077750 0.187271
3.0 0.075023 0.606604 0.012078 0.057667
0.0 0.771773 0.713979 0.327422 0.296792
0.0 0.659141 0.585896 0.204312 0.154417
3.0 0.534266 0.814750 0.195500 0.334833
3.0 0.398359 0.717302 0.057281 0.140271
3.0 0.331836 0.709802 0.063391 0.151229
3.0 0.278359 0.683469 0.047750 0.119354
3.0 0.204727 0.591010 0.031641 0.062354
0.0 0.043750 0.522448 0.029187 0.031479
0.0 0.144617 0.521302 0.037734 0.028187
0.0 0.575422 0.510969 0.237562 0.111604
0.0 0.414383 0.547854 0.032922 0.047208
0.0 0.014039 0.532073 0.021078 0.031438
3.0 0.232773 0.608750 0.015578 0.059417
3.0 0.183125 0.557594 0.006250 0.018188
0.0 0.577656 0.511552 0.240500 0.105729
0.0 0.098391 0.522000 0.024625 0.024417
0.0 0.115398 0.518177 0.020141 0.012646
3.0 0.363758 0.658969 0.022641 0.059604
3.0 0.457031 0.762500 0.073438 0.191667
