3.0 0.186932 0.759977 0.252272 0.264609
3.0 0.445984 0.563883 0.055012 0.080453
3.0 0.635164 0.570922 0.052623 0.071906
3.0 0.704016 0.499625 0.025691 0.047469
3.0 0.762752 0.490219 0.039649 0.050344
3.0 0.825913 0.466891 0.034590 0.044156
3.0 0.879578 0.433250 0.021077 0.036719
3.0 0.793993 0.475594 0.021382 0.043469
3.0 0.578138 0.550227 0.042927 0.063641
3.0 0.619110 0.395883 0.031991 0.038703
3.0 0.678489 0.516281 0.026300 0.051844
0.0 0.222681 0.427063 0.115808 0.055688
0.0 0.275211 0.416805 0.102319 0.056172
0.0 0.090480 0.455016 0.110141 0.083156
0.0 0.037049 0.467039 0.074098 0.089891
0.0 0.313255 0.402945 0.098033 0.054422
0.0 0.856721 0.375211 0.085574 0.024547
0.0 0.163126 0.445047 0.080773 0.066656
0.0 0.780984 0.366516 0.068946 0.017281
3.0 0.674473 0.413102 0.025714 0.026859
3.0 0.522822 0.557516 0.063255 0.072625
3.0 0.579672 0.397883 0.031054 0.029641
3.0 0.529274 0.425781 0.716628 0.110937
3.0 0.293911 0.504687 0.044496 0.037500
