0.0 0.744023 0.834895 0.061422 0.059157
0.0 0.172945 0.836616 0.074922 0.067096
0.0 0.776539 0.833138 0.025984 0.036066
3.0 0.855625 0.838419 0.016844 0.035761
1.0 0.385789 0.826136 0.036922 0.041311
0.0 0.296375 0.835152 0.047250 0.045995
0.0 0.335484 0.832998 0.035344 0.036253
0.0 0.705609 0.831347 0.013250 0.025082
0.0 0.686562 0.828197 0.020469 0.023466
0.0 0.646617 0.828138 0.015484 0.021101
0.0 0.451516 0.829333 0.016125 0.017728
1.0 0.590695 0.820984 0.009828 0.023091
0.0 0.136719 0.837237 0.014063 0.035129
