0.0 0.502828 0.446411 0.168406 0.190574
0.0 0.098836 0.386519 0.099797 0.152799
0.0 0.553437 0.343517 0.043188 0.015694
0.0 0.864242 0.529773 0.118891 0.244952
3.0 0.727867 0.879510 0.541328 0.240981
3.0 0.250008 0.587967 0.127234 0.305359
3.0 0.392375 0.737069 0.255375 0.498876
0.0 0.504648 0.328529 0.098328 0.056196
0.0 0.580008 0.322404 0.026109 0.032656
0.0 0.338461 0.353421 0.035453 0.072967
0.0 0.235602 0.393888 0.192328 0.250502
0.0 0.888953 0.373289 0.109000 0.119211
3.0 0.840813 0.748481 0.200156 0.245622
3.0 0.181531 0.444940 0.047375 0.137201
