4.0 0.687939 0.904234 0.098640 0.191533
4.0 0.761467 0.690810 0.061666 0.200121
4.0 0.752469 0.885088 0.068872 0.229823
4.0 0.850034 0.620374 0.113744 0.181760
4.0 0.791699 0.536564 0.073653 0.172002
4.0 0.248748 0.900595 0.150612 0.198811
4.0 0.140989 0.736985 0.113702 0.218467
4.0 0.392281 0.624912 0.086041 0.190674
4.0 0.456158 0.658836 0.089075 0.184485
3.0 0.641404 0.600499 0.056019 0.109101
3.0 0.709493 0.614790 0.065184 0.167308
3.0 0.952590 0.613105 0.060084 0.126440
4.0 0.692914 0.534282 0.055830 0.142447
3.0 0.567981 0.822296 0.114292 0.231912
0.0 0.911888 0.471192 0.158533 0.185596
0.0 0.593011 0.748452 0.205830 0.246573
4.0 0.420974 0.849523 0.156890 0.298813
0.0 0.274366 0.829428 0.282600 0.338972
0.0 0.483904 0.446649 0.145113 0.143396
0.0 0.412317 0.550269 0.162600 0.202936
0.0 0.328279 0.479266 0.170289 0.227530
0.0 0.599417 0.526078 0.159165 0.162335
0.0 0.595857 0.454425 0.169889 0.180740
0.0 0.675366 0.399462 0.127690 0.160631
0.0 0.778448 0.456590 0.152318 0.194614
0.0 0.069590 0.430162 0.139180 0.227694
0.0 0.145858 0.358658 0.095521 0.105414
0.0 0.146807 0.260650 0.069038 0.104510
0.0 0.067889 0.302168 0.064046 0.103711
0.0 0.189974 0.308182 0.069480 0.114594
0.0 0.267983 0.669317 0.130451 0.261202
0.0 0.173204 0.193796 0.041376 0.076717
0.0 0.148092 0.193158 0.038491 0.086268
0.0 0.269482 0.253218 0.049256 0.067966
0.0 0.145796 0.665641 0.210666 0.281462
3.0 0.104909 0.852606 0.065057 0.164408
0.0 0.042218 0.849877 0.084437 0.287123
