0.0 0.245852 0.673052 0.080641 0.107521
0.0 0.210836 0.659490 0.060016 0.094479
0.0 0.174695 0.649792 0.035766 0.074333
3.0 0.266437 0.738698 0.046875 0.129521
3.0 0.135398 0.696990 0.020547 0.052813
3.0 0.975859 0.809854 0.048281 0.122250
1.0 0.473219 0.743479 0.368625 0.376375
0.0 0.128266 0.653896 0.054781 0.080333
1.0 0.174914 0.651823 0.036297 0.076146
3.0 0.117492 0.684302 0.016266 0.046521
0.0 0.193836 0.923385 0.383766 0.127271
3.0 0.157828 0.640510 0.005969 0.010146
3.0 0.767188 0.730208 0.059375 0.135417
0.0 0.099219 0.634375 0.023438 0.039583
