4.0 0.354687 0.700000 0.440625 0.580556
4.0 0.707812 0.688889 0.175000 0.616667
4.0 0.076563 0.663889 0.153125 0.636111
4.0 0.492188 0.477778 0.137500 0.205556
0.0 0.578125 0.405556 0.387500 0.494444
4.0 0.237500 0.433333 0.092188 0.152778
4.0 0.887500 0.697222 0.215625 0.575000
0.0 0.792188 0.372222 0.060937 0.100000
0.0 0.948438 0.361111 0.093750 0.125000
0.0 0.870313 0.377778 0.070312 0.097222
4.0 0.870313 0.413889 0.040625 0.091667
4.0 0.379688 0.394444 0.104688 0.077778
3.0 0.703125 0.823611 0.090625 0.341667
