0.0 0.312875 0.775948 0.048313 0.049229
0.0 0.397703 0.765708 0.025906 0.028375
0.0 0.331648 0.763292 0.035953 0.033292
3.0 0.687328 0.826208 0.029531 0.078083
3.0 0.744078 0.880396 0.046281 0.102333
3.0 0.080336 0.929750 0.138953 0.140500
0.0 0.348961 0.759198 0.026328 0.038354
1.0 0.783320 0.785427 0.106266 0.161938
3.0 0.265055 0.842385 0.047359 0.072521
0.0 0.670734 0.784323 0.078031 0.069146
0.0 0.093648 0.810542 0.049859 0.045042
0.0 0.370047 0.763500 0.019062 0.039458
3.0 0.360961 0.817417 0.041641 0.023375
