3.0 0.324023 0.492389 0.075578 0.081077
1.0 0.787883 0.556932 0.220391 0.197752
0.0 0.715711 0.787014 0.161234 0.278712
1.0 0.425914 0.211827 0.048953 0.067494
3.0 0.612695 0.267681 0.012609 0.048337
0.0 0.515594 0.518888 0.227469 0.120398
0.0 0.155750 0.452775 0.196156 0.097728
0.0 0.248477 0.422272 0.113953 0.106370
0.0 0.235633 0.273724 0.054891 0.069227
0.0 0.209906 0.896253 0.197906 0.188759
0.0 0.659828 0.241370 0.048094 0.058384
0.0 0.731195 0.341546 0.086078 0.077892
0.0 0.943039 0.817974 0.113922 0.143817
0.0 0.864812 0.915785 0.267469 0.168431
0.0 0.450891 0.890597 0.152344 0.217260
0.0 0.231445 0.071511 0.034609 0.060211
0.0 0.385461 0.362342 0.078297 0.083232
0.0 0.496859 0.969415 0.146000 0.037658
3.0 0.752672 0.654801 0.044938 0.110632
3.0 0.018484 0.590878 0.036968 0.109578
0.0 0.048609 0.424742 0.094281 0.057447
0.0 0.339313 0.043595 0.023375 0.039555
0.0 0.431313 0.269157 0.059719 0.075316
0.0 0.499219 0.357143 0.995313 0.578454
0.0 0.088281 0.510539 0.176562 0.121780
0.0 0.511719 0.420375 0.151562 0.096019
0.0 0.842969 0.258782 0.073438 0.067916
0.0 0.599219 0.729508 0.132812 0.170960
0.0 0.652344 0.435597 0.148438 0.145199
0.0 0.182031 0.717799 0.135937 0.128806
0.0 0.424219 0.717799 0.164062 0.147541
0.0 0.336719 0.442623 0.095312 0.112412
0.0 0.890625 0.755269 0.146875 0.156909
0.0 0.195312 0.792740 0.146875 0.124122
0.0 0.475000 0.179157 0.043750 0.049180
