1.0 0.558930 0.510453 0.257380 0.290027
3.0 0.587530 0.402600 0.011140 0.025253
0.0 0.217000 0.365160 0.055280 0.045573
0.0 0.237680 0.401587 0.091000 0.036133
0.0 0.566930 0.716493 0.079860 0.156187
0.0 0.335750 0.699680 0.096740 0.189760
0.0 0.270140 0.558200 0.083640 0.084133
0.0 0.232580 0.666680 0.139080 0.190267
0.0 0.361120 0.594640 0.071480 0.102667
0.0 0.461540 0.688787 0.081800 0.180293
0.0 0.295790 0.496507 0.075020 0.101600
0.0 0.248180 0.434067 0.107960 0.067173
0.0 0.469310 0.592347 0.078020 0.097867
0.0 0.215700 0.486000 0.039880 0.046080
0.0 0.368000 0.469333 0.052000 0.053333
