0.0 0.307812 0.694444 0.171875 0.252778
0.0 0.406250 0.655556 0.054688 0.150000
0.0 0.128125 0.636111 0.075000 0.113889
0.0 0.220312 0.630556 0.043750 0.088889
0.0 0.467187 0.608333 0.053125 0.047222
0.0 0.660937 0.663889 0.148438 0.100000
0.0 0.535937 0.716667 0.253125 0.130556
0.0 0.660937 0.863889 0.671875 0.261111
0.0 0.182812 0.550000 0.043750 0.061111
3.0 0.175000 0.630556 0.017188 0.063889
3.0 0.142187 0.797222 0.056250 0.152778
3.0 0.045312 0.736111 0.045312 0.122222
3.0 0.782813 0.658333 0.040625 0.050000
0.0 0.953125 0.638889 0.087500 0.122222
