3.0 0.834547 0.713534 0.267563 0.460977
3.0 0.190898 0.745822 0.381796 0.449984
0.0 0.801766 0.560953 0.396469 0.374446
0.0 0.336148 0.375147 0.155734 0.187655
0.0 0.087797 0.371906 0.158219 0.139283
0.0 0.384531 0.351718 0.177219 0.166531
0.0 0.569156 0.423404 0.246281 0.194821
0.0 0.448969 0.314015 0.067562 0.107606
0.0 0.571133 0.278111 0.103516 0.062866
0.0 0.043672 0.301018 0.087000 0.080798
0.0 0.081102 0.266384 0.160984 0.083225
0.0 0.030242 0.470472 0.060484 0.263746
1.0 0.597211 0.238176 0.097203 0.050228
0.0 0.834406 0.309585 0.136875 0.122362
0.0 0.666102 0.346490 0.166766 0.083534
0.0 0.857922 0.238550 0.067250 0.039577
0.0 0.571094 0.301303 0.851562 0.377850
0.0 0.284375 0.254072 0.131250 0.052117
0.0 0.164844 0.275244 0.076563 0.055375
