0.0 0.874693 0.893101 0.093839 0.069063
0.0 0.832935 0.850613 0.083312 0.123315
0.0 0.789114 0.803479 0.062998 0.101023
0.0 0.732198 0.746008 0.047738 0.076739
0.0 0.716115 0.715658 0.040315 0.068012
4.0 0.712897 0.869221 0.045154 0.119705
4.0 0.653010 0.673743 0.017318 0.058430
4.0 0.626408 0.646241 0.016495 0.044771
4.0 0.667768 0.593403 0.010617 0.033103
0.0 0.656113 0.606968 0.017631 0.035002
0.0 0.641470 0.600521 0.012371 0.033578
0.0 0.615897 0.590092 0.012165 0.030164
0.0 0.639207 0.562961 0.010206 0.026274
3.0 0.585675 0.650326 0.008041 0.018970
4.0 0.623839 0.574061 0.008453 0.025800
0.0 0.541952 0.634397 0.020726 0.029121
0.0 0.530710 0.654791 0.019589 0.038891
0.0 0.474815 0.673390 0.025261 0.047144
4.0 0.451398 0.728311 0.013606 0.054066
4.0 0.404269 0.744538 0.019277 0.062318
0.0 0.418896 0.868979 0.083608 0.214086
0.0 0.367758 0.789123 0.042479 0.075316
0.0 0.352810 0.748054 0.023713 0.050083
1.0 0.384482 0.652726 0.039492 0.054354
3.0 0.368901 0.719407 0.008453 0.025800
4.0 0.301321 0.956549 0.053813 0.086902
4.0 0.228512 0.978204 0.044019 0.043592
0.0 0.302053 0.911015 0.053097 0.108420
0.0 0.148385 0.980128 0.121264 0.039744
0.0 0.191605 0.940908 0.114357 0.094770
0.0 0.217391 0.895756 0.110745 0.120664
3.0 0.329082 0.827352 0.016700 0.048185
3.0 0.320942 0.780972 0.008453 0.025800
0.0 0.322917 0.665918 0.049178 0.100641
