4.0 0.626563 0.731250 0.468750 0.522917
0.0 0.121875 0.600000 0.243750 0.789583
0.0 0.370312 0.787500 0.312500 0.416667
0.0 0.282813 0.631250 0.195312 0.152083
0.0 0.828125 0.454167 0.176563 0.202083
0.0 0.950000 0.402083 0.070312 0.143750
3.0 0.964063 0.541667 0.048438 0.122917
0.0 0.479687 0.470833 0.201563 0.225000
0.0 0.614062 0.491667 0.125000 0.181250
0.0 0.339062 0.458333 0.190625 0.177083
0.0 0.564063 0.229167 0.103125 0.093750
0.0 0.639062 0.381250 0.117188 0.089583
0.0 0.853125 0.325000 0.125000 0.100000
0.0 0.537500 0.352083 0.100000 0.054167
0.0 0.953125 0.310417 0.071875 0.072917
0.0 0.609375 0.312500 0.076563 0.052083
3.0 0.287500 0.333333 0.037500 0.052083
0.0 0.418750 0.272917 0.042188 0.050000
0.0 0.495312 0.241667 0.026562 0.037500
0.0 0.464062 0.250000 0.023438 0.037500
0.0 0.704688 0.304167 0.085938 0.075000
0.0 0.742188 0.341667 0.103125 0.072917
0.0 0.657813 0.277083 0.062500 0.062500
0.0 0.743750 0.272917 0.051562 0.043750
0.0 0.839063 0.252083 0.073438 0.064583
0.0 0.934375 0.243750 0.071875 0.062500
0.0 0.707812 0.239583 0.057813 0.039583
0.0 0.744531 0.418750 0.095312 0.116667
