0.0 0.238077 0.852356 0.242001 0.253452
3.0 0.378328 0.896861 0.075060 0.176079
0.0 0.467172 0.730416 0.136047 0.173833
0.0 0.569522 0.840709 0.150874 0.214007
0.0 0.611821 0.689123 0.113929 0.171640
0.0 0.590179 0.617431 0.109048 0.124159
0.0 0.761459 0.815231 0.068256 0.175405
4.0 0.661440 0.894020 0.081817 0.211961
0.0 0.681566 0.587547 0.052469 0.104726
0.0 0.745383 0.566057 0.041391 0.075982
0.0 0.718945 0.538399 0.056704 0.077500
1.0 0.814740 0.531206 0.074277 0.151121
1.0 0.759439 0.662031 0.116375 0.141473
4.0 0.714644 0.729917 0.051899 0.140609
4.0 0.830111 0.694075 0.043740 0.150858
4.0 0.150209 0.715681 0.076635 0.118180
4.0 0.120842 0.618189 0.098666 0.117600
0.0 0.088769 0.498172 0.099585 0.092810
4.0 0.262436 0.565464 0.042310 0.051192
0.0 0.770941 0.512954 0.036201 0.072703
0.0 0.799043 0.596413 0.064776 0.064478
0.0 0.857573 0.471471 0.035244 0.042198
0.0 0.876896 0.453915 0.024862 0.035639
0.0 0.878694 0.559801 0.039430 0.067494
0.0 0.686090 0.443342 0.050555 0.043716
0.0 0.245898 0.494278 0.080261 0.071543
