0.0 0.606250 0.602778 0.140625 0.169444
3.0 0.306250 0.733333 0.075000 0.213889
3.0 0.489062 0.630556 0.039062 0.113889
3.0 0.439063 0.608333 0.026562 0.083333
3.0 0.407813 0.597222 0.017188 0.047222
3.0 0.334375 0.594444 0.014063 0.044444
0.0 0.456250 0.541667 0.020313 0.025000
0.0 0.051562 0.625000 0.096875 0.105556
0.0 0.135938 0.597222 0.087500 0.075000
0.0 0.206250 0.586111 0.064062 0.058333
0.0 0.250000 0.566667 0.031250 0.036111
0.0 0.281250 0.563889 0.029687 0.036111
0.0 0.300000 0.554318 0.028125 0.044568
0.0 0.320312 0.551532 0.018750 0.033426
0.0 0.088281 0.576602 0.042188 0.044568
