0.0 0.739062 0.934579 0.209375 0.119159
0.0 0.914062 0.768692 0.150000 0.450935
0.0 0.453125 0.969626 0.123438 0.046729
0.0 0.253125 0.922897 0.203125 0.140187
0.0 0.351562 0.801402 0.145313 0.123832
0.0 0.721875 0.831776 0.145313 0.091121
0.0 0.404687 0.686916 0.100000 0.074766
0.0 0.546875 0.764019 0.229687 0.366822
0.0 0.701562 0.677570 0.071875 0.051402
0.0 0.725000 0.752336 0.076563 0.091121
0.0 0.725000 0.616822 0.090625 0.077103
0.0 0.834375 0.628505 0.076563 0.327103
0.0 0.867188 0.450935 0.079687 0.044393
0.0 0.843750 0.373832 0.070312 0.109813
0.0 0.800000 0.380841 0.012500 0.102804
0.0 0.834375 0.254673 0.037500 0.039720
0.0 0.815625 0.278037 0.034375 0.011682
0.0 0.818750 0.289720 0.039062 0.009346
0.0 0.821875 0.301402 0.045312 0.016355
0.0 0.760938 0.331776 0.039062 0.079439
0.0 0.771875 0.257009 0.034375 0.044393
0.0 0.806250 0.210280 0.012500 0.016355
0.0 0.226562 0.383178 0.121875 0.081776
0.0 0.442188 0.301402 0.042188 0.046729
0.0 0.475000 0.289720 0.020313 0.032710
0.0 0.509375 0.264019 0.040625 0.028037
0.0 0.567187 0.245327 0.035937 0.021028
0.0 0.631250 0.224299 0.026562 0.025701
0.0 0.675000 0.203271 0.007812 0.009346
0.0 0.776563 0.537383 0.039062 0.086449
0.0 0.765625 0.471963 0.026562 0.044393
0.0 0.792188 0.303738 0.006250 0.039720
0.0 0.604688 0.553738 0.070312 0.042056
0.0 0.645312 0.481308 0.045312 0.016355
0.0 0.678125 0.443925 0.046875 0.014019
0.0 0.687500 0.427570 0.040625 0.021028
0.0 0.695312 0.404206 0.039062 0.016355
0.0 0.703125 0.385514 0.034375 0.009346
0.0 0.701562 0.359813 0.010937 0.039720
0.0 0.779687 0.221963 0.028125 0.014019
0.0 0.460938 0.614486 0.087500 0.072430
0.0 0.582812 0.495327 0.042188 0.074766
0.0 0.590625 0.446262 0.051562 0.025701
0.0 0.631250 0.443925 0.020313 0.053738
0.0 0.656250 0.401869 0.021875 0.056075
0.0 0.051562 0.876168 0.100000 0.102804
0.0 0.254688 0.663551 0.073438 0.109813
0.0 0.068750 0.614486 0.071875 0.039720
0.0 0.026562 0.577103 0.042188 0.035047
0.0 0.056250 0.539720 0.053125 0.056075
0.0 0.009375 0.535047 0.018750 0.056075
0.0 0.071875 0.490654 0.050000 0.032710
0.0 0.240625 0.567757 0.023438 0.077103
0.0 0.285938 0.509346 0.065625 0.044393
0.0 0.328125 0.549065 0.026562 0.039720
0.0 0.237500 0.492991 0.015625 0.053738
0.0 0.306250 0.460280 0.026562 0.056075
0.0 0.325000 0.429907 0.018750 0.037383
0.0 0.360938 0.443925 0.048438 0.021028
0.0 0.451562 0.448598 0.031250 0.028037
0.0 0.475000 0.418224 0.029687 0.021028
0.0 0.446875 0.413551 0.023438 0.037383
0.0 0.475000 0.383178 0.040625 0.023364
0.0 0.460938 0.362150 0.026562 0.011682
0.0 0.471875 0.350467 0.029687 0.016355
0.0 0.450000 0.334112 0.031250 0.016355
0.0 0.517188 0.345794 0.028125 0.016355
0.0 0.565625 0.345794 0.032813 0.023364
0.0 0.478125 0.327103 0.006250 0.018692
0.0 0.721875 0.488318 0.028125 0.063084
0.0 0.715625 0.530374 0.050000 0.021028
0.0 0.681250 0.488318 0.020313 0.072430
0.0 0.650000 0.516355 0.048438 0.042056
0.0 0.643750 0.362150 0.029687 0.021028
3.0 0.809375 0.235981 0.006250 0.014019
0.0 0.284375 0.572430 0.054688 0.056075
0.0 0.098437 0.712617 0.065625 0.112150
0.0 0.028125 0.710280 0.056250 0.147196
0.0 0.270313 0.450935 0.045312 0.039720
0.0 0.332813 0.404206 0.014063 0.032710
0.0 0.425000 0.383178 0.032813 0.016355
0.0 0.431250 0.369159 0.031250 0.009346
0.0 0.415625 0.341121 0.023438 0.016355
0.0 0.659375 0.264019 0.014063 0.016355
0.0 0.718750 0.317757 0.010937 0.039720
0.0 0.618750 0.394860 0.051562 0.037383
0.0 0.382812 0.355140 0.039062 0.028037
3.0 0.354687 0.366822 0.014063 0.009346
0.0 0.526563 0.373832 0.045312 0.032710
0.0 0.723437 0.558411 0.068750 0.032710
0.0 0.756250 0.411215 0.048438 0.070093
0.0 0.728125 0.247664 0.029687 0.021028
0.0 0.715625 0.266355 0.025000 0.009346
0.0 0.542188 0.313084 0.043750 0.051402
0.0 0.500000 0.322430 0.032813 0.032710
0.0 0.600000 0.247664 0.023438 0.014019
0.0 0.625000 0.264019 0.026562 0.021028
0.0 0.164062 0.495327 0.104688 0.098131
0.0 0.196875 0.591121 0.050000 0.079439
0.0 0.303125 0.383178 0.026562 0.042056
0.0 0.576562 0.292056 0.014063 0.039720
0.0 0.664062 0.245327 0.017188 0.016355
0.0 0.664062 0.324766 0.042188 0.049065
0.0 0.514062 0.530374 0.095312 0.091121
0.0 0.696875 0.327103 0.009375 0.014019
0.0 0.695312 0.301402 0.018750 0.016355
0.0 0.025000 0.443925 0.050000 0.081776
0.0 0.107813 0.567757 0.053125 0.039720
0.0 0.371875 0.485981 0.070312 0.056075
0.0 0.376563 0.404206 0.064062 0.060748
0.0 0.217188 0.448598 0.012500 0.037383
