0.0 0.173930 0.603933 0.096035 0.110347
0.0 0.680828 0.571889 0.109270 0.196828
4.0 0.107937 0.644246 0.066769 0.200587
4.0 0.443280 0.537017 0.058983 0.122945
3.0 0.395320 0.806490 0.106797 0.387019
4.0 0.213434 0.573444 0.053534 0.114105
4.0 0.252812 0.534363 0.019343 0.049553
0.0 0.284625 0.524293 0.017887 0.040900
0.0 0.388425 0.519492 0.030031 0.052910
3.0 0.413668 0.515458 0.007073 0.028950
0.0 0.850684 0.712987 0.161339 0.574026
0.0 0.790527 0.515224 0.145116 0.192762
0.0 0.560806 0.560243 0.187890 0.389375
0.0 0.698682 0.518039 0.049123 0.085279
