0.0 0.723438 0.550000 0.101562 0.122222
0.0 0.960938 0.525000 0.065625 0.088889
0.0 0.871875 0.483333 0.023438 0.030556
0.0 0.109375 0.619444 0.214062 0.147222
0.0 0.353125 0.566667 0.175000 0.108333
0.0 0.220313 0.558333 0.082812 0.094444
0.0 0.345313 0.527778 0.142187 0.091667
0.0 0.285937 0.530556 0.056250 0.063889
0.0 0.531250 0.511111 0.107813 0.080556
0.0 0.475000 0.522222 0.062500 0.069444
0.0 0.442187 0.511111 0.040625 0.038889
0.0 0.620312 0.497222 0.064062 0.052778
0.0 0.664062 0.491667 0.031250 0.047222
0.0 0.715625 0.483333 0.025000 0.022222
0.0 0.690625 0.488889 0.023438 0.030556
3.0 0.987500 0.679666 0.025000 0.128134
0.0 0.985937 0.558496 0.028125 0.108635
0.0 0.806250 0.487465 0.031250 0.050139
