0.0 0.128990 0.665556 0.214500 0.175676
3.0 0.182550 0.736216 0.032780 0.044264
0.0 0.489950 0.706577 0.113020 0.064505
0.0 0.364500 0.648529 0.051240 0.054955
0.0 0.581590 0.649535 0.040860 0.059850
0.0 0.313790 0.592568 0.049380 0.049459
0.0 0.577620 0.491291 0.015040 0.018078
0.0 0.254850 0.593964 0.049180 0.042282
3.0 0.414140 0.693634 0.037040 0.035135
0.0 0.455380 0.527703 0.023840 0.025255
0.0 0.573600 0.553964 0.019120 0.036517
0.0 0.612080 0.536006 0.019240 0.027568
0.0 0.594330 0.507402 0.012740 0.020090
0.0 0.495520 0.520631 0.019800 0.024685
0.0 0.407780 0.606081 0.041400 0.047958
0.0 0.402380 0.560075 0.033080 0.041892
0.0 0.625000 0.566066 0.342000 0.225225
