0.0 0.423023 0.506396 0.154453 0.117000
0.0 0.260977 0.468354 0.050203 0.029042
0.0 0.120727 0.460500 0.041891 0.018167
0.0 0.064328 0.459250 0.038562 0.027208
0.0 0.317391 0.471406 0.045500 0.034229
3.0 0.300586 0.608187 0.074922 0.139500
1.0 0.634648 0.507531 0.283297 0.229896
0.0 0.009305 0.456385 0.018609 0.014687
3.0 0.605703 0.818667 0.198094 0.333125
3.0 0.419984 0.692990 0.104250 0.196229
3.0 0.876766 0.822281 0.143656 0.240604
3.0 0.852984 0.693927 0.122219 0.127604
3.0 0.762523 0.621760 0.096359 0.121854
3.0 0.199617 0.641437 0.091078 0.197875
3.0 0.071836 0.519802 0.032078 0.072813
3.0 0.018219 0.525677 0.025000 0.065937
3.0 0.026227 0.630469 0.052453 0.099812
3.0 0.348016 0.576771 0.038594 0.106667
3.0 0.581156 0.618042 0.107500 0.140208
0.0 0.278594 0.469073 0.033937 0.025062
3.0 0.135742 0.531260 0.021484 0.039062
3.0 0.504687 0.311458 0.987500 0.618750
3.0 0.110156 0.512500 0.026562 0.054167
3.0 0.932031 0.503125 0.064062 0.047917
