3.0 0.477602 0.672454 0.693859 0.641196
0.0 0.903883 0.344856 0.100016 0.063732
0.0 0.940102 0.354505 0.096234 0.072062
3.0 0.914938 0.389598 0.010187 0.029505
0.0 0.815719 0.305423 0.025000 0.025856
0.0 0.177477 0.321464 0.073391 0.030763
0.0 0.259813 0.314897 0.035313 0.028639
0.0 0.318555 0.307082 0.028359 0.016763
0.0 0.991633 0.447196 0.016391 0.038845
0.0 0.801789 0.304629 0.022266 0.025134
0.0 0.971336 0.389814 0.057328 0.109649
0.0 0.381563 0.307381 0.034531 0.017938
0.0 0.784367 0.293495 0.015578 0.021299
0.0 0.406352 0.306144 0.033422 0.021526
0.0 0.841031 0.314082 0.064750 0.038144
0.0 0.360938 0.304124 0.456250 0.092784
