0.0 0.865625 0.730556 0.265625 0.527778
0.0 0.751563 0.500000 0.171875 0.386111
0.0 0.665625 0.266667 0.104688 0.150000
0.0 0.618750 0.827778 0.178125 0.336111
0.0 0.250000 0.788889 0.195312 0.413889
0.0 0.404687 0.913889 0.160938 0.166667
0.0 0.326562 0.561111 0.112500 0.219444
0.0 0.368750 0.369444 0.079687 0.177778
0.0 0.446875 0.416667 0.076563 0.180556
0.0 0.457813 0.300000 0.056250 0.122222
0.0 0.393750 0.288889 0.048438 0.080556
0.0 0.398438 0.233333 0.046875 0.077778
0.0 0.460938 0.225000 0.050000 0.083333
0.0 0.420312 0.194444 0.031250 0.066667
0.0 0.464062 0.180556 0.034375 0.058333
0.0 0.514062 0.275000 0.029687 0.105556
0.0 0.601562 0.444444 0.170313 0.505556
0.0 0.434375 0.144444 0.028125 0.044444
3.0 0.409375 0.138889 0.012500 0.027778
0.0 0.471875 0.136111 0.029687 0.047222
0.0 0.507812 0.213889 0.026562 0.080556
0.0 0.500000 0.138889 0.021875 0.055556
0.0 0.596875 0.161111 0.076563 0.102778
0.0 0.581250 0.105556 0.057813 0.091667
0.0 0.535937 0.122222 0.045312 0.116667
0.0 0.545312 0.050000 0.039062 0.050000
0.0 0.514844 0.026389 0.029687 0.052778
0.0 0.471875 0.025000 0.029687 0.050000
0.0 0.484375 0.066667 0.023438 0.058333
0.0 0.442188 0.058333 0.015625 0.025000
0.0 0.437500 0.102778 0.028125 0.030556
0.0 0.073438 0.661111 0.143750 0.252778
0.0 0.176563 0.438889 0.117188 0.138889
0.0 0.067187 0.477778 0.134374 0.138889
0.0 0.040625 0.430556 0.078125 0.102778
0.0 0.156250 0.372222 0.104688 0.111111
0.0 0.087500 0.338889 0.092188 0.097222
0.0 0.035937 0.336111 0.070312 0.086111
0.0 0.035937 0.277778 0.067187 0.038889
0.0 0.029687 0.236111 0.050000 0.052778
0.0 0.137500 0.272222 0.050000 0.075000
0.0 0.192188 0.263889 0.050000 0.083333
0.0 0.093750 0.269444 0.053125 0.072222
0.0 0.089063 0.213889 0.039062 0.036111
0.0 0.087500 0.183333 0.048438 0.025000
0.0 0.137500 0.177778 0.039062 0.058333
0.0 0.162500 0.200000 0.048438 0.055556
0.0 0.250000 0.327778 0.085938 0.105556
0.0 0.296875 0.263889 0.056250 0.100000
0.0 0.204687 0.288889 0.040625 0.080556
0.0 0.254688 0.241667 0.046875 0.094444
0.0 0.318750 0.205556 0.053125 0.097222
0.0 0.278125 0.183333 0.043750 0.058333
0.0 0.254688 0.155556 0.034375 0.044444
0.0 0.357812 0.152778 0.031250 0.041667
0.0 0.329688 0.141667 0.025000 0.038889
0.0 0.292187 0.133333 0.032813 0.041667
0.0 0.268750 0.075000 0.045312 0.052778
0.0 0.375000 0.119444 0.021875 0.047222
0.0 0.414062 0.061111 0.017188 0.025000
0.0 0.379688 0.083333 0.018750 0.027778
0.0 0.320312 0.063889 0.020313 0.025000
