3.0 0.381758 0.722916 0.203328 0.494356
3.0 0.483492 0.686511 0.955047 0.591007
3.0 0.686602 0.606733 0.076297 0.282506
3.0 0.751906 0.595574 0.087031 0.244075
3.0 0.210508 0.558735 0.084109 0.304684
3.0 0.481992 0.558419 0.121453 0.343817
3.0 0.966133 0.783044 0.064797 0.254005
3.0 0.890664 0.495012 0.046328 0.069461
3.0 0.223039 0.538454 0.032672 0.195925
1.0 0.045172 0.183489 0.083531 0.100749
3.0 0.278289 0.460468 0.033328 0.108197
3.0 0.038164 0.451499 0.076328 0.267166
3.0 0.729703 0.469871 0.045062 0.095246
3.0 0.855469 0.758782 0.207813 0.459016
3.0 0.606250 0.754098 0.193750 0.435597
3.0 0.127344 0.651054 0.179688 0.529274
