0.0 0.612500 0.500000 0.271875 0.430556
0.0 0.529687 0.291667 0.296875 0.383333
0.0 0.785938 0.213889 0.114062 0.166667
0.0 0.764063 0.336111 0.042188 0.175000
4.0 0.295312 0.347222 0.075000 0.247222
4.0 0.098437 0.391667 0.118750 0.280556
0.0 0.953125 0.288889 0.082812 0.102778
0.0 0.709375 0.213889 0.053125 0.125000
4.0 0.198438 0.247222 0.059375 0.072222
4.0 0.037500 0.344444 0.062500 0.172222
4.0 0.370313 0.291667 0.035937 0.125000
4.0 0.253125 0.230556 0.025000 0.050000
4.0 0.345313 0.225000 0.021875 0.038889
4.0 0.023438 0.241667 0.035937 0.047222
0.0 0.987500 0.390278 0.025000 0.147222
0.0 0.932031 0.255556 0.060937 0.077778
0.0 0.985937 0.258333 0.028125 0.055556
