0.0 0.477527 0.695603 0.072330 0.103095
0.0 0.529144 0.904775 0.056621 0.087939
0.0 0.493997 0.941459 0.060157 0.080761
0.0 0.566649 0.873675 0.052228 0.082156
0.0 0.313997 0.653110 0.069952 0.087342
0.0 0.171030 0.815200 0.059321 0.088338
0.0 0.120667 0.875809 0.071302 0.087542
0.0 0.168248 0.898546 0.063371 0.088937
0.0 0.596107 0.613667 0.043269 0.067998
0.0 0.630506 0.650161 0.044448 0.065605
0.0 0.556223 0.660122 0.045799 0.065805
0.0 0.627916 0.709979 0.047320 0.068597
0.0 0.593606 0.754639 0.048670 0.068796
0.0 0.651171 0.750061 0.048327 0.063612
0.0 0.677381 0.704204 0.050363 0.074180
0.0 0.762316 0.677496 0.063735 0.114659
0.0 0.465956 0.788121 0.054757 0.079963
4.0 0.305519 0.863869 0.050706 0.079364
0.0 0.411043 0.670072 0.079746 0.093924
0.0 0.400329 0.749629 0.087011 0.102698
0.0 0.382695 0.830780 0.088532 0.105490
0.0 0.306039 0.505359 0.036689 0.069593
0.0 0.126629 0.476223 0.051371 0.069196
0.0 0.863796 0.647999 0.041083 0.075376
0.0 0.875352 0.741317 0.052953 0.133599
0.0 0.661946 0.607695 0.040398 0.065007
0.0 0.684105 0.561239 0.033475 0.061417
0.0 0.716189 0.550276 0.035681 0.074577
0.0 0.695633 0.510594 0.033132 0.056233
0.0 0.730588 0.497438 0.028074 0.060619
0.0 0.779842 0.536128 0.031460 0.071386
0.0 0.653618 0.836798 0.097511 0.140184
0.0 0.377306 0.128512 0.043611 0.073182
0.0 0.851075 0.881687 0.067333 0.169093
0.0 0.717244 0.678687 0.042604 0.078167
0.0 0.774207 0.600730 0.036518 0.067000
0.0 0.628060 0.563425 0.063865 0.076176
0.0 0.520302 0.626020 0.081096 0.094124
0.0 0.526608 0.736885 0.078738 0.098909
0.0 0.723057 0.776390 0.081117 0.114660
0.0 0.830355 0.493863 0.041274 0.098505
0.0 0.872534 0.515801 0.041446 0.101097
0.0 0.345196 0.511146 0.041275 0.098505
4.0 0.332146 0.564183 0.055421 0.069794
0.0 0.113408 0.531852 0.085319 0.097314
3.0 0.232668 0.790283 0.041747 0.065206
0.0 0.822891 0.359270 0.037525 0.062016
0.0 0.494845 0.247964 0.043420 0.050053
0.0 0.383318 0.367586 0.032982 0.074178
0.0 0.424551 0.321333 0.036518 0.067000
0.0 0.765372 0.486874 0.031480 0.091924
0.0 0.749231 0.421670 0.043611 0.073182
0.0 0.710205 0.455164 0.030623 0.078963
0.0 0.698991 0.356662 0.042947 0.083351
0.0 0.848168 0.575018 0.037395 0.100499
0.0 0.842774 0.223484 0.032488 0.086939
0.0 0.658737 0.264336 0.048155 0.061020
0.0 0.757606 0.315594 0.051028 0.064012
0.0 0.796832 0.423471 0.042604 0.078167
0.0 0.267156 0.392297 0.040932 0.093321
0.0 0.300087 0.729473 0.082645 0.097315
0.0 0.541209 0.815077 0.079256 0.086499
0.0 0.452316 0.891346 0.091752 0.093504
0.0 0.725984 0.608347 0.056301 0.083106
