0.0 0.056945 0.580125 0.022797 0.021617
0.0 0.083648 0.582255 0.026578 0.023326
0.0 0.111023 0.582164 0.022203 0.017995
0.0 0.858297 0.614966 0.021094 0.019590
0.0 0.070602 0.560866 0.019766 0.017403
0.0 0.119852 0.560979 0.017516 0.010342
0.0 0.141930 0.585216 0.023391 0.018952
0.0 0.031328 0.578588 0.028687 0.024875
0.0 0.033797 0.557540 0.016688 0.011708
1.0 0.943703 0.613713 0.031500 0.021868
1.0 0.954344 0.567768 0.019312 0.012255
1.0 0.846180 0.595695 0.042047 0.027608
1.0 0.910789 0.610034 0.028359 0.028087
1.0 0.884148 0.611936 0.020734 0.021458
1.0 0.168063 0.596253 0.033750 0.027175
0.0 0.067180 0.541674 0.019016 0.015467
0.0 0.504688 0.505695 0.937500 0.173121
