3.0 0.739758 0.679363 0.161734 0.210347
3.0 0.670742 0.402616 0.048609 0.066759
3.0 0.725047 0.406667 0.049312 0.059676
3.0 0.964383 0.386713 0.037078 0.030648
3.0 0.837250 0.410637 0.035406 0.063542
3.0 0.881523 0.417037 0.070641 0.094583
3.0 0.839813 0.380799 0.030000 0.036458
3.0 0.778898 0.382998 0.014984 0.032199
3.0 0.208250 0.676979 0.127156 0.246505
3.0 0.243680 0.555336 0.056359 0.051875
3.0 0.100328 0.519282 0.200656 0.254074
3.0 0.207984 0.664444 0.130625 0.263472
3.0 0.813570 0.451782 0.080141 0.075231
3.0 0.496094 0.460648 0.992188 0.166667
3.0 0.967187 0.460648 0.062500 0.106481
