0.0 0.185156 0.523611 0.370312 0.358333
0.0 0.582812 0.622222 0.306250 0.375000
0.0 0.832812 0.461111 0.096875 0.116667
0.0 0.910937 0.433333 0.048438 0.088889
0.0 0.518750 0.425000 0.089063 0.083333
0.0 0.573438 0.380556 0.042188 0.044444
0.0 0.379688 0.391667 0.103125 0.116667
0.0 0.135937 0.800000 0.260937 0.397222
0.0 0.440625 0.427778 0.098437 0.100000
0.0 0.729688 0.480556 0.096875 0.158333
4.0 0.668750 0.383333 0.028125 0.052778
0.0 0.950000 0.438889 0.028125 0.105556
0.0 0.806250 0.386111 0.021875 0.033333
0.0 0.567187 0.484722 0.212500 0.169444
0.0 0.046875 0.513889 0.093750 0.172222
