0.0 0.397539 0.244167 0.048422 0.037042
0.0 0.506383 0.252885 0.120734 0.105063
3.0 0.819102 0.475281 0.357297 0.384271
3.0 0.523844 0.402448 0.303312 0.244896
3.0 0.406719 0.370958 0.213844 0.198125
3.0 0.289609 0.366125 0.063969 0.122542
3.0 0.204250 0.323427 0.128312 0.163771
3.0 0.185313 0.334594 0.123969 0.110854
0.0 0.075789 0.255135 0.049172 0.045354
0.0 0.196891 0.264281 0.082375 0.059146
0.0 0.338258 0.238937 0.069266 0.049833
0.0 0.151719 0.242625 0.029469 0.030292
0.0 0.778930 0.273031 0.442140 0.253937
0.0 0.968391 0.256031 0.063218 0.060312
0.0 0.049516 0.250000 0.018031 0.022417
0.0 0.201422 0.235688 0.053719 0.031292
3.0 0.372539 0.290635 0.083266 0.093562
