0.0 0.166036 0.525817 0.085599 0.052311
0.0 0.242436 0.527455 0.069637 0.042924
0.0 0.287732 0.528744 0.041142 0.029377
3.0 0.470574 0.537437 0.023876 0.024901
0.0 0.379032 0.527946 0.033226 0.013861
0.0 0.571578 0.547556 0.047176 0.024780
0.0 0.513151 0.540259 0.041384 0.019399
0.0 0.541535 0.542140 0.021399 0.013077
0.0 0.622313 0.545782 0.044214 0.032912
4.0 0.651293 0.556266 0.037937 0.047487
4.0 0.682043 0.558304 0.043022 0.049489
0.0 0.345209 0.529129 0.033934 0.017240
0.0 0.096215 0.703430 0.192430 0.304524
