1.0 0.482812 0.825658 0.107813 0.332237
0.0 0.776563 0.921053 0.100000 0.141447
0.0 0.106250 0.779605 0.064062 0.141447
0.0 0.165625 0.726974 0.062500 0.125000
0.0 0.242188 0.684211 0.046875 0.105263
3.0 0.195312 0.654605 0.028125 0.046053
3.0 0.203125 0.631579 0.028125 0.032895
3.0 0.198437 0.588816 0.023438 0.036184
0.0 0.231250 0.595395 0.048438 0.062500
4.0 0.287500 0.608553 0.023438 0.078947
4.0 0.326562 0.625000 0.023438 0.082237
4.0 0.354687 0.562500 0.017188 0.049342
4.0 0.334375 0.559211 0.017188 0.052632
4.0 0.365625 0.526316 0.014063 0.046053
4.0 0.371875 0.496711 0.010937 0.039474
0.0 0.335938 0.506579 0.028125 0.046053
0.0 0.385937 0.519737 0.017188 0.046053
4.0 0.423438 0.467105 0.009375 0.029605
0.0 0.428125 0.440789 0.020313 0.049342
0.0 0.353125 0.490132 0.014063 0.036184
1.0 0.479687 0.467105 0.021875 0.065789
4.0 0.512500 0.536184 0.012500 0.052632
4.0 0.528125 0.542763 0.014063 0.049342
4.0 0.501563 0.463816 0.006250 0.029605
4.0 0.514062 0.470395 0.007812 0.029605
4.0 0.498437 0.437500 0.006250 0.016447
0.0 0.507812 0.450658 0.007812 0.026316
0.0 0.532813 0.450658 0.010937 0.026316
0.0 0.526563 0.444079 0.009375 0.019737
0.0 0.550000 0.513158 0.025000 0.059211
0.0 0.565625 0.493421 0.017188 0.039474
4.0 0.554688 0.598684 0.017188 0.059211
0.0 0.542188 0.680921 0.031250 0.115132
4.0 0.576562 0.717105 0.026562 0.118421
4.0 0.612500 0.713816 0.028125 0.111842
4.0 0.600000 0.661184 0.018750 0.095395
4.0 0.576562 0.621711 0.021875 0.069079
3.0 0.359375 0.657895 0.020313 0.078947
4.0 0.800000 0.786184 0.095312 0.161184
3.0 0.731250 0.680921 0.039062 0.039474
3.0 0.751563 0.694079 0.039062 0.039474
3.0 0.712500 0.661184 0.040625 0.049342
3.0 0.673438 0.621711 0.031250 0.036184
0.0 0.614062 0.628289 0.034375 0.065789
0.0 0.628125 0.588816 0.071875 0.042763
0.0 0.606250 0.575658 0.051562 0.036184
0.0 0.596875 0.559211 0.068750 0.049342
4.0 0.504687 0.437500 0.004687 0.016447
0.0 0.515625 0.424342 0.006250 0.016447
1.0 0.504687 0.401316 0.009375 0.023026
