0.0 0.742507 0.847567 0.161927 0.287642
0.0 0.698642 0.623474 0.103616 0.148783
0.0 0.321042 0.840600 0.145500 0.265554
0.0 0.414763 0.472325 0.056164 0.098647
0.0 0.619917 0.470219 0.059250 0.088078
0.0 0.711434 0.511546 0.087047 0.115991
0.0 0.579790 0.572968 0.080769 0.129102
0.0 0.502163 0.580423 0.067889 0.131236
0.0 0.485543 0.494038 0.056128 0.095971
0.0 0.298892 0.440688 0.060581 0.066736
0.0 0.492924 0.424726 0.048056 0.095632
0.0 0.618038 0.368386 0.040995 0.049865
0.0 0.659477 0.410290 0.054087 0.063788
0.0 0.616886 0.333527 0.032711 0.033469
0.0 0.280125 0.394379 0.063808 0.066871
0.0 0.338344 0.388788 0.047488 0.052812
0.0 0.356492 0.360094 0.031168 0.038754
0.0 0.386259 0.307788 0.026112 0.022493
0.0 0.455531 0.321404 0.024712 0.038483
0.0 0.074206 0.575861 0.133968 0.125983
0.0 0.024992 0.565396 0.049984 0.107149
0.0 0.314450 0.363686 0.031203 0.041430
0.0 0.353690 0.327844 0.026254 0.033198
0.0 0.281739 0.394447 0.057281 0.061247
0.0 0.037315 0.750599 0.074629 0.177884
0.0 0.165721 0.617188 0.147806 0.196107
0.0 0.418115 0.584931 0.078251 0.182491
0.0 0.542303 0.841847 0.096646 0.231408
0.0 0.568755 0.674259 0.062001 0.173785
0.0 0.553803 0.462090 0.038158 0.079169
0.0 0.567251 0.422489 0.029874 0.062773
0.0 0.536721 0.410497 0.028330 0.068057
0.0 0.517599 0.390951 0.021696 0.054406
0.0 0.442668 0.438685 0.030016 0.073477
0.0 0.456079 0.401759 0.026645 0.062637
0.0 0.532446 0.367474 0.023026 0.033063
0.0 0.489643 0.306768 0.019797 0.032927
0.0 0.517298 0.291862 0.018006 0.019478
0.0 0.531898 0.287119 0.018113 0.027507
0.0 0.527482 0.254800 0.016462 0.024763
0.0 0.573443 0.320994 0.046336 0.087536
0.0 0.570889 0.270010 0.039062 0.025711
0.0 0.569631 0.243180 0.019726 0.027575
0.0 0.548716 0.236947 0.018361 0.046241
0.0 0.496420 0.282953 0.019691 0.024899
0.0 0.479602 0.333125 0.024889 0.051865
0.0 0.443662 0.363750 0.034752 0.065652
0.0 0.567748 0.385021 0.024534 0.025102
3.0 0.607785 0.410800 0.018397 0.048917
0.0 0.521416 0.225091 0.013163 0.019275
0.0 0.504705 0.267234 0.013198 0.021951
0.0 0.468941 0.284478 0.019868 0.038280
0.0 0.492004 0.250635 0.011512 0.016532
0.0 0.483577 0.277058 0.009970 0.021816
0.0 0.496988 0.240133 0.009863 0.013788
0.0 0.506532 0.251245 0.011477 0.013855
0.0 0.227544 0.461795 0.051108 0.082386
0.0 0.192351 0.436219 0.046158 0.074155
0.0 0.259317 0.380117 0.031416 0.057487
3.0 0.295221 0.352169 0.018184 0.032859
4.0 0.191766 0.358540 0.090099 0.102745
3.0 0.314876 0.331571 0.013305 0.029981
3.0 0.295257 0.349492 0.013447 0.040686
3.0 0.277500 0.348748 0.015062 0.040753
0.0 0.357238 0.303893 0.016462 0.024763
0.0 0.389736 0.289189 0.014778 0.019343
0.0 0.415671 0.282244 0.011583 0.021884
0.0 0.386579 0.283702 0.019655 0.022222
0.0 0.407671 0.276553 0.014849 0.024696
0.0 0.435291 0.264322 0.014742 0.016667
0.0 0.420797 0.261037 0.014849 0.024696
0.0 0.435468 0.250941 0.011441 0.011179
0.0 0.450138 0.240845 0.016498 0.027440
0.0 0.500465 0.221534 0.013127 0.016599
4.0 0.863174 0.517911 0.075783 0.118193
4.0 0.951781 0.535016 0.085362 0.110571
3.0 0.196851 0.827358 0.094997 0.228664
0.0 0.164411 0.472535 0.057636 0.088010
0.0 0.118379 0.411695 0.052473 0.063721
3.0 0.118868 0.861576 0.115201 0.170667
0.0 0.621522 0.531875 0.044793 0.092820
