0.0 0.404171 0.550616 0.379027 0.158231
0.0 0.124184 0.512252 0.231900 0.126073
0.0 0.659336 0.524940 0.076841 0.036400
3.0 0.813089 0.553263 0.035569 0.026203
3.0 0.783270 0.545544 0.032346 0.021954
0.0 0.872032 0.549638 0.084783 0.041228
3.0 0.992083 0.557781 0.015834 0.025500
3.0 0.967357 0.568093 0.031424 0.028266
4.0 0.981686 0.546805 0.014389 0.013329
0.0 0.931549 0.543374 0.043799 0.032352
0.0 0.903515 0.538585 0.016461 0.012297
0.0 0.539062 0.526473 0.171352 0.080104
0.0 0.608049 0.526791 0.055253 0.042751
