0.0 0.923438 0.302778 0.150000 0.211111
0.0 0.485938 0.444444 0.228125 0.450000
0.0 0.820312 0.725000 0.356250 0.538889
0.0 0.576562 0.788889 0.196875 0.416667
0.0 0.271875 0.797222 0.225000 0.400000
0.0 0.340625 0.391667 0.064062 0.119444
0.0 0.748437 0.400000 0.156250 0.125000
3.0 0.120313 0.844444 0.120313 0.305556
4.0 0.314063 0.522222 0.085938 0.163889
4.0 0.229687 0.511111 0.084375 0.172222
0.0 0.639062 0.369444 0.078125 0.108333
0.0 0.684375 0.258333 0.078125 0.066667
3.0 0.271094 0.527778 0.048438 0.161111
