0.0 0.518750 0.904167 0.287500 0.185417
0.0 0.153125 0.868750 0.300000 0.256250
0.0 0.190625 0.679167 0.325000 0.283333
0.0 0.367188 0.743750 0.209375 0.385417
0.0 0.529687 0.681250 0.118750 0.254167
0.0 0.367188 0.525000 0.137500 0.089583
0.0 0.484375 0.508333 0.092188 0.104167
0.0 0.565625 0.564583 0.090625 0.122917
0.0 0.606250 0.514583 0.112500 0.108333
0.0 0.576562 0.458333 0.114062 0.060417
0.0 0.659375 0.472917 0.090625 0.102083
0.0 0.936719 0.729167 0.126562 0.083333
0.0 0.831250 0.641667 0.135937 0.222917
0.0 0.812500 0.500000 0.060937 0.064583
0.0 0.835938 0.422917 0.032813 0.052083
0.0 0.718750 0.452083 0.028125 0.072917
0.0 0.696875 0.395833 0.053125 0.037500
0.0 0.740625 0.429167 0.029687 0.052083
0.0 0.765625 0.418750 0.015625 0.037500
0.0 0.750000 0.381250 0.034375 0.027083
0.0 0.932813 0.643750 0.067187 0.079167
0.0 0.876562 0.545833 0.050000 0.052083
0.0 0.718750 0.537500 0.056250 0.052083
0.0 0.282813 0.525000 0.043750 0.031250
0.0 0.221875 0.481250 0.034375 0.047917
0.0 0.681250 0.581250 0.062500 0.066667
0.0 0.850000 0.491667 0.028125 0.045833
0.0 0.864063 0.466667 0.021875 0.035417
0.0 0.867188 0.441667 0.017188 0.014583
0.0 0.810938 0.437500 0.025000 0.020833
0.0 0.932031 0.840625 0.135937 0.310417
