0.0 0.643750 0.886111 0.139063 0.222222
0.0 0.651563 0.516667 0.092188 0.116667
0.0 0.895312 0.605556 0.189062 0.119444
0.0 0.059375 0.663889 0.118750 0.138889
0.0 0.150000 0.500000 0.093750 0.111111
0.0 0.200000 0.419444 0.053125 0.052778
3.0 0.217188 0.447222 0.021875 0.069444
0.0 0.107813 0.472222 0.065625 0.086111
0.0 0.103125 0.450000 0.064062 0.069444
0.0 0.030469 0.601389 0.060937 0.080556
4.0 0.085938 0.386111 0.095312 0.111111
0.0 0.024219 0.518056 0.048438 0.086111
3.0 0.110937 0.866667 0.079687 0.191667
0.0 0.215625 0.875000 0.143750 0.244444
3.0 0.040625 0.947222 0.071875 0.100000
0.0 0.315625 0.680556 0.064062 0.172222
0.0 0.385937 0.827778 0.123438 0.330556
0.0 0.507812 0.816667 0.084375 0.233333
0.0 0.565625 0.702778 0.071875 0.177778
0.0 0.482812 0.680556 0.059375 0.147222
0.0 0.440625 0.633333 0.050000 0.155556
0.0 0.376563 0.600000 0.050000 0.138889
0.0 0.475000 0.555556 0.039062 0.102778
0.0 0.587500 0.447222 0.046875 0.088889
0.0 0.525000 0.447222 0.089063 0.200000
0.0 0.453125 0.477778 0.046875 0.119444
0.0 0.320312 0.502778 0.062500 0.141667
0.0 0.398438 0.516667 0.054688 0.127778
0.0 0.384375 0.466667 0.053125 0.130556
0.0 0.387500 0.405556 0.035937 0.066667
0.0 0.435937 0.422222 0.040625 0.091667
0.0 0.456250 0.355556 0.029687 0.050000
0.0 0.421875 0.369444 0.031250 0.047222
0.0 0.418750 0.341667 0.025000 0.033333
0.0 0.385937 0.355556 0.034375 0.055556
0.0 0.348438 0.361111 0.028125 0.080556
0.0 0.331250 0.425000 0.045312 0.047222
0.0 0.387500 0.319444 0.023438 0.036111
0.0 0.379688 0.288889 0.018750 0.025000
0.0 0.401562 0.294444 0.017188 0.036111
0.0 0.440625 0.300000 0.025000 0.038889
0.0 0.454688 0.330556 0.026562 0.047222
0.0 0.456250 0.291667 0.020313 0.030556
0.0 0.470313 0.275000 0.017188 0.030556
0.0 0.487500 0.305556 0.015625 0.033333
0.0 0.503125 0.333333 0.043750 0.044444
0.0 0.509375 0.319444 0.045312 0.063889
0.0 0.448437 0.250000 0.020313 0.066667
0.0 0.470313 0.250000 0.018750 0.038889
0.0 0.426563 0.286111 0.018750 0.033333
0.0 0.404687 0.272222 0.015625 0.019444
0.0 0.420312 0.266667 0.010937 0.022222
0.0 0.440625 0.300000 0.025000 0.036111
0.0 0.385937 0.272222 0.017188 0.025000
0.0 0.201563 0.361111 0.029687 0.052778
0.0 0.257812 0.375000 0.035937 0.044444
0.0 0.268750 0.327778 0.021875 0.036111
4.0 0.748437 0.513889 0.060937 0.113889
4.0 0.825000 0.519444 0.076563 0.108333
4.0 0.867188 0.513889 0.025000 0.077778
0.0 0.017188 0.441667 0.032813 0.061111
3.0 0.209375 0.311111 0.015625 0.036111
0.0 0.254688 0.322222 0.017188 0.041667
0.0 0.284375 0.311111 0.017188 0.033333
0.0 0.295312 0.327778 0.026562 0.038889
0.0 0.301563 0.294444 0.021875 0.030556
0.0 0.320312 0.286111 0.017188 0.022222
0.0 0.332813 0.263889 0.009375 0.022222
0.0 0.362500 0.255556 0.010937 0.016667
0.0 0.348438 0.258333 0.012500 0.019444
0.0 0.362500 0.338889 0.018750 0.038889
0.0 0.393750 0.252778 0.012500 0.011111
0.0 0.432812 0.258333 0.010937 0.016667
3.0 0.140625 0.405556 0.021875 0.058333
3.0 0.732031 0.840278 0.057813 0.136111
