0.0 0.918750 0.527778 0.162500 0.272222
3.0 0.810938 0.675000 0.054688 0.163889
0.0 0.692188 0.658333 0.151562 0.241667
0.0 0.084375 0.747222 0.164062 0.322222
0.0 0.168750 0.527778 0.148438 0.105556
0.0 0.207812 0.588889 0.068750 0.088889
0.0 0.464063 0.700000 0.245312 0.272222
0.0 0.634375 0.575000 0.067187 0.136111
0.0 0.571875 0.569444 0.062500 0.080556
0.0 0.270312 0.569444 0.059375 0.055556
0.0 0.464063 0.530556 0.059375 0.058333
0.0 0.406250 0.550000 0.073438 0.055556
0.0 0.507812 0.530556 0.031250 0.036111
0.0 0.675000 0.526462 0.040625 0.038997
