0.0 0.450000 0.708333 0.762500 0.577778
0.0 0.098437 0.572222 0.193750 0.647222
0.0 0.246875 0.372222 0.271875 0.338889
0.0 0.334375 0.300000 0.179688 0.238889
0.0 0.046875 0.233333 0.093750 0.069444
0.0 0.159375 0.219444 0.195312 0.088889
0.0 0.296875 0.172222 0.125000 0.061111
0.0 0.423438 0.172222 0.079687 0.136111
0.0 0.560937 0.283333 0.134375 0.280556
0.0 0.912500 0.475000 0.170313 0.550000
0.0 0.682813 0.372222 0.248438 0.288889
0.0 0.767188 0.308333 0.150000 0.291667
0.0 0.679688 0.175000 0.095312 0.108333
0.0 0.835938 0.169444 0.096875 0.077778
0.0 0.932813 0.194444 0.132812 0.069444
0.0 0.979688 0.138889 0.035937 0.066667
0.0 0.920312 0.136111 0.065625 0.083333
0.0 0.881250 0.116667 0.023438 0.047222
0.0 0.801562 0.111111 0.093750 0.075000
0.0 0.545312 0.169444 0.168750 0.172222
0.0 0.025000 0.177778 0.048438 0.077778
4.0 0.103125 0.136111 0.040625 0.102778
4.0 0.296875 0.127778 0.060937 0.052778
0.0 0.209375 0.150000 0.093750 0.088889
0.0 0.745313 0.141667 0.056250 0.052778
0.0 0.960938 0.150000 0.023438 0.052778
0.0 0.710938 0.122222 0.087500 0.044444
