0.0 0.758333 0.726562 0.275000 0.200000
4.0 0.422917 0.592187 0.089583 0.060937
0.0 0.366667 0.589063 0.050000 0.046875
4.0 0.304167 0.593750 0.066667 0.064062
4.0 0.270833 0.575000 0.081250 0.035937
4.0 0.079167 0.585938 0.120833 0.060937
4.0 0.479167 0.573438 0.031250 0.042188
4.0 0.939583 0.565625 0.020833 0.023438
0.0 0.920833 0.560937 0.018750 0.014063
4.0 0.600000 0.587500 0.039583 0.054688
4.0 0.664583 0.579688 0.035417 0.045312
0.0 0.729167 0.576562 0.058333 0.026562
4.0 0.554167 0.564063 0.022917 0.028125
0.0 0.764583 0.568750 0.039583 0.021875
4.0 0.710417 0.556250 0.014583 0.018750
0.0 0.766667 0.551562 0.020833 0.010937
0.0 0.750000 0.540625 0.016667 0.006250
0.0 0.656250 0.554688 0.018750 0.010937
4.0 0.729167 0.554688 0.016667 0.014063
0.0 0.695833 0.550000 0.014583 0.009375
