3.0 0.301687 0.817979 0.296625 0.364042
3.0 0.130625 0.842698 0.251125 0.310104
3.0 0.644852 0.591885 0.122797 0.313771
3.0 0.718922 0.552802 0.157719 0.200063
3.0 0.775117 0.507021 0.114453 0.193792
3.0 0.456742 0.767417 0.208984 0.348333
3.0 0.697750 0.593823 0.101125 0.188771
3.0 0.817359 0.495906 0.075500 0.163271
3.0 0.754766 0.508615 0.117406 0.145313
3.0 0.561117 0.685187 0.188891 0.288875
3.0 0.932430 0.396854 0.043672 0.124375
3.0 0.892867 0.436375 0.060234 0.128000
3.0 0.824258 0.476104 0.112703 0.154000
