0.0 0.686564 0.817025 0.429006 0.314090
0.0 0.825713 0.643069 0.348574 0.259650
0.0 0.252025 0.605161 0.188531 0.131307
0.0 0.439749 0.637309 0.181403 0.118456
0.0 0.344901 0.600425 0.081645 0.088496
0.0 0.428434 0.572772 0.178906 0.094005
4.0 0.502879 0.614794 0.061161 0.076643
3.0 0.559583 0.633004 0.052925 0.080604
4.0 0.089370 0.529397 0.025150 0.051046
0.0 0.009553 0.543127 0.019105 0.071610
0.0 0.025538 0.522607 0.043627 0.053012
0.0 0.228789 0.544227 0.024170 0.021919
0.0 0.206952 0.541905 0.022654 0.026595
0.0 0.305404 0.571865 0.036582 0.042587
