0.0 0.011719 0.729167 0.023438 0.158333
0.0 0.415625 0.255556 0.212500 0.255556
0.0 0.437500 0.458333 0.262500 0.413889
0.0 0.768750 0.327778 0.137500 0.297222
0.0 0.739062 0.027778 0.087500 0.055556
0.0 0.617188 0.850000 0.217188 0.297222
0.0 0.656250 0.316667 0.095312 0.158333
0.0 0.571875 0.244444 0.079687 0.113889
0.0 0.603125 0.155556 0.070312 0.094444
0.0 0.679688 0.163889 0.068750 0.097222
0.0 0.717187 0.100000 0.050000 0.072222
0.0 0.870313 0.052778 0.037500 0.072222
0.0 0.826562 0.177778 0.057813 0.105556
0.0 0.982812 0.786111 0.031250 0.394444
0.0 0.987500 0.316667 0.021875 0.147222
0.0 0.989062 0.211111 0.020313 0.091667
0.0 0.985938 0.125000 0.025000 0.122222
0.0 0.984375 0.061111 0.028125 0.058333
0.0 0.984375 0.027778 0.028125 0.055556
0.0 0.684375 0.069444 0.050000 0.075000
0.0 0.778125 0.102778 0.065625 0.105556
0.0 0.756250 0.044444 0.039062 0.036111
0.0 0.734375 0.200000 0.051562 0.113889
0.0 0.685937 0.488889 0.078125 0.205556
0.0 0.485938 0.741667 0.117188 0.288889
3.0 0.268750 0.936111 0.079687 0.125000
3.0 0.093750 0.550000 0.101562 0.086111
3.0 0.195312 0.463889 0.085938 0.088889
3.0 0.273438 0.588889 0.068750 0.166667
3.0 0.871875 0.141667 0.021875 0.047222
0.0 0.820312 0.038889 0.029687 0.061111
0.0 0.806250 0.023611 0.018750 0.047222
0.0 0.842187 0.025000 0.015625 0.050000
3.0 0.681250 0.102778 0.021875 0.030556
