0.0 0.179133 0.329649 0.052484 0.040468
0.0 0.720172 0.367728 0.066094 0.051288
0.0 0.858672 0.373888 0.050219 0.063466
0.0 0.664875 0.354098 0.076469 0.068244
0.0 0.604914 0.358888 0.057609 0.052248
0.0 0.570273 0.350913 0.072609 0.058454
0.0 0.033141 0.322213 0.056781 0.025691
0.0 0.637766 0.310246 0.041844 0.021429
0.0 0.435094 0.336077 0.097562 0.061475
0.0 0.965703 0.390691 0.068594 0.056042
0.0 0.570930 0.305410 0.036016 0.022576
0.0 0.356672 0.344403 0.016094 0.033864
0.0 0.736023 0.314883 0.035609 0.026440
0.0 0.706250 0.312646 0.046875 0.030445
