3.0 0.967195 0.443950 0.065609 0.274262
3.0 0.905617 0.374802 0.100703 0.152599
3.0 0.257055 0.446975 0.102016 0.312786
3.0 0.398445 0.151892 0.067016 0.161538
3.0 0.549477 0.604044 0.233016 0.433368
3.0 0.362000 0.655031 0.286219 0.429979
3.0 0.420789 0.376351 0.100734 0.166632
3.0 0.480672 0.336476 0.083562 0.091247
3.0 0.300203 0.407328 0.086438 0.144886
3.0 0.469016 0.153545 0.142344 0.163472
3.0 0.926242 0.544615 0.147516 0.423617
3.0 0.532031 0.281705 0.104688 0.185031
3.0 0.605469 0.296258 0.067187 0.101871
