0.0 0.524836 0.622459 0.118984 0.311522
0.0 0.644734 0.547646 0.063656 0.108923
0.0 0.111633 0.880023 0.180297 0.192365
0.0 0.685898 0.457307 0.055484 0.078642
0.0 0.335180 0.505867 0.064141 0.074590
0.0 0.287086 0.574157 0.088453 0.105597
0.0 0.441758 0.367728 0.071297 0.041311
0.0 0.627563 0.351721 0.025219 0.032670
0.0 0.620859 0.339824 0.023031 0.034169
0.0 0.381117 0.441218 0.040234 0.043560
0.0 0.367016 0.467658 0.051844 0.060141
0.0 0.446547 0.336347 0.025062 0.021265
0.0 0.825375 0.709871 0.144969 0.249391
0.0 0.206969 0.683302 0.135500 0.174239
1.0 0.305195 0.368794 0.038484 0.066487
0.0 0.458695 0.330574 0.018516 0.024333
0.0 0.380469 0.496487 0.501563 0.590164
0.0 0.394531 0.411007 0.039062 0.044496
