0.0 0.069170 0.762370 0.138340 0.445145
0.0 0.147110 0.680838 0.097540 0.263642
0.0 0.073330 0.700853 0.143180 0.350087
0.0 0.958810 0.624191 0.043300 0.061965
0.0 0.072410 0.760665 0.144620 0.451676
0.0 0.298670 0.667413 0.093300 0.139335
0.0 0.455090 0.628656 0.027140 0.033208
0.0 0.197190 0.671474 0.026340 0.106474
0.0 0.254910 0.654350 0.013420 0.051185
3.0 0.220280 0.672341 0.016000 0.044277
0.0 0.386810 0.697023 0.145420 0.156069
3.0 0.579810 0.740434 0.038020 0.117630
3.0 0.236070 0.670043 0.021660 0.044653
0.0 0.918000 0.622832 0.064000 0.066474
