3.0 0.988245 0.865744 0.023510 0.069940
3.0 0.829747 0.723846 0.034143 0.053263
3.0 0.506426 0.528983 0.017603 0.053484
0.0 0.898896 0.888964 0.081032 0.161371
0.0 0.837732 0.819979 0.075913 0.159498
0.0 0.761735 0.738909 0.056476 0.124160
4.0 0.741899 0.788244 0.048469 0.127503
4.0 0.718037 0.649684 0.029950 0.083092
3.0 0.815187 0.665255 0.023113 0.039819
0.0 0.780528 0.659232 0.054232 0.076295
3.0 0.854293 0.746143 0.040706 0.052529
4.0 0.655830 0.550357 0.019574 0.057342
4.0 0.633643 0.542239 0.019310 0.054109
4.0 0.639036 0.497607 0.010639 0.028983
0.0 0.673559 0.526883 0.030993 0.055248
0.0 0.657810 0.504476 0.014316 0.033464
0.0 0.622751 0.524938 0.022460 0.052126
0.0 0.581675 0.446659 0.012610 0.032840
0.0 0.610298 0.440487 0.025209 0.024905
0.0 0.575248 0.417676 0.022460 0.052126
0.0 0.585362 0.401403 0.018910 0.028872
3.0 0.567095 0.474614 0.009460 0.034824
4.0 0.343424 0.825543 0.069761 0.226244
4.0 0.328096 0.690105 0.047691 0.158580
4.0 0.406620 0.632283 0.039673 0.121148
4.0 0.375786 0.557751 0.029034 0.092165
4.0 0.442090 0.542062 0.034542 0.078500
4.0 0.427785 0.523512 0.018130 0.059950
4.0 0.476897 0.481561 0.017340 0.050252
4.0 0.475591 0.454451 0.008933 0.028359
1.0 0.518605 0.659940 0.094316 0.263456
0.0 0.148537 0.769218 0.133295 0.233809
4.0 0.143654 0.602648 0.112806 0.185541
3.0 0.193293 0.554231 0.037556 0.054512
3.0 0.246210 0.530315 0.035586 0.050655
3.0 0.228617 0.530535 0.038473 0.045439
3.0 0.212203 0.537846 0.039000 0.051905
3.0 0.255532 0.523739 0.040706 0.052529
3.0 0.294004 0.504525 0.033353 0.043566
3.0 0.308185 0.503056 0.036239 0.038350
3.0 0.310681 0.493982 0.035976 0.035116
0.0 0.363976 0.530127 0.045046 0.085479
0.0 0.350070 0.485092 0.080484 0.073356
0.0 0.375016 0.480903 0.062893 0.060647
0.0 0.386573 0.468486 0.081801 0.089518
0.0 0.439488 0.444570 0.030867 0.074018
0.0 0.424265 0.415698 0.022197 0.048893
0.0 0.438973 0.407763 0.012083 0.026374
0.0 0.464972 0.390644 0.014053 0.030232
0.0 0.470882 0.382819 0.011820 0.023142
0.0 0.478098 0.402104 0.010639 0.028983
4.0 0.491488 0.410333 0.010376 0.025750
4.0 0.493721 0.404492 0.008933 0.028359
0.0 0.487559 0.372276 0.008143 0.018660
3.0 0.502128 0.387594 0.002761 0.013555
3.0 0.511451 0.381018 0.002497 0.010322
1.0 0.501348 0.354018 0.012083 0.026374
0.0 0.524187 0.375691 0.007617 0.012195
0.0 0.524977 0.365993 0.005646 0.008338
0.0 0.527737 0.353687 0.003940 0.007714
0.0 0.516708 0.359638 0.004203 0.010946
3.0 0.521828 0.361511 0.002497 0.010322
0.0 0.490582 0.356737 0.006173 0.014804
