4.0 0.806250 0.855556 0.209375 0.283333
4.0 0.642188 0.233333 0.081250 0.163889
0.0 0.131250 0.186111 0.129688 0.175000
0.0 0.401563 0.325000 0.276562 0.280556
4.0 0.484375 0.688889 0.140625 0.272222
4.0 0.631250 0.680556 0.160938 0.338889
0.0 0.128125 0.066667 0.067187 0.069444
0.0 0.592187 0.169444 0.190625 0.202778
4.0 0.920313 0.313889 0.093750 0.166667
4.0 0.745312 0.219444 0.076563 0.150000
4.0 0.368750 0.511111 0.103125 0.219444
0.0 0.117188 0.422222 0.142187 0.094444
4.0 0.279687 0.458333 0.078125 0.191667
4.0 0.221875 0.419444 0.034375 0.183333
4.0 0.098437 0.608333 0.078125 0.261111
4.0 0.182813 0.719444 0.096875 0.200000
4.0 0.418750 0.891667 0.123438 0.211111
4.0 0.575000 0.908333 0.203125 0.175000
4.0 0.328125 0.716667 0.187500 0.175000
4.0 0.526562 0.519444 0.090625 0.177778
4.0 0.653125 0.597222 0.146875 0.291667
4.0 0.871875 0.244444 0.065625 0.141667
4.0 0.182813 0.083333 0.021875 0.044444
4.0 0.015625 0.233333 0.028125 0.055556
4.0 0.043750 0.219444 0.029687 0.055556
0.0 0.060937 0.133333 0.118750 0.130556
4.0 0.462500 0.516667 0.120313 0.116667
4.0 0.204688 0.380556 0.054688 0.163889
4.0 0.032813 0.477778 0.050000 0.097222
0.0 0.882812 0.651389 0.234375 0.586111
3.0 0.700781 0.687500 0.054688 0.169444
0.0 0.259375 0.208333 0.075000 0.088889
3.0 0.015625 0.662500 0.028125 0.108333
