3.0 0.433305 0.573896 0.013672 0.059458
3.0 0.298633 0.716979 0.130172 0.248375
3.0 0.180688 0.750281 0.095500 0.241479
3.0 0.104898 0.768615 0.101703 0.212146
0.0 0.589883 0.578073 0.271047 0.138271
0.0 0.936062 0.595802 0.127875 0.116479
3.0 0.039352 0.646594 0.078703 0.112396
3.0 0.816930 0.521677 0.028641 0.039313
0.0 0.870875 0.529521 0.106531 0.080042
0.0 0.426133 0.484635 0.026891 0.025604
0.0 0.709883 0.487281 0.030953 0.030104
0.0 0.792703 0.490479 0.021313 0.014875
0.0 0.767016 0.486615 0.017063 0.026396
0.0 0.594188 0.501552 0.030844 0.015979
0.0 0.664328 0.499187 0.091625 0.016292
0.0 0.619648 0.488719 0.037828 0.032229
0.0 0.969672 0.497052 0.059156 0.047188
0.0 0.468922 0.486792 0.056094 0.031708
3.0 0.352016 0.714396 0.107969 0.228250
3.0 0.951172 0.537187 0.038375 0.049708
0.0 0.253742 0.548344 0.140234 0.094812
0.0 0.443750 0.505208 0.284375 0.085417
0.0 0.547656 0.520833 0.079687 0.058333
1.0 0.071094 0.457292 0.139063 0.139583
1.0 0.526562 0.482292 0.087500 0.035417
