0.0 0.167188 0.472222 0.228125 0.244444
0.0 0.010938 0.455556 0.017188 0.075000
0.0 0.489062 0.497222 0.050000 0.055556
0.0 0.406250 0.500000 0.064062 0.058333
4.0 0.351562 0.477778 0.026562 0.038889
4.0 0.335938 0.472222 0.018750 0.041667
0.0 0.579688 0.511111 0.031250 0.058333
0.0 0.731250 0.525000 0.053125 0.069444
0.0 0.673438 0.594444 0.264062 0.155556
4.0 0.785938 0.544444 0.037500 0.102778
4.0 0.842188 0.547222 0.028125 0.091667
0.0 0.928125 0.727778 0.143750 0.538889
0.0 0.717969 0.483333 0.242188 0.116667
