4.0 0.200000 0.907895 0.089063 0.164474
4.0 0.376563 0.822368 0.028125 0.105263
4.0 0.440625 0.717105 0.017188 0.069079
4.0 0.385938 0.756579 0.018750 0.072368
4.0 0.434375 0.615132 0.009375 0.036184
4.0 0.439063 0.572368 0.006250 0.023026
0.0 0.410937 0.773026 0.029687 0.105263
0.0 0.465625 0.707237 0.021875 0.078947
0.0 0.443750 0.661184 0.015625 0.039474
0.0 0.445312 0.618421 0.010937 0.039474
0.0 0.364062 0.746711 0.031250 0.075658
3.0 0.234375 0.825658 0.040625 0.032895
3.0 0.245313 0.799342 0.040625 0.039474
3.0 0.257812 0.796053 0.042188 0.042763
3.0 0.268750 0.782895 0.037500 0.042763
3.0 0.306250 0.733553 0.021875 0.026316
0.0 0.342187 0.713816 0.070312 0.055921
0.0 0.362500 0.697368 0.056250 0.042763
0.0 0.460938 0.578947 0.012500 0.023026
0.0 0.464063 0.559211 0.009375 0.013158
0.0 0.409375 0.631579 0.025000 0.065789
0.0 0.368750 0.671053 0.070312 0.052632
0.0 0.385938 0.611842 0.017188 0.046053
0.0 0.475000 0.608553 0.017188 0.039474
0.0 0.414062 0.569079 0.010937 0.026316
4.0 0.442187 0.536184 0.004687 0.013158
0.0 0.456250 0.523026 0.006250 0.013158
1.0 0.451562 0.503289 0.006250 0.019737
0.0 0.425000 0.542763 0.006250 0.013158
4.0 0.431250 0.539474 0.004687 0.016447
4.0 0.446875 0.532895 0.003125 0.013158
1.0 0.431250 0.519737 0.009375 0.016447
3.0 0.965625 0.835526 0.025000 0.055921
0.0 0.901563 0.894737 0.060937 0.138158
0.0 0.837500 0.891447 0.065625 0.134868
0.0 0.831250 0.822368 0.071875 0.065789
4.0 0.745312 0.782895 0.031250 0.078947
3.0 0.785938 0.776316 0.031250 0.046053
3.0 0.818750 0.773026 0.034375 0.032895
3.0 0.770313 0.713816 0.018750 0.032895
0.0 0.742188 0.720395 0.045312 0.059211
0.0 0.659375 0.733553 0.026562 0.082237
0.0 0.646875 0.677632 0.031250 0.046053
0.0 0.626563 0.628289 0.015625 0.042763
4.0 0.593750 0.631579 0.006250 0.046053
0.0 0.556250 0.582237 0.031250 0.065789
0.0 0.535938 0.569079 0.004687 0.019737
0.0 0.478125 0.542763 0.006250 0.013158
3.0 0.696094 0.776490 0.014063 0.036424
