0.0 0.421040 0.581322 0.097119 0.139281
0.0 0.327632 0.792954 0.150524 0.209269
3.0 0.605595 0.723682 0.074179 0.183181
0.0 0.508932 0.711840 0.101594 0.200997
3.0 0.678177 0.629544 0.063072 0.168122
0.0 0.642078 0.366957 0.102773 0.212964
0.0 0.638036 0.464424 0.088130 0.162003
3.0 0.876952 0.604661 0.060946 0.162820
0.0 0.734866 0.772243 0.178647 0.234267
0.0 0.429097 0.490005 0.061670 0.105044
3.0 0.762075 0.650294 0.057170 0.140764
0.0 0.534316 0.311699 0.089318 0.141492
0.0 0.422500 0.405718 0.055060 0.070504
0.0 0.678904 0.550376 0.110352 0.159641
3.0 0.728107 0.374709 0.036615 0.094923
0.0 0.528843 0.463884 0.123104 0.207694
0.0 0.044039 0.800693 0.088078 0.166306
3.0 0.706836 0.366530 0.033307 0.093893
4.0 0.687011 0.251825 0.032603 0.070473
0.0 0.579224 0.300185 0.026697 0.059354
0.0 0.599108 0.173116 0.039934 0.063475
0.0 0.545454 0.182420 0.042298 0.054931
0.0 0.478994 0.875342 0.169440 0.189639
3.0 0.845127 0.757649 0.063081 0.135644
