4.0 0.291667 0.475000 0.086111 0.087500
4.0 0.561111 0.487500 0.111111 0.101562
3.0 0.438889 0.460938 0.030556 0.057813
4.0 0.413889 0.440625 0.025000 0.034375
4.0 0.319444 0.443750 0.038889 0.042188
4.0 0.233333 0.434375 0.027778 0.029687
4.0 0.269444 0.432812 0.036111 0.025000
4.0 0.127778 0.429688 0.027778 0.015625
4.0 0.463889 0.434375 0.022222 0.021875
0.0 0.158333 0.417187 0.016667 0.007812
0.0 0.927778 0.454688 0.047222 0.023438
4.0 0.872222 0.453125 0.044444 0.037500
3.0 0.052778 0.467187 0.052778 0.040625
0.0 0.627778 0.443750 0.066667 0.018750
3.0 0.256944 0.486719 0.030556 0.048438
