3.0 0.587500 0.763889 0.800000 0.469444
0.0 0.075000 0.388889 0.148438 0.100000
0.0 0.245312 0.394444 0.021875 0.030556
4.0 0.273438 0.388889 0.010937 0.027778
0.0 0.332813 0.358333 0.092188 0.100000
0.0 0.406250 0.358333 0.039062 0.061111
0.0 0.428125 0.347222 0.007812 0.019444
0.0 0.460938 0.375000 0.010937 0.025000
0.0 0.439063 0.369444 0.023438 0.033333
0.0 0.532813 0.372222 0.010937 0.016667
0.0 0.546875 0.366667 0.012500 0.030556
0.0 0.564063 0.375000 0.009375 0.016667
0.0 0.584375 0.372222 0.014063 0.016667
0.0 0.653125 0.375000 0.026562 0.036111
0.0 0.615625 0.366667 0.042188 0.027778
4.0 0.609375 0.375000 0.006250 0.019444
4.0 0.687500 0.380556 0.012500 0.033333
4.0 0.673438 0.377778 0.010937 0.025000
3.0 0.770312 0.394444 0.025000 0.025000
3.0 0.754687 0.386111 0.012500 0.030556
