4.0 0.842664 0.727547 0.314672 0.445230
4.0 0.405013 0.620903 0.138877 0.346959
4.0 0.139059 0.732475 0.278118 0.512865
4.0 0.180294 0.669522 0.269154 0.390490
4.0 0.232184 0.598149 0.225678 0.298320
0.0 0.626416 0.550379 0.166783 0.339646
0.0 0.233793 0.453298 0.236459 0.262421
4.0 0.490168 0.459756 0.042295 0.122046
0.0 0.368047 0.397062 0.050280 0.093728
4.0 0.545117 0.478338 0.064236 0.170918
4.0 0.409908 0.449804 0.042552 0.056332
4.0 0.456438 0.447649 0.036269 0.085039
4.0 0.966444 0.391017 0.067111 0.145984
0.0 0.593891 0.387847 0.056564 0.065021
3.0 0.199514 0.839351 0.147235 0.277619
3.0 0.235474 0.739045 0.146398 0.219876
3.0 0.297150 0.635684 0.087730 0.148892
