0.0 0.315625 0.428906 0.112500 0.168750
0.0 0.262500 0.304688 0.098437 0.128125
0.0 0.075781 0.664062 0.151562 0.318750
0.0 0.416406 0.822656 0.179688 0.332813
0.0 0.487500 0.546875 0.117188 0.212500
0.0 0.491406 0.398438 0.081250 0.139063
0.0 0.512500 0.273438 0.067187 0.139063
0.0 0.510938 0.201563 0.057813 0.101562
0.0 0.492188 0.146094 0.051562 0.082812
0.0 0.480469 0.080469 0.053125 0.078125
0.0 0.415625 0.080469 0.054688 0.078125
0.0 0.307031 0.060937 0.048438 0.075000
0.0 0.417187 0.017188 0.028125 0.034375
0.0 0.337500 0.143750 0.046875 0.104688
0.0 0.392969 0.186719 0.060937 0.098437
