0.0 0.214063 0.794444 0.425000 0.394444
0.0 0.393750 0.619444 0.181250 0.155556
0.0 0.567188 0.566667 0.073438 0.088889
0.0 0.248437 0.563889 0.159375 0.063889
0.0 0.431250 0.519444 0.035937 0.036111
0.0 0.464063 0.527778 0.026562 0.044444
3.0 0.970313 0.636111 0.059375 0.133333
3.0 0.926562 0.605556 0.048438 0.097222
3.0 0.843750 0.594444 0.046875 0.080556
3.0 0.660938 0.588889 0.025000 0.075000
3.0 0.696875 0.563889 0.017188 0.052778
0.0 0.768750 0.561111 0.064062 0.122222
0.0 0.640625 0.533333 0.043750 0.083333
0.0 0.110938 0.550000 0.117188 0.100000
0.0 0.506250 0.550000 0.075000 0.091667
0.0 0.378125 0.527778 0.054688 0.052778
0.0 0.033594 0.576602 0.064062 0.083565
