3.0 0.596970 0.749424 0.806059 0.428240
0.0 0.047470 0.483102 0.061866 0.069036
4.0 0.163692 0.473657 0.094284 0.149536
0.0 0.190987 0.444158 0.124240 0.099530
0.0 0.300130 0.379589 0.162915 0.156548
0.0 0.409861 0.387803 0.044346 0.069658
0.0 0.397815 0.342899 0.048531 0.036316
3.0 0.986891 0.382339 0.026217 0.123177
3.0 0.959997 0.365592 0.023894 0.033799
3.0 0.898093 0.362204 0.025419 0.026718
4.0 0.873144 0.355040 0.022290 0.038460
4.0 0.846669 0.355317 0.024364 0.048320
4.0 0.784922 0.356769 0.014939 0.028060
0.0 0.679259 0.365137 0.021899 0.026359
0.0 0.652784 0.365413 0.025262 0.021878
0.0 0.628070 0.365510 0.014626 0.018379
0.0 0.657438 0.345513 0.057016 0.027534
0.0 0.731738 0.350063 0.089396 0.052552
0.0 0.813156 0.356313 0.027414 0.034158
4.0 0.725012 0.360462 0.018145 0.018738
4.0 0.703817 0.360199 0.019984 0.021338
4.0 0.765486 0.356327 0.016464 0.020979
