0.0 0.461922 0.908115 0.021469 0.017916
0.0 0.436711 0.911920 0.023234 0.011522
0.0 0.410398 0.913349 0.029516 0.015316
0.0 0.751117 0.881335 0.023984 0.024731
0.0 0.352305 0.915105 0.023797 0.012881
0.0 0.378039 0.916569 0.022016 0.012717
0.0 0.520906 0.904684 0.017875 0.012646
0.0 0.635492 0.894391 0.017266 0.010890
0.0 0.497039 0.906733 0.021234 0.013091
0.0 0.682328 0.891604 0.019813 0.010656
0.0 0.786297 0.884614 0.013156 0.007869
0.0 0.658344 0.895117 0.022125 0.010937
0.0 0.927117 0.865773 0.013359 0.006440
0.0 0.490625 0.899297 0.978125 0.098361
0.0 0.516406 0.891101 0.048438 0.035129
0.0 0.018750 0.970726 0.034375 0.053864
