0.0 0.402719 0.173643 0.050469 0.050481
0.0 0.402836 0.147090 0.039828 0.031947
0.0 0.691312 0.184234 0.045969 0.047287
0.0 0.337789 0.126105 0.024266 0.022757
3.0 0.881406 0.662429 0.211531 0.420963
1.0 0.863937 0.197505 0.049594 0.047527
0.0 0.111805 0.335438 0.135328 0.076521
3.0 0.658008 0.664858 0.185859 0.422538
3.0 0.771516 0.641663 0.100594 0.390941
3.0 0.492000 0.650438 0.095437 0.299037
3.0 0.432188 0.564967 0.055375 0.160438
3.0 0.321148 0.614103 0.119172 0.308643
3.0 0.403836 0.643107 0.082734 0.278643
3.0 0.143437 0.620088 0.133531 0.227834
3.0 0.258820 0.610295 0.055984 0.202298
3.0 0.052039 0.586160 0.086578 0.233282
3.0 0.213680 0.585460 0.060578 0.229781
3.0 0.025727 0.644694 0.029953 0.100941
3.0 0.571016 0.691477 0.082469 0.283829
