0.0 0.437563 0.800000 0.067031 0.057611
0.0 0.591328 0.772974 0.053687 0.053208
0.0 0.583906 0.753255 0.092844 0.072459
3.0 0.351703 0.798009 0.022531 0.027869
3.0 0.851352 0.792799 0.008078 0.033607
0.0 0.687570 0.752307 0.026359 0.032717
0.0 0.817984 0.744040 0.015844 0.018899
0.0 0.818797 0.770597 0.025719 0.028033
0.0 0.847820 0.739672 0.014453 0.019813
0.0 0.879859 0.775351 0.022562 0.032904
0.0 0.890461 0.721218 0.010672 0.010773
0.0 0.732883 0.737295 0.045203 0.056276
0.0 0.871203 0.716932 0.007969 0.007869
0.0 0.653422 0.743080 0.043438 0.045316
