0.0 0.322884 0.315703 0.069846 0.024594
0.0 0.273936 0.316195 0.064715 0.027859
0.0 0.535406 0.310969 0.062127 0.031313
3.0 0.034211 0.377461 0.058289 0.086578
3.0 0.045428 0.348031 0.090855 0.110937
3.0 0.108904 0.367781 0.072719 0.064312
3.0 0.143684 0.360961 0.053640 0.074422
3.0 0.169002 0.359500 0.070548 0.083625
3.0 0.242763 0.352391 0.076404 0.080625
3.0 0.291568 0.361109 0.038355 0.067094
3.0 0.015263 0.391961 0.030526 0.060047
3.0 0.312851 0.353805 0.044079 0.076797
3.0 0.199496 0.361109 0.052675 0.065187
0.0 0.271228 0.303984 0.058158 0.017688
0.0 0.706743 0.340703 0.136469 0.093937
0.0 0.771096 0.344992 0.080175 0.059109
