0.0 0.409405 0.708734 0.044503 0.023031
0.0 0.495721 0.708906 0.045361 0.024094
0.0 0.335975 0.702469 0.037719 0.017875
0.0 0.841101 0.717727 0.055029 0.030391
0.0 0.934240 0.722977 0.093509 0.044891
0.0 0.453168 0.702445 0.037797 0.026016
0.0 0.666238 0.706477 0.037973 0.022828
0.0 0.645448 0.707023 0.035068 0.017453
0.0 0.619103 0.695687 0.071735 0.021750
0.0 0.366179 0.678938 0.030799 0.011062
0.0 0.387251 0.702469 0.029825 0.023406
0.0 0.435955 0.703320 0.017875 0.020141
0.0 0.744649 0.714086 0.086374 0.027422
0.0 0.448343 0.690625 0.280702 0.040625
1.0 0.283626 0.690625 0.048733 0.034375
0.0 0.363548 0.696875 0.021442 0.015625
