3.0 0.557023 0.557240 0.045547 0.058479
0.0 0.651648 0.522417 0.028047 0.024833
0.0 0.944789 0.531302 0.072953 0.069396
0.0 0.987383 0.539937 0.023953 0.064708
0.0 0.799078 0.528604 0.039969 0.044250
1.0 0.168820 0.465917 0.337641 0.433708
0.0 0.627672 0.521708 0.023813 0.023875
0.0 0.590156 0.523188 0.042156 0.036625
0.0 0.840086 0.524823 0.033891 0.033063
0.0 0.879578 0.530281 0.114594 0.076771
1.0 0.760937 0.526854 0.061125 0.050542
0.0 0.686688 0.518104 0.050906 0.043250
0.0 0.609656 0.517833 0.016313 0.021750
0.0 0.709961 0.515646 0.009484 0.023000
