0.0 0.000000 0.000000 0.000001 0.000001
0.0 0.000000 0.000000 0.000001 0.000001
4.0 0.000000 0.000000 0.000001 0.000001
4.0 0.000000 0.000000 0.000001 0.000001
4.0 0.000000 0.000000 0.000001 0.000001
4.0 0.000000 0.000000 0.000001 0.000001
4.0 0.000000 0.000000 0.000001 0.000001
4.0 0.000000 0.000000 0.000001 0.000001
4.0 0.000000 0.000000 0.000001 0.000001
4.0 0.000000 0.000000 0.000001 0.000001
0.0 0.000000 0.000000 0.000001 0.000001
0.0 0.000000 0.000000 0.000001 0.000001
0.0 0.000000 0.000000 0.000001 0.000001
0.0 0.000000 0.000000 0.000001 0.000001
0.0 0.208000 0.594463 0.416000 0.397394
3.0 0.430222 0.565147 0.053333 0.117264
0.0 0.561333 0.578176 0.214222 0.332248
0.0 0.433333 0.395765 0.176889 0.140065
3.0 0.175111 0.860749 0.350222 0.265472
0.0 0.081333 0.355863 0.162666 0.109121
