0.0 0.547122 0.952611 0.029958 0.039878
0.0 0.534352 0.874791 0.023819 0.077340
0.0 0.551196 0.816694 0.018151 0.071550
0.0 0.525517 0.785857 0.020641 0.058190
0.0 0.539584 0.727946 0.020527 0.052773
0.0 0.520939 0.832283 0.013069 0.027927
0.0 0.570873 0.761119 0.008846 0.024939
0.0 0.564460 0.720856 0.007400 0.022137
3.0 0.552940 0.767745 0.005955 0.019335
3.0 0.554913 0.729633 0.004566 0.019242
3.0 0.565801 0.652943 0.003063 0.013731
0.0 0.562395 0.623330 0.007285 0.016719
0.0 0.577092 0.595217 0.013356 0.041472
4.0 0.573559 0.625295 0.005955 0.019335
0.0 0.576002 0.543745 0.007228 0.014010
0.0 0.593947 0.472010 0.005725 0.008498
0.0 0.581280 0.464718 0.005898 0.016626
0.0 0.584459 0.483496 0.007285 0.016719
0.0 0.223041 0.942020 0.107979 0.115960
