0.0 0.226240 0.738656 0.136188 0.066469
0.0 0.385573 0.732781 0.094521 0.054594
0.0 0.031010 0.744031 0.059687 0.098687
0.0 0.440719 0.734789 0.072271 0.043953
0.0 0.577271 0.728039 0.038708 0.037172
0.0 0.321729 0.738563 0.096542 0.050313
0.0 0.624635 0.729164 0.045604 0.028391
0.0 0.476990 0.732477 0.063021 0.042672
0.0 0.656281 0.726148 0.034063 0.028016
0.0 0.865417 0.725359 0.038250 0.021563
0.0 0.717365 0.726047 0.034188 0.027906
3.0 0.177948 0.744180 0.086354 0.064766
0.0 0.982677 0.725063 0.032063 0.022094
3.0 0.106427 0.750211 0.090062 0.054797
1.0 0.811458 0.722656 0.052083 0.039062
0.0 0.928125 0.723437 0.039583 0.021875
