0.0 0.192188 0.968750 0.081250 0.042763
0.0 0.226562 0.917763 0.068750 0.098684
0.0 0.262500 0.861842 0.051562 0.082237
0.0 0.309375 0.792763 0.039062 0.062500
0.0 0.321875 0.759868 0.032813 0.055921
4.0 0.332813 0.904605 0.034375 0.105263
4.0 0.375000 0.703947 0.012500 0.052632
4.0 0.396875 0.671053 0.012500 0.039474
4.0 0.357812 0.631579 0.007812 0.029605
0.0 0.368750 0.641447 0.014063 0.029605
0.0 0.381250 0.631579 0.009375 0.029605
0.0 0.403125 0.615132 0.009375 0.026316
0.0 0.381250 0.595395 0.007812 0.023026
3.0 0.432812 0.664474 0.006250 0.016447
4.0 0.395313 0.601974 0.006250 0.023026
0.0 0.470313 0.638158 0.017188 0.023026
0.0 0.481250 0.654605 0.015625 0.032895
0.0 0.531250 0.657895 0.020313 0.039474
4.0 0.554688 0.703947 0.009375 0.049342
4.0 0.596875 0.707237 0.014063 0.055921
0.0 0.590625 0.828947 0.064062 0.187500
0.0 0.631250 0.740132 0.034375 0.062500
0.0 0.642188 0.697368 0.018750 0.042763
1.0 0.609375 0.615132 0.032813 0.042763
3.0 0.626563 0.674342 0.006250 0.023026
4.0 0.700000 0.911184 0.040625 0.131579
4.0 0.765625 0.924342 0.032813 0.115132
0.0 0.695312 0.838816 0.042188 0.092105
0.0 0.835938 0.904605 0.103125 0.088816
0.0 0.793750 0.838816 0.098437 0.062500
0.0 0.768750 0.802632 0.093750 0.088816
3.0 0.667188 0.766447 0.012500 0.042763
3.0 0.671875 0.720395 0.006250 0.023026
0.0 0.664062 0.611842 0.039062 0.085526
