0.0 0.871875 0.877778 0.253125 0.233333
0.0 0.923438 0.566667 0.148438 0.233333
1.0 0.782813 0.419444 0.153125 0.188889
0.0 0.615625 0.461111 0.096875 0.113889
0.0 0.450000 0.461111 0.075000 0.119444
0.0 0.560937 0.386111 0.056250 0.063889
0.0 0.492188 0.375000 0.040625 0.061111
0.0 0.525000 0.347222 0.034375 0.050000
0.0 0.476562 0.344444 0.028125 0.047222
0.0 0.484375 0.283333 0.031250 0.047222
0.0 0.439063 0.288889 0.025000 0.038889
0.0 0.378125 0.347222 0.034375 0.050000
3.0 0.431250 0.336111 0.010937 0.025000
3.0 0.301563 0.444444 0.037500 0.080556
3.0 0.346875 0.608333 0.056250 0.169444
0.0 0.153125 0.580556 0.128125 0.222222
3.0 0.212500 0.677778 0.064062 0.172222
0.0 0.626563 0.308333 0.045312 0.047222
