1.0 0.269625 0.666219 0.035063 0.046271
1.0 0.303391 0.666958 0.058188 0.057375
1.0 0.383992 0.621167 0.040797 0.044333
1.0 0.440359 0.586844 0.031156 0.040729
1.0 0.442766 0.616062 0.023250 0.030208
0.0 0.114773 0.964521 0.041672 0.034500
0.0 0.084625 0.950552 0.041375 0.031396
0.0 0.656352 0.608281 0.027641 0.033063
1.0 0.476836 0.761646 0.036453 0.042417
0.0 0.226336 0.888083 0.032266 0.027750
0.0 0.178930 0.938937 0.033891 0.030625
0.0 0.187820 0.880760 0.034453 0.033646
0.0 0.226437 0.932323 0.041500 0.031104
0.0 0.237727 0.849812 0.029453 0.026125
0.0 0.266031 0.864594 0.031656 0.026146
1.0 0.567758 0.676927 0.035016 0.067187
1.0 0.624211 0.631167 0.022609 0.023250
1.0 0.539320 0.498198 0.016422 0.023479
1.0 0.500352 0.713063 0.042516 0.049625
1.0 0.257898 0.648521 0.039984 0.046250
0.0 0.133438 0.918188 0.044812 0.038958
0.0 0.428406 0.644010 0.015781 0.014521
0.0 0.673961 0.684490 0.016672 0.017646
0.0 0.671289 0.720271 0.022484 0.029292
0.0 0.408125 0.709906 0.022312 0.017437
1.0 0.510273 0.561917 0.018578 0.028167
0.0 0.068547 0.797812 0.088313 0.078667
1.0 0.708656 0.560542 0.015375 0.024208
0.0 0.395313 0.645833 0.743750 0.375000
0.0 0.446094 0.636458 0.842187 0.402083
0.0 0.232813 0.984375 0.046875 0.027083
0.0 0.272656 0.958333 0.039062 0.033333
0.0 0.185156 0.982292 0.042188 0.031250
