0.0 0.857813 0.347926 0.240625 0.493088
0.0 0.381250 0.771889 0.220312 0.341014
0.0 0.104688 0.887097 0.198437 0.214286
4.0 0.660938 0.580645 0.090625 0.230415
4.0 0.573437 0.546083 0.079687 0.207373
3.0 0.389062 0.525346 0.104688 0.099078
0.0 0.676563 0.437788 0.098437 0.168203
0.0 0.467187 0.463134 0.181250 0.131336
0.0 0.562500 0.370968 0.176563 0.085253
0.0 0.614063 0.301843 0.200000 0.117512
0.0 0.903125 0.092166 0.062500 0.034562
0.0 0.835938 0.055300 0.045312 0.043779
0.0 0.991406 0.276498 0.017188 0.225806
