3.0 0.477410 0.705820 0.954820 0.560360
3.0 0.579865 0.928670 0.833802 0.116140
3.0 0.821886 0.791190 0.356228 0.171500
3.0 0.649940 0.222140 0.700120 0.191160
3.0 0.546707 0.501390 0.906587 0.122700
3.0 0.668728 0.427780 0.649311 0.148240
3.0 0.668638 0.366500 0.655539 0.128200
3.0 0.483728 0.547840 0.882605 0.129640
3.0 0.600599 0.223310 0.622036 0.088860
3.0 0.646093 0.281350 0.691587 0.131060
3.0 0.534955 0.719060 0.603982 0.252480
3.0 0.584251 0.138150 0.287066 0.042700
3.0 0.647186 0.178950 0.557725 0.123860
3.0 0.605240 0.162780 0.389641 0.059160
3.0 0.637560 0.172500 0.461766 0.090280
3.0 0.501497 0.479000 0.997006 0.958000
