0.0 0.158616 0.933613 0.141815 0.065319
0.0 0.300616 0.925007 0.158521 0.066332
0.0 0.315462 0.890429 0.151838 0.065927
3.0 0.132262 0.911782 0.073615 0.036460
3.0 0.338419 0.850967 0.081564 0.029669
3.0 0.411845 0.845052 0.074181 0.046675
3.0 0.441511 0.835933 0.055643 0.042643
3.0 0.441779 0.780275 0.045377 0.037657
4.0 0.502381 0.845423 0.070868 0.077018
0.0 0.510839 0.786339 0.113414 0.063598
3.0 0.613503 0.824045 0.032497 0.045603
3.0 0.545813 0.752006 0.031284 0.023713
3.0 0.551444 0.732629 0.047909 0.023266
0.0 0.664968 0.815070 0.079868 0.089200
0.0 0.717239 0.729902 0.072592 0.048033
0.0 0.759919 0.683387 0.039180 0.046008
4.0 0.828414 0.679236 0.015549 0.040213
1.0 0.928677 0.703909 0.084233 0.077828
0.0 0.914529 0.630089 0.073643 0.067005
0.0 0.957156 0.612863 0.012664 0.018221
0.0 0.992542 0.585219 0.014915 0.029753
