0.0 0.456850 0.688409 0.913700 0.528398
3.0 0.846243 0.524560 0.213200 0.238059
3.0 0.683260 0.456804 0.162584 0.129097
0.0 0.444495 0.416062 0.264234 0.108675
0.0 0.454884 0.416898 0.379556 0.171990
0.0 0.162596 0.419860 0.265402 0.153267
0.0 0.100284 0.487692 0.181399 0.183055
4.0 0.729233 0.432359 0.155205 0.130093
4.0 0.831810 0.404192 0.089522 0.081898
4.0 0.941303 0.411350 0.087045 0.072163
0.0 0.681228 0.360613 0.344313 0.183456
4.0 0.713993 0.388086 0.089883 0.053321
0.0 0.220589 0.316913 0.309452 0.096422
