0.0 0.084375 0.411111 0.120313 0.141667
0.0 0.217187 0.408333 0.034375 0.047222
4.0 0.192187 0.394444 0.014063 0.052778
4.0 0.151563 0.397222 0.021875 0.066667
3.0 0.300000 0.416667 0.021875 0.077778
4.0 0.531250 0.422222 0.025000 0.041667
4.0 0.515625 0.416667 0.020313 0.038889
0.0 0.568750 0.438889 0.031250 0.052778
0.0 0.707813 0.455556 0.070312 0.061111
0.0 0.623437 0.419444 0.051562 0.113889
4.0 0.870312 0.452778 0.023438 0.041667
0.0 0.909375 0.486111 0.104688 0.058333
3.0 0.980469 0.500000 0.039062 0.055556
0.0 0.697656 0.416667 0.204687 0.105556
