0.0 0.577648 0.614854 0.140953 0.119917
0.0 0.833141 0.635396 0.198875 0.226958
0.0 0.952219 0.667031 0.094250 0.254812
0.0 0.396461 0.594094 0.065203 0.084354
0.0 0.359469 0.590875 0.054688 0.072917
0.0 0.510539 0.590844 0.119328 0.145521
1.0 0.253398 0.560094 0.139453 0.158729
0.0 0.433828 0.599635 0.057250 0.084687
0.0 0.014016 0.686354 0.028031 0.215250
0.0 0.083266 0.592667 0.021688 0.023583
0.0 0.103250 0.574115 0.011250 0.014021
0.0 0.176789 0.583490 0.038453 0.043687
0.0 0.028781 0.625542 0.045906 0.109292
0.0 0.831898 0.631115 0.197172 0.226813
0.0 0.035937 0.591667 0.040625 0.037500
