0.0 0.380420 0.438867 0.035400 0.017147
0.0 0.371240 0.468080 0.047120 0.035733
3.0 0.616850 0.803373 0.195500 0.393253
3.0 0.791270 0.772307 0.210900 0.455387
3.0 0.919740 0.764040 0.160520 0.449413
3.0 0.492540 0.574173 0.104560 0.158107
3.0 0.628420 0.567680 0.081560 0.093440
3.0 0.806230 0.546693 0.081540 0.123360
3.0 0.567040 0.650880 0.071640 0.176160
3.0 0.734530 0.583893 0.054700 0.085813
3.0 0.669440 0.638280 0.088040 0.242587
3.0 0.425930 0.771600 0.211100 0.432107
3.0 0.260560 0.802093 0.162120 0.371707
3.0 0.096290 0.751853 0.177780 0.348133
3.0 0.431710 0.543787 0.055980 0.093013
