0.0 0.521805 0.524479 0.025172 0.029542
0.0 0.497891 0.750031 0.033000 0.048979
0.0 0.489828 0.511469 0.021750 0.032854
0.0 0.438516 0.579646 0.023344 0.029167
0.0 0.438969 0.565021 0.021281 0.019833
0.0 0.435680 0.545094 0.021234 0.024521
0.0 0.489758 0.491010 0.019078 0.015938
0.0 0.443953 0.630542 0.023438 0.036583
0.0 0.536914 0.642552 0.047422 0.081229
0.0 0.480164 0.601344 0.037266 0.076812
0.0 0.518258 0.585240 0.041203 0.068979
0.0 0.438531 0.381490 0.020938 0.032563
0.0 0.442328 0.606354 0.019688 0.013333
0.0 0.435672 0.515115 0.018531 0.027813
0.0 0.486922 0.479073 0.014844 0.020438
0.0 0.456477 0.419677 0.014297 0.015562
1.0 0.463656 0.447188 0.020813 0.035500
1.0 0.436984 0.431052 0.025875 0.049396
0.0 0.502336 0.443167 0.014328 0.016042
0.0 0.467187 0.468750 0.275000 0.370833
0.0 0.557812 0.600000 0.025000 0.029167
0.0 0.574219 0.640625 0.029687 0.027083
