0.0 0.519664 0.580333 0.347203 0.391000
0.0 0.892125 0.597948 0.101969 0.077271
0.0 0.899898 0.549365 0.059766 0.033646
0.0 0.717898 0.584500 0.045328 0.049167
0.0 0.722383 0.542750 0.036109 0.022958
0.0 0.810984 0.548562 0.044469 0.030750
0.0 0.792141 0.543427 0.030906 0.027687
0.0 0.852281 0.547833 0.047438 0.033542
0.0 0.946016 0.552740 0.078594 0.040688
0.0 0.879109 0.550063 0.056469 0.031167
0.0 0.825258 0.548438 0.032609 0.029125
0.0 0.106805 0.542552 0.018609 0.020562
0.0 0.773469 0.544271 0.035500 0.031917
0.0 0.019531 0.595833 0.035937 0.079167
