0.0 0.771060 0.493267 0.251120 0.226960
3.0 0.750000 0.744933 0.384280 0.334827
3.0 0.450660 0.684107 0.290960 0.313440
3.0 0.603370 0.700000 0.148300 0.222453
3.0 0.411620 0.582680 0.228480 0.234800
3.0 0.322900 0.599120 0.086400 0.166880
3.0 0.608040 0.559147 0.155080 0.176000
3.0 0.304680 0.572293 0.144680 0.164533
3.0 0.368560 0.489547 0.073560 0.055520
3.0 0.319880 0.473293 0.155880 0.051387
3.0 0.349350 0.529853 0.026900 0.047120
0.0 0.849200 0.456027 0.154880 0.193600
3.0 0.520780 0.513067 0.053840 0.071040
