0.0 0.099133 0.630266 0.098734 0.101156
0.0 0.189031 0.611500 0.077563 0.084531
0.0 0.058953 0.642039 0.034625 0.136453
1.0 0.760500 0.556656 0.117062 0.144281
0.0 0.194836 0.626812 0.027641 0.068750
0.0 0.150336 0.622320 0.083859 0.097953
0.0 0.747805 0.641469 0.104078 0.098000
0.0 0.189711 0.610383 0.073266 0.085859
0.0 0.240133 0.613539 0.034547 0.073516
0.0 0.342141 0.607008 0.057563 0.062328
0.0 0.915336 0.509641 0.169328 0.103156
0.0 0.265625 0.608594 0.056250 0.064062
1.0 0.871875 0.610938 0.156250 0.181250
