3.0 0.603680 0.561438 0.008297 0.014292
0.0 0.389891 0.686521 0.057313 0.074167
0.0 0.797078 0.401781 0.058937 0.065229
3.0 0.634383 0.580271 0.005734 0.012750
0.0 0.688523 0.197135 0.034734 0.036188
0.0 0.305266 0.911729 0.026812 0.042792
0.0 0.164492 0.621271 0.047203 0.027292
0.0 0.375219 0.632906 0.053906 0.076979
0.0 0.292367 0.811104 0.028453 0.035458
0.0 0.314445 0.752885 0.026266 0.031854
0.0 0.329328 0.712802 0.026656 0.037521
0.0 0.313430 0.684438 0.022047 0.031958
0.0 0.344219 0.850115 0.023813 0.030729
0.0 0.344453 0.888052 0.030531 0.034438
0.0 0.496719 0.499969 0.023406 0.025354
0.0 0.482758 0.514490 0.025484 0.032229
0.0 0.454711 0.498677 0.023078 0.031771
0.0 0.437437 0.516635 0.022437 0.028104
3.0 0.323805 0.793000 0.009828 0.021375
3.0 0.211055 0.916458 0.012672 0.021375
3.0 0.317359 0.827438 0.010937 0.021083
3.0 0.122797 0.704177 0.011000 0.022188
3.0 0.350930 0.727021 0.015703 0.024292
3.0 0.296859 0.675510 0.009312 0.016104
3.0 0.854523 0.190906 0.006672 0.012813
3.0 0.716141 0.194615 0.003063 0.006729
3.0 0.650125 0.118323 0.006188 0.014063
0.0 0.454789 0.581896 0.040203 0.068500
1.0 0.550086 0.652240 0.027141 0.030146
0.0 0.300430 0.784583 0.029016 0.035292
0.0 0.452344 0.501042 0.889062 0.993750
