0.0 0.086172 0.943146 0.146781 0.109708
0.0 0.476055 0.787885 0.029328 0.037437
0.0 0.672844 0.849573 0.037937 0.046146
0.0 0.653203 0.818135 0.028500 0.029396
0.0 0.351695 0.927656 0.051109 0.060187
0.0 0.573805 0.700354 0.022984 0.026792
0.0 0.592305 0.663333 0.016766 0.016458
0.0 0.425672 0.859365 0.039500 0.049479
0.0 0.644586 0.791927 0.030922 0.030604
0.0 0.632664 0.772104 0.028391 0.029583
0.0 0.402141 0.829240 0.034031 0.041354
0.0 0.687156 0.888979 0.045031 0.048292
0.0 0.434562 0.929677 0.051687 0.056063
3.0 0.390781 0.765469 0.009938 0.021062
0.0 0.351031 0.799552 0.030312 0.037271
3.0 0.711852 0.958458 0.027297 0.044500
0.0 0.632812 0.800000 0.384375 0.395833
0.0 0.801563 0.990625 0.053125 0.014583
