0.0 0.501578 0.954617 0.101504 0.060016
0.0 0.344290 0.959133 0.117945 0.062578
0.0 0.684047 0.933266 0.083941 0.051875
0.0 0.713316 0.875258 0.059470 0.039172
0.0 0.117733 0.963188 0.107076 0.068281
0.0 0.337235 0.881055 0.055784 0.029797
0.0 0.367553 0.869656 0.043962 0.025781
0.0 0.420392 0.858875 0.047182 0.023406
0.0 0.238528 0.928781 0.083369 0.048656
0.0 0.461472 0.867156 0.047267 0.030375
0.0 0.055699 0.966586 0.059703 0.066828
0.0 0.643623 0.943984 0.086144 0.048469
0.0 0.893326 0.931656 0.115847 0.022094
0.0 0.501059 0.918750 0.997881 0.159375
0.0 0.626059 0.872656 0.052966 0.029687
0.0 0.898305 0.970313 0.203390 0.056250
