4.0 0.710938 0.719444 0.259375 0.558333
0.0 0.729687 0.383333 0.404687 0.333333
0.0 0.460938 0.344444 0.056250 0.061111
0.0 0.518750 0.391667 0.075000 0.216667
4.0 0.121875 0.452778 0.054688 0.097222
4.0 0.437500 0.430556 0.035937 0.077778
4.0 0.401563 0.425000 0.035937 0.077778
4.0 0.478125 0.430556 0.050000 0.097222
4.0 0.214063 0.441667 0.054688 0.113889
4.0 0.400000 0.944444 0.267188 0.105556
4.0 0.040625 0.486111 0.078125 0.144444
3.0 0.835938 0.605556 0.057813 0.133333
3.0 0.100781 0.925000 0.054688 0.144444
