0.0 0.238227 0.615584 0.011516 0.017804
0.0 0.224430 0.613049 0.016609 0.010491
0.0 0.196219 0.617500 0.011781 0.017477
0.0 0.210430 0.616005 0.012797 0.019065
0.0 0.256203 0.612453 0.013594 0.011963
0.0 0.268617 0.616507 0.009953 0.016238
0.0 0.338305 0.617325 0.009266 0.011846
0.0 0.283188 0.618633 0.012313 0.014930
0.0 0.746227 0.614077 0.019797 0.014790
0.0 0.295734 0.619836 0.011500 0.008598
0.0 0.507492 0.613096 0.015172 0.012780
0.0 0.313000 0.618353 0.011406 0.016706
0.0 0.407891 0.614498 0.020344 0.012921
0.0 0.295312 0.609813 0.034375 0.028037
