4.0 0.401563 0.341667 0.112500 0.172222
0.0 0.417188 0.530556 0.195312 0.202778
0.0 0.276563 0.702778 0.198437 0.263889
0.0 0.650000 0.888889 0.237500 0.216667
0.0 0.792187 0.855556 0.257812 0.277778
3.0 0.779688 0.711111 0.096875 0.108333
0.0 0.126563 0.277778 0.221875 0.236111
0.0 0.070312 0.425000 0.137500 0.244444
4.0 0.056250 0.086111 0.057813 0.122222
4.0 0.142188 0.136111 0.065625 0.097222
0.0 0.053125 0.783333 0.103125 0.272222
0.0 0.050000 0.911111 0.096875 0.166667
0.0 0.530469 0.948611 0.204687 0.097222
