4.0 0.370559 0.604694 0.134855 0.387678
0.0 0.217859 0.427121 0.304694 0.313723
0.0 0.490702 0.417403 0.063087 0.105109
4.0 0.661917 0.454199 0.049663 0.101773
4.0 0.529842 0.473201 0.043160 0.118686
4.0 0.544682 0.452656 0.029384 0.083908
4.0 0.472673 0.452361 0.022466 0.063660
3.0 0.452427 0.438784 0.015578 0.046271
0.0 0.587691 0.405371 0.011877 0.014710
0.0 0.564288 0.409064 0.013615 0.020485
0.0 0.579353 0.408528 0.010203 0.014650
4.0 0.428928 0.433901 0.013711 0.029061
4.0 0.408778 0.428900 0.015354 0.026262
4.0 0.584632 0.431216 0.022081 0.029359
0.0 0.601114 0.407753 0.013487 0.009052
3.0 0.520891 0.496388 0.019216 0.072315
