0.0 0.193750 0.713889 0.156250 0.188889
0.0 0.321875 0.708333 0.065625 0.083333
0.0 0.387500 0.697222 0.065625 0.097222
3.0 0.440625 0.708333 0.025000 0.094444
0.0 0.493750 0.705556 0.046875 0.069444
0.0 0.460938 0.669444 0.031250 0.066667
0.0 0.576562 0.691667 0.043750 0.044444
0.0 0.650000 0.680556 0.040625 0.055556
3.0 0.621875 0.686111 0.034375 0.058333
0.0 0.548438 0.683333 0.015625 0.036111
0.0 0.529687 0.680556 0.012500 0.027778
0.0 0.517188 0.686111 0.015625 0.036111
0.0 0.718750 0.675000 0.053125 0.083333
3.0 0.048438 0.861111 0.089063 0.261111
0.0 0.334375 0.666667 0.056250 0.052778
0.0 0.192187 0.650000 0.164062 0.113889
0.0 0.084375 0.672222 0.050000 0.088889
0.0 0.025000 0.669444 0.042188 0.097222
0.0 0.907812 0.497222 0.182812 0.986111
0.0 0.422656 0.694444 0.020313 0.066667
0.0 0.468750 0.690278 0.018750 0.047222
