0.0 0.518362 0.543745 0.750668 0.295372
3.0 0.892362 0.451339 0.215276 0.177911
4.0 0.678842 0.408522 0.210929 0.130951
0.0 0.298995 0.436151 0.172466 0.097320
0.0 0.510013 0.415929 0.218790 0.055375
0.0 0.730151 0.358177 0.539698 0.146556
0.0 0.921335 0.409692 0.157331 0.124940
0.0 0.112750 0.406352 0.225500 0.091803
0.0 0.237373 0.379605 0.091155 0.045498
4.0 0.390650 0.403826 0.062947 0.058828
4.0 0.307022 0.388555 0.039870 0.017926
4.0 0.153078 0.449088 0.165187 0.102430
4.0 0.089082 0.719599 0.178164 0.397629
4.0 0.465180 0.386631 0.041442 0.033896
4.0 0.345321 0.383646 0.033501 0.015923
0.0 0.968586 0.542084 0.062829 0.140320
0.0 0.787454 0.382256 0.153525 0.071175
