0.0 0.629336 0.897479 0.153926 0.205043
0.0 0.499145 0.598862 0.098492 0.129162
0.0 0.788686 0.324357 0.018612 0.045572
0.0 0.557066 0.366042 0.024772 0.054174
0.0 0.488228 0.339279 0.023016 0.020257
0.0 0.501920 0.333336 0.018555 0.037101
0.0 0.622220 0.299690 0.012434 0.034146
0.0 0.520129 0.318825 0.021529 0.025872
0.0 0.665411 0.369365 0.021721 0.054109
0.0 0.855247 0.690063 0.200946 0.168063
0.0 0.351330 0.624627 0.177950 0.150629
0.0 0.337859 0.887559 0.260631 0.197577
0.0 0.582594 0.755222 0.197877 0.165174
4.0 0.534508 0.863569 0.105361 0.242241
4.0 0.400980 0.521893 0.066342 0.111532
4.0 0.787533 0.603969 0.046607 0.125225
4.0 0.961415 0.597414 0.054139 0.111270
4.0 0.063134 0.647757 0.077059 0.117409
4.0 0.054855 0.551915 0.058351 0.057719
0.0 0.698780 0.340408 0.035564 0.071345
0.0 0.948316 0.353409 0.078622 0.123088
0.0 0.050807 0.405148 0.072406 0.106016
0.0 0.713161 0.436119 0.046262 0.074398
0.0 0.650655 0.443108 0.044794 0.082837
0.0 0.598770 0.441398 0.041801 0.091242
0.0 0.510486 0.471534 0.055472 0.083066
0.0 0.473645 0.438435 0.049371 0.082935
0.0 0.483998 0.390203 0.034116 0.082608
0.0 0.540688 0.425700 0.040141 0.071443
0.0 0.641897 0.276674 0.018516 0.031454
0.0 0.603914 0.300083 0.023323 0.065436
0.0 0.631794 0.361615 0.034078 0.076960
0.0 0.742519 0.266042 0.023151 0.040023
3.0 0.711819 0.238460 0.006236 0.019896
3.0 0.691872 0.221944 0.004691 0.017041
0.0 0.561355 0.323589 0.027842 0.057064
0.0 0.587575 0.365387 0.033963 0.060018
0.0 0.596594 0.345425 0.027899 0.065534
0.0 0.702215 0.396817 0.043115 0.060214
0.0 0.545016 0.388894 0.036994 0.057260
0.0 0.511360 0.375496 0.020138 0.045604
0.0 0.523429 0.355467 0.029309 0.048625
0.0 0.538185 0.281724 0.023132 0.037199
0.0 0.538454 0.321256 0.017049 0.039892
0.0 0.579411 0.286488 0.020119 0.042781
0.0 0.636083 0.319161 0.026277 0.051383
0.0 0.672713 0.321199 0.023112 0.034375
0.0 0.677135 0.298511 0.022997 0.017434
0.0 0.672406 0.276019 0.024637 0.034408
0.0 0.674009 0.287281 0.021433 0.011753
0.0 0.632687 0.268399 0.018536 0.034277
0.0 0.638674 0.251326 0.015408 0.022917
0.0 0.585129 0.229882 0.021663 0.045637
0.0 0.566747 0.218981 0.015427 0.025741
0.0 0.565394 0.244427 0.012357 0.022851
0.0 0.615695 0.237698 0.010774 0.014348
0.0 0.650800 0.239769 0.013883 0.022884
0.0 0.875645 0.548421 0.083276 0.134482
0.0 0.092606 0.937158 0.147364 0.125684
3.0 0.419244 0.962983 0.075265 0.074034
