0.0 0.346875 0.691667 0.171875 0.152778
0.0 0.632812 0.700000 0.064062 0.091667
0.0 0.060937 0.672222 0.089063 0.188889
3.0 0.190625 0.683333 0.065625 0.111111
0.0 0.418750 0.702778 0.048438 0.072222
0.0 0.457813 0.691667 0.020313 0.055556
0.0 0.514062 0.702778 0.032813 0.044444
3.0 0.554688 0.702778 0.014063 0.055556
0.0 0.576562 0.694444 0.029687 0.061111
0.0 0.482812 0.686111 0.010937 0.025000
0.0 0.715625 0.705556 0.075000 0.097222
0.0 0.792188 0.663889 0.123438 0.097222
0.0 0.856250 0.697222 0.046875 0.036111
0.0 0.910937 0.752778 0.173437 0.175000
3.0 0.593750 0.727778 0.035937 0.122222
0.0 0.010156 0.681944 0.020312 0.202778
0.0 0.534375 0.698611 0.018750 0.030556
