0.0 0.063891 0.146440 0.127781 0.117986
0.0 0.734344 0.115059 0.072063 0.034192
0.0 0.882367 0.125164 0.117703 0.048876
0.0 0.480570 0.114403 0.041391 0.027026
0.0 0.669758 0.162799 0.134922 0.068361
0.0 0.281062 0.114450 0.051000 0.030679
0.0 0.929062 0.114075 0.043281 0.038033
3.0 0.770289 0.549520 0.326953 0.799133
3.0 0.477594 0.362635 0.298531 0.429532
3.0 0.243422 0.290293 0.262844 0.344941
0.0 0.564680 0.138279 0.105484 0.050000
0.0 0.374383 0.114520 0.036391 0.023981
0.0 0.807078 0.103653 0.053031 0.041733
0.0 0.147594 0.138185 0.036531 0.053279
0.0 0.528289 0.102658 0.020141 0.034543
0.0 0.651656 0.092436 0.042906 0.018689
