0.0 0.546875 0.583333 0.160938 0.330556
0.0 0.056250 0.419444 0.107813 0.127778
0.0 0.768750 0.433333 0.290625 0.247222
0.0 0.863281 0.629167 0.273438 0.730556
0.0 0.203125 0.369444 0.131250 0.127778
0.0 0.385938 0.386111 0.243750 0.475000
4.0 0.568750 0.402778 0.045312 0.038889
0.0 0.759375 0.297222 0.092188 0.033333
0.0 0.037500 0.336111 0.070312 0.063889
0.0 0.609375 0.388889 0.076563 0.088889
4.0 0.529687 0.397222 0.032813 0.047222
0.0 0.183594 0.731198 0.364063 0.515320
0.0 0.685937 0.591922 0.128125 0.281337
