0.0 0.890625 0.680556 0.100000 0.111111
0.0 0.954688 0.652778 0.062500 0.077778
0.0 0.935937 0.605556 0.112500 0.094444
4.0 0.678125 0.655556 0.062500 0.080556
4.0 0.698438 0.652778 0.040625 0.077778
4.0 0.826562 0.633333 0.034375 0.061111
0.0 0.528125 0.686111 0.100000 0.072222
4.0 0.134375 0.747222 0.051562 0.125000
0.0 0.218750 0.688889 0.050000 0.063889
0.0 0.165625 0.650000 0.054688 0.088889
0.0 0.068750 0.669444 0.053125 0.094444
0.0 0.301563 0.669444 0.042188 0.038889
4.0 0.757812 0.638889 0.028125 0.055556
4.0 0.857812 0.627778 0.018750 0.041667
4.0 0.035937 0.675000 0.014063 0.050000
4.0 0.264062 0.658333 0.014063 0.036111
