0.0 0.889063 0.600000 0.221874 0.238889
0.0 0.709375 0.638889 0.089063 0.086111
0.0 0.836719 0.879167 0.326562 0.236111
0.0 0.723438 0.780556 0.218750 0.177778
0.0 0.310937 0.838889 0.198437 0.302778
0.0 0.456250 0.702778 0.087500 0.097222
0.0 0.381250 0.705556 0.081250 0.111111
0.0 0.328125 0.655556 0.029687 0.047222
0.0 0.546875 0.644444 0.040625 0.030556
0.0 0.596875 0.652778 0.040625 0.047222
0.0 0.275000 0.658333 0.034375 0.047222
0.0 0.301562 0.655556 0.023438 0.052778
3.0 0.156250 0.758333 0.050000 0.150000
3.0 0.209375 0.711111 0.029687 0.080556
3.0 0.223437 0.686111 0.018750 0.072222
