0.0 0.023344 0.693256 0.046687 0.182030
3.0 0.747859 0.700433 0.319094 0.407167
3.0 0.151469 0.575032 0.225156 0.320803
1.0 0.554875 0.197664 0.096500 0.058541
0.0 0.266266 0.286765 0.099750 0.066681
0.0 0.535492 0.250391 0.057859 0.036808
0.0 0.484016 0.265180 0.056875 0.052431
0.0 0.548063 0.203340 0.072406 0.067104
0.0 0.879922 0.261311 0.163625 0.119281
0.0 0.039852 0.271290 0.079703 0.133996
1.0 0.496703 0.231395 0.132062 0.060719
0.0 0.126289 0.264313 0.133016 0.083087
1.0 0.753914 0.252199 0.083359 0.062410
0.0 0.041180 0.274609 0.080047 0.136617
0.0 0.123938 0.263837 0.136719 0.072368
0.0 0.156945 0.271956 0.013734 0.016300
1.0 0.240969 0.268436 0.103500 0.065032
