0.0 0.093811 0.693663 0.187623 0.264677
0.0 0.550133 0.778825 0.453637 0.442349
0.0 0.899184 0.834273 0.201631 0.268583
0.0 0.933964 0.693352 0.132073 0.142268
4.0 0.708737 0.714335 0.126537 0.260524
4.0 0.435301 0.415198 0.081275 0.175635
4.0 0.339017 0.310534 0.079585 0.153479
4.0 0.208974 0.257910 0.051779 0.149151
4.0 0.037213 0.027325 0.031990 0.054650
0.0 0.585882 0.545751 0.195608 0.276139
3.0 0.735848 0.554145 0.043251 0.079711
0.0 0.534806 0.390828 0.145464 0.127243
0.0 0.458470 0.306706 0.170507 0.116544
0.0 0.284266 0.247209 0.091489 0.118843
0.0 0.413720 0.242447 0.156537 0.124101
0.0 0.219834 0.202306 0.056632 0.128013
0.0 0.135671 0.047217 0.029282 0.087267
0.0 0.103388 0.029233 0.045450 0.058465
3.0 0.097810 0.066235 0.017913 0.044143
3.0 0.075958 0.013254 0.019360 0.026507
3.0 0.231930 0.087109 0.032445 0.043972
3.0 0.223643 0.130659 0.036226 0.029964
3.0 0.725194 0.791523 0.072652 0.126151
3.0 0.677474 0.722792 0.081522 0.115314
1.0 0.922294 0.951046 0.146878 0.097908
