0.0 0.051109 0.508876 0.102219 0.232927
0.0 0.060758 0.495199 0.119453 0.224684
0.0 0.299289 0.472611 0.044422 0.125316
0.0 0.587305 0.490480 0.194422 0.260351
0.0 0.204258 0.475480 0.053609 0.127541
0.0 0.483898 0.400117 0.053859 0.065012
0.0 0.086844 0.486183 0.091188 0.221967
0.0 0.621453 0.413876 0.139500 0.152810
0.0 0.127844 0.416944 0.056531 0.091967
3.0 0.451258 0.646218 0.182922 0.339321
0.0 0.708141 0.375386 0.055937 0.085480
0.0 0.303078 0.461557 0.080625 0.134169
0.0 0.408469 0.401335 0.057719 0.058126
