0.0 0.117188 0.731111 0.189062 0.211111
0.0 0.570312 0.777778 0.400000 0.413333
0.0 0.904687 0.742222 0.182812 0.215556
0.0 0.931250 0.611111 0.132812 0.108889
4.0 0.712500 0.662222 0.103125 0.220000
4.0 0.432812 0.433333 0.065625 0.148889
4.0 0.334375 0.353333 0.065625 0.128889
4.0 0.207813 0.324444 0.039062 0.128889
4.0 0.028125 0.131111 0.025000 0.068889
0.0 0.584375 0.528889 0.168750 0.224444
3.0 0.726562 0.515556 0.035937 0.066667
0.0 0.525000 0.397778 0.131250 0.095556
0.0 0.446875 0.333333 0.156250 0.082222
0.0 0.278125 0.304444 0.079687 0.095556
0.0 0.400000 0.282222 0.142187 0.091111
0.0 0.214062 0.273333 0.045312 0.108889
0.0 0.123438 0.146667 0.021875 0.075556
0.0 0.090625 0.122222 0.037500 0.073333
3.0 0.089063 0.168889 0.014063 0.037778
3.0 0.064062 0.117778 0.015625 0.035556
4.0 0.214062 0.075556 0.026562 0.040000
3.0 0.217188 0.168889 0.028125 0.035556
3.0 0.212500 0.208889 0.032813 0.022222
3.0 0.733594 0.728795 0.060937 0.104911
3.0 0.683594 0.674107 0.070312 0.093750
1.0 0.935937 0.902902 0.125000 0.189732
