0.0 0.709615 0.744133 0.022771 0.009828
0.0 0.588510 0.748086 0.014354 0.009703
0.0 0.622333 0.754117 0.023333 0.006703
0.0 0.821396 0.768555 0.051292 0.008859
0.0 0.810812 0.760477 0.013083 0.007953
0.0 0.879667 0.763992 0.013708 0.006547
0.0 0.705167 0.760047 0.010125 0.004969
0.0 0.898719 0.763320 0.017021 0.009922
0.0 0.824156 0.740391 0.019813 0.006313
0.0 0.671552 0.754625 0.008229 0.005250
0.0 0.762896 0.765484 0.017000 0.008625
0.0 0.749937 0.762648 0.009042 0.005297
0.0 0.691812 0.756820 0.018625 0.006641
0.0 0.771260 0.761242 0.015396 0.009047
0.0 0.762500 0.707031 0.470833 0.123438
