0.0 0.924258 0.763549 0.151484 0.449209
0.0 0.090555 0.756894 0.100484 0.087122
0.0 0.730805 0.874988 0.288641 0.248633
0.0 0.185180 0.765168 0.238672 0.186499
0.0 0.623664 0.692314 0.040203 0.035180
0.0 0.629500 0.710348 0.036000 0.047410
0.0 0.772727 0.724676 0.068828 0.052374
0.0 0.259359 0.708369 0.028469 0.028969
0.0 0.091477 0.757302 0.106891 0.103381
1.0 0.027016 0.761283 0.049531 0.071727
0.0 0.052281 0.707938 0.029375 0.033813
0.0 0.284102 0.696259 0.014578 0.016115
0.0 0.758594 0.708633 0.045312 0.026379
