0.0 0.532222 0.931890 0.056549 0.087690
0.0 0.576996 0.984244 0.067347 0.031511
0.0 0.602461 0.888460 0.045376 0.080659
0.0 0.644555 0.734243 0.012303 0.022940
0.0 0.610582 0.761137 0.017119 0.026332
0.0 0.597453 0.773965 0.014222 0.028488
0.0 0.623148 0.740355 0.013658 0.020535
0.0 0.629919 0.725862 0.011926 0.017637
0.0 0.616413 0.733389 0.012115 0.020288
0.0 0.597302 0.749858 0.015201 0.020783
0.0 0.620104 0.829325 0.020168 0.047789
0.0 0.644146 0.860330 0.028445 0.056978
0.0 0.619613 0.778459 0.019039 0.031882
0.0 0.645460 0.768955 0.017496 0.031634
4.0 0.818381 0.976081 0.036722 0.047838
4.0 0.732749 0.899758 0.032245 0.089038
4.0 0.747835 0.870529 0.026112 0.067088
4.0 0.737864 0.839950 0.016743 0.021030
0.0 0.779327 0.940558 0.065580 0.107485
0.0 0.734815 0.818988 0.034426 0.055316
4.0 0.675029 0.723997 0.010008 0.012088
4.0 0.674616 0.740151 0.010573 0.020041
0.0 0.699145 0.712089 0.020016 0.024176
0.0 0.646735 0.699036 0.006735 0.008942
0.0 0.635562 0.695464 0.010949 0.025343
0.0 0.662914 0.707169 0.010761 0.022693
0.0 0.604073 0.735367 0.010384 0.017390
0.0 0.613365 0.712428 0.008653 0.014491
0.0 0.623184 0.718898 0.010008 0.012088
0.0 0.582367 0.803196 0.044209 0.085713
