0.0 0.912719 0.359646 0.172531 0.173208
0.0 0.802086 0.321740 0.195047 0.132938
0.0 0.726125 0.277969 0.207313 0.139313
1.0 0.047195 0.169146 0.092422 0.115417
0.0 0.592336 0.241031 0.161703 0.130438
0.0 0.355586 0.168365 0.071641 0.038521
0.0 0.384914 0.196833 0.076359 0.078417
0.0 0.892617 0.265542 0.099203 0.030042
0.0 0.836805 0.241573 0.075703 0.035479
0.0 0.491094 0.226573 0.091750 0.104438
1.0 0.430023 0.218417 0.039734 0.057500
0.0 0.430469 0.205208 0.110937 0.077083
0.0 0.995313 0.268750 0.009374 0.025000
