3.0 0.862562 0.554239 0.080250 0.047400
0.0 0.359031 0.520621 0.057156 0.035059
0.0 0.245781 0.518829 0.037125 0.032131
0.0 0.214828 0.515059 0.032344 0.023560
0.0 0.170047 0.513864 0.032313 0.025855
0.0 0.306133 0.518314 0.046859 0.033630
3.0 0.945961 0.559731 0.096922 0.044848
3.0 0.794398 0.555152 0.051766 0.034754
3.0 0.627578 0.538255 0.025844 0.041991
3.0 0.745773 0.549637 0.029297 0.043021
3.0 0.698000 0.551300 0.028156 0.034403
3.0 0.822656 0.544496 0.054688 0.053864
3.0 0.721094 0.543326 0.067187 0.051522
