4.0 0.401562 0.688889 0.273438 0.616667
4.0 0.795312 0.722222 0.325000 0.547222
0.0 0.242188 0.386111 0.200000 0.188889
0.0 0.923438 0.488889 0.150000 0.325000
0.0 0.806250 0.311111 0.060937 0.152778
0.0 0.345313 0.294444 0.084375 0.052778
0.0 0.193750 0.263889 0.134375 0.077778
0.0 0.271875 0.244444 0.151562 0.061111
0.0 0.334375 0.238889 0.118750 0.066667
0.0 0.560937 0.175000 0.098437 0.086111
4.0 0.700000 0.305556 0.062500 0.152778
3.0 0.873437 0.336111 0.051562 0.144444
0.0 0.946875 0.275000 0.095312 0.094444
4.0 0.773438 0.322222 0.050000 0.158333
