0.0 0.185109 0.698875 0.082594 0.071917
0.0 0.232437 0.849052 0.067750 0.040021
0.0 0.123711 0.861052 0.055703 0.045354
0.0 0.108414 0.882948 0.065078 0.050813
0.0 0.158266 0.826448 0.075563 0.038146
0.0 0.368844 0.850542 0.074969 0.049375
0.0 0.027570 0.884167 0.041047 0.056042
0.0 0.207281 0.807073 0.057781 0.035813
0.0 0.291109 0.850927 0.058844 0.048438
0.0 0.025695 0.746802 0.051391 0.042646
0.0 0.059758 0.882906 0.066766 0.054562
0.0 0.162969 0.806865 0.054469 0.028729
0.0 0.105984 0.814177 0.065844 0.040354
0.0 0.179453 0.854240 0.062500 0.033979
1.0 0.431352 0.832354 0.080016 0.058500
0.0 0.290625 0.695833 0.578125 0.195833
