0.0 0.757492 0.979330 0.048703 0.041339
0.0 0.763586 0.948089 0.029141 0.028099
1.0 0.654477 0.924039 0.092766 0.107430
0.0 0.884742 0.974568 0.041391 0.049827
0.0 0.929133 0.927808 0.021453 0.029957
0.0 0.711211 0.975518 0.025766 0.048963
0.0 0.844250 0.936631 0.030719 0.033261
0.0 0.834359 0.977851 0.068437 0.044298
0.0 0.805523 0.938952 0.035703 0.028575
0.0 0.821180 0.921058 0.018047 0.024924
0.0 0.898219 0.935356 0.017031 0.030799
0.0 0.970250 0.931026 0.022531 0.027711
0.0 0.934633 0.980454 0.043422 0.037883
0.0 0.874648 0.952613 0.037484 0.022549
0.0 0.778906 0.894168 0.442188 0.207343
0.0 0.626563 0.976242 0.103125 0.043197
