3.0 0.075203 0.613719 0.111156 0.135771
3.0 0.305320 0.611938 0.078422 0.182750
3.0 0.408055 0.605302 0.023984 0.039188
3.0 0.457531 0.627781 0.079687 0.188104
3.0 0.248523 0.641042 0.075516 0.124333
3.0 0.594742 0.650375 0.095109 0.212792
3.0 0.705734 0.632365 0.037125 0.184896
3.0 0.548703 0.610115 0.059688 0.141479
3.0 0.517211 0.594000 0.030703 0.067250
3.0 0.387891 0.612417 0.061313 0.195125
3.0 0.298234 0.612667 0.285750 0.209958
3.0 0.171687 0.612021 0.057250 0.089833
3.0 0.657523 0.610896 0.058609 0.164250
3.0 0.520313 0.608333 0.906250 0.241667
3.0 0.505469 0.616667 0.073438 0.208333
