0.0 0.953000 0.844415 0.091750 0.101991
0.0 0.951844 0.792178 0.084719 0.075129
0.0 0.915422 0.790878 0.095937 0.101663
0.0 0.926234 0.751850 0.083719 0.037190
0.0 0.435430 0.733115 0.032047 0.020187
3.0 0.332398 0.373841 0.089859 0.149321
3.0 0.854750 0.333290 0.060688 0.126019
3.0 0.793398 0.325867 0.066797 0.107143
3.0 0.742602 0.329438 0.067609 0.074754
3.0 0.693555 0.317939 0.053984 0.078782
3.0 0.664648 0.309696 0.044391 0.073489
3.0 0.138687 0.335960 0.064469 0.146066
3.0 0.640672 0.316850 0.028719 0.045363
3.0 0.225336 0.293197 0.028641 0.054122
3.0 0.603297 0.880703 0.049938 0.087447
3.0 0.690805 0.802998 0.029016 0.049508
0.0 0.865094 0.759918 0.062469 0.048126
0.0 0.974820 0.869707 0.048047 0.112295
0.0 0.400805 0.731112 0.037547 0.022974
0.0 0.968891 0.757213 0.054312 0.038220
3.0 0.828906 0.891979 0.046125 0.094543
3.0 0.786328 0.798607 0.022937 0.047190
3.0 0.612500 0.343091 0.725000 0.161593
3.0 0.931250 0.360656 0.068750 0.117096
3.0 0.715625 0.772834 0.018750 0.028103
