4.0 0.214062 0.677778 0.392188 0.633333
0.0 0.125000 0.447222 0.245312 0.550000
4.0 0.576562 0.433333 0.157812 0.386111
4.0 0.378125 0.327778 0.096875 0.230556
4.0 0.504687 0.355556 0.112500 0.308333
4.0 0.450000 0.230556 0.056250 0.158333
0.0 0.929688 0.233333 0.134375 0.466667
1.0 0.292187 0.197222 0.146875 0.219444
0.0 0.465625 0.116667 0.078125 0.083333
4.0 0.762500 0.275000 0.104688 0.222222
4.0 0.626563 0.183333 0.042188 0.080556
0.0 0.151562 0.191667 0.157812 0.186111
4.0 0.673438 0.152778 0.018750 0.050000
4.0 0.559375 0.152778 0.034375 0.061111
3.0 0.978906 0.809722 0.039062 0.236111
