0.0 0.622917 0.559375 0.262500 0.117188
0.0 0.456250 0.520312 0.072917 0.035937
3.0 0.345833 0.535937 0.035417 0.029687
3.0 0.375000 0.531250 0.025000 0.026562
0.0 0.275000 0.517188 0.079167 0.042188
3.0 0.172917 0.510938 0.025000 0.048438
4.0 0.156250 0.493750 0.014583 0.017188
0.0 0.239583 0.500000 0.022917 0.018750
0.0 0.202083 0.496875 0.037500 0.039062
0.0 0.281250 0.487500 0.016667 0.010937
0.0 0.302083 0.489063 0.016667 0.009375
0.0 0.337500 0.504687 0.054167 0.034375
3.0 0.145833 0.501563 0.012500 0.026562
0.0 0.227083 0.495312 0.012500 0.010937
0.0 0.847917 0.665625 0.300000 0.228125
