0.0 0.057813 0.869444 0.110937 0.138889
4.0 0.095312 0.888889 0.070312 0.130556
4.0 0.276562 0.863889 0.075000 0.175000
0.0 0.046875 0.594444 0.064062 0.080556
4.0 0.090625 0.741667 0.068750 0.108333
4.0 0.029687 0.663889 0.042188 0.108333
4.0 0.037500 0.769444 0.068750 0.102778
4.0 0.148438 0.811111 0.053125 0.163889
0.0 0.270313 0.755556 0.125000 0.116667
0.0 0.046875 0.538889 0.050000 0.041667
0.0 0.209375 0.583333 0.073438 0.080556
0.0 0.598437 0.866667 0.184375 0.197222
0.0 0.806250 0.663889 0.071875 0.136111
0.0 0.762500 0.483333 0.045312 0.069444
4.0 0.837500 0.441667 0.089063 0.127778
4.0 0.962500 0.886111 0.067187 0.213889
0.0 0.935937 0.700000 0.084375 0.155556
4.0 0.790625 0.788889 0.132812 0.177778
4.0 0.676562 0.661111 0.082812 0.158333
0.0 0.464062 0.633333 0.251563 0.255556
0.0 0.428125 0.866667 0.192188 0.236111
0.0 0.302344 0.583333 0.079687 0.083333
