1.0 0.471413 0.684783 0.115044 0.335827
0.0 0.616534 0.826293 0.123129 0.293269
0.0 0.654121 0.631242 0.079190 0.157593
0.0 0.350596 0.726729 0.099667 0.244283
0.0 0.200397 0.599312 0.115837 0.159166
0.0 0.272922 0.465838 0.079045 0.113358
0.0 0.252685 0.413307 0.066918 0.093204
0.0 0.320830 0.390884 0.051253 0.081172
0.0 0.295107 0.337236 0.047740 0.068668
0.0 0.333897 0.339087 0.039126 0.061019
0.0 0.397806 0.554817 0.071370 0.141264
0.0 0.343618 0.274506 0.024448 0.043293
0.0 0.381661 0.309487 0.020718 0.048427
0.0 0.346000 0.302221 0.017398 0.038909
0.0 0.379832 0.251629 0.022884 0.040027
0.0 0.432697 0.401573 0.042615 0.094148
0.0 0.444704 0.452429 0.051975 0.134367
0.0 0.142502 0.505828 0.112517 0.149647
3.0 0.179799 0.401483 0.034001 0.086498
3.0 0.220707 0.370485 0.028514 0.085380
3.0 0.256126 0.338370 0.024039 0.057945
4.0 0.235505 0.291811 0.087058 0.132672
0.0 0.577987 0.346460 0.032461 0.062608
0.0 0.541075 0.444833 0.044179 0.097413
0.0 0.490856 0.383167 0.038909 0.078657
0.0 0.582439 0.298959 0.024448 0.043293
0.0 0.464677 0.271941 0.023846 0.054958
0.0 0.498244 0.333239 0.034602 0.074832
0.0 0.593651 0.513029 0.062178 0.124657
0.0 0.599427 0.423440 0.045767 0.080054
0.0 0.515207 0.930273 0.091896 0.139453
4.0 0.802707 0.546545 0.072742 0.141544
0.0 0.553394 0.598619 0.051567 0.149019
0.0 0.503537 0.509797 0.043770 0.112065
0.0 0.540352 0.499145 0.039463 0.108240
0.0 0.454787 0.360692 0.028346 0.061770
0.0 0.464315 0.299097 0.020718 0.048427
0.0 0.525868 0.335841 0.021296 0.057386
0.0 0.556475 0.378384 0.027551 0.070449
0.0 0.548198 0.334340 0.021488 0.060373
0.0 0.521922 0.310833 0.018168 0.050854
0.0 0.537779 0.301962 0.016411 0.044603
0.0 0.550844 0.250165 0.034193 0.089485
0.0 0.529862 0.230762 0.012513 0.026126
0.0 0.495236 0.272116 0.022282 0.051692
0.0 0.490520 0.259054 0.019539 0.051133
0.0 0.519515 0.261935 0.018769 0.039188
0.0 0.513235 0.251579 0.014655 0.038350
0.0 0.503032 0.237398 0.012513 0.026126
0.0 0.480317 0.244872 0.012705 0.029112
0.0 0.490279 0.219672 0.014462 0.035365
0.0 0.526277 0.178598 0.013885 0.026405
0.0 0.585543 0.272362 0.021320 0.036762
0.0 0.616800 0.369495 0.038716 0.075671
0.0 0.602844 0.327320 0.027383 0.046838
0.0 0.575725 0.252208 0.019371 0.027523
0.0 0.566269 0.204900 0.018384 0.033216
0.0 0.549209 0.189322 0.017975 0.047869
0.0 0.513957 0.197266 0.010756 0.019874
0.0 0.508832 0.168993 0.010756 0.019874
0.0 0.527673 0.200061 0.011743 0.014181
0.0 0.131241 0.421845 0.063597 0.083687
3.0 0.082683 0.442207 0.041436 0.096854
0.0 0.168563 0.338684 0.048125 0.074640
0.0 0.403702 0.226238 0.019756 0.033496
0.0 0.394342 0.263663 0.020333 0.042454
0.0 0.451659 0.193651 0.021705 0.042734
0.0 0.501612 0.194751 0.009192 0.016608
0.0 0.570215 0.229907 0.010756 0.019874
0.0 0.494442 0.435332 0.039871 0.093589
3.0 0.228020 0.774369 0.064078 0.175144
3.0 0.178547 0.852029 0.123032 0.207784
3.0 0.767479 0.899941 0.071057 0.200119
3.0 0.745726 0.740670 0.052312 0.181588
0.0 0.903950 0.689705 0.065619 0.199034
