4.0 0.574306 0.553819 0.029167 0.059028
4.0 0.628472 0.706597 0.087500 0.260417
4.0 0.661806 0.391493 0.059722 0.053819
4.0 0.639583 0.340278 0.048611 0.041667
4.0 0.568056 0.428819 0.044444 0.048611
4.0 0.304861 0.455729 0.043056 0.092014
1.0 0.529861 0.475694 0.034722 0.065972
1.0 0.597222 0.493056 0.033333 0.059028
1.0 0.462500 0.428819 0.025000 0.034722
0.0 0.352083 0.892361 0.054167 0.111111
1.0 0.244444 0.510417 0.088889 0.079861
1.0 0.109028 0.905382 0.218056 0.154514
1.0 0.114583 0.437500 0.045833 0.038194
1.0 0.810417 0.583333 0.056944 0.079861
0.0 0.739583 0.631076 0.043056 0.057292
