3.0 0.838438 0.898244 0.164563 0.177143
3.0 0.686742 0.784040 0.217297 0.273138
3.0 0.025125 0.677857 0.050250 0.140726
3.0 0.688945 0.656686 0.173422 0.110890
3.0 0.602367 0.666405 0.095484 0.067705
3.0 0.823344 0.794578 0.290875 0.278337
3.0 0.575211 0.819098 0.093203 0.201335
3.0 0.021172 0.697108 0.042344 0.121944
3.0 0.073250 0.658607 0.106469 0.167377
3.0 0.358211 0.572201 0.057391 0.071710
3.0 0.197047 0.584415 0.058219 0.066534
3.0 0.636984 0.559965 0.037531 0.022787
3.0 0.671250 0.580597 0.063875 0.059087
3.0 0.181016 0.605386 0.073156 0.091756
