0.0 0.559469 0.756232 0.300687 0.150446
0.0 0.034719 0.825563 0.069437 0.348873
0.0 0.159648 0.819448 0.259672 0.313592
0.0 0.527391 0.774002 0.144031 0.171573
0.0 0.342461 0.774331 0.075703 0.171150
3.0 0.613484 0.710059 0.048125 0.017864
0.0 0.329852 0.757582 0.117922 0.169343
0.0 0.809844 0.734190 0.080156 0.089742
0.0 0.779805 0.690364 0.077672 0.108521
0.0 0.556539 0.538967 0.039766 0.049343
0.0 0.690500 0.711408 0.075000 0.108263
0.0 0.665930 0.675164 0.063547 0.084695
0.0 0.652148 0.642782 0.048422 0.082324
0.0 0.470758 0.513169 0.035516 0.043146
0.0 0.298438 0.793721 0.126625 0.223638
0.0 0.556250 0.637324 0.284375 0.382629
0.0 0.583594 0.687793 0.054688 0.056338
0.0 0.438281 0.766432 0.054688 0.110329
