3.0 0.624648 0.728389 0.332516 0.347448
3.0 0.915102 0.687899 0.169796 0.298119
3.0 0.837438 0.572526 0.200469 0.200000
3.0 0.151891 0.750554 0.191750 0.230902
3.0 0.185859 0.614085 0.216844 0.272294
3.0 0.058758 0.841856 0.117516 0.274278
3.0 0.405570 0.491018 0.084141 0.103582
3.0 0.375008 0.530966 0.098734 0.062552
3.0 0.763008 0.519897 0.133516 0.114897
3.0 0.379664 0.492887 0.093891 0.093608
3.0 0.416766 0.470554 0.073750 0.090696
3.0 0.322852 0.554356 0.172266 0.166649
3.0 0.746742 0.496881 0.129609 0.133918
3.0 0.709375 0.500000 0.140625 0.123711
3.0 0.960938 0.798969 0.075000 0.247423
3.0 0.642188 0.461340 0.065625 0.092784
