3.0 0.667258 0.775492 0.081516 0.165457
0.0 0.302680 0.754321 0.415547 0.243536
0.0 0.852016 0.707787 0.295969 0.316511
0.0 0.890484 0.615527 0.122500 0.105293
0.0 0.030672 0.752073 0.061344 0.121054
0.0 0.721297 0.607061 0.040563 0.058197
0.0 0.475805 0.571429 0.367641 0.417237
3.0 0.155000 0.896733 0.310000 0.206534
3.0 0.744820 0.668993 0.012953 0.059906
3.0 0.118758 0.735105 0.032078 0.075504
0.0 0.752406 0.626124 0.049438 0.068361
0.0 0.139516 0.733115 0.027625 0.088618
0.0 0.696703 0.634122 0.040438 0.075035
3.0 0.840828 0.645363 0.035594 0.045152
0.0 0.828008 0.562014 0.026953 0.040375
3.0 0.551758 0.802061 0.127484 0.256628
0.0 0.012500 0.793911 0.025000 0.112412
