0.0 0.682812 0.957237 0.065625 0.069079
0.0 0.650000 0.914474 0.050000 0.082237
0.0 0.604687 0.842105 0.035937 0.065789
0.0 0.593750 0.805921 0.031250 0.049342
4.0 0.531250 0.865132 0.023438 0.072368
4.0 0.467187 0.763158 0.015625 0.052632
4.0 0.509375 0.713816 0.012500 0.039474
4.0 0.468750 0.707237 0.012500 0.039474
4.0 0.485938 0.687500 0.010937 0.032895
4.0 0.496875 0.684211 0.009375 0.032895
4.0 0.525000 0.677632 0.009375 0.029605
4.0 0.560937 0.677632 0.009375 0.029605
0.0 0.537500 0.677632 0.009375 0.029605
0.0 0.512500 0.661184 0.009375 0.029605
0.0 0.495313 0.654605 0.012500 0.016447
0.0 0.457812 0.690789 0.021875 0.039474
0.0 0.565625 0.651316 0.007812 0.023026
0.0 0.548438 0.644737 0.009375 0.019737
1.0 0.525000 0.631579 0.023438 0.039474
0.0 0.492188 0.611842 0.031250 0.036184
0.0 0.529687 0.611842 0.029687 0.019737
4.0 0.301562 0.904605 0.056250 0.171053
0.0 0.276563 0.878289 0.035937 0.108553
0.0 0.296875 0.799342 0.035937 0.042763
0.0 0.270312 0.730263 0.020313 0.046053
0.0 0.282813 0.694079 0.031250 0.042763
4.0 0.370313 0.723684 0.014063 0.055921
0.0 0.314063 0.710526 0.028125 0.046053
0.0 0.199219 0.949013 0.064062 0.082237
4.0 0.221875 0.901316 0.031250 0.098684
4.0 0.137500 0.945724 0.040625 0.088816
0.0 0.065625 0.934211 0.112500 0.085526
0.0 0.109375 0.868421 0.101562 0.055921
0.0 0.135938 0.832237 0.096875 0.095395
4.0 0.253125 0.809211 0.015625 0.042763
3.0 0.237500 0.753289 0.010937 0.026316
0.0 0.281250 0.776316 0.035937 0.059211
0.0 0.245313 0.700658 0.018750 0.046053
1.0 0.256250 0.657895 0.025000 0.059211
3.0 0.240625 0.802632 0.006250 0.036184
