3.0 0.803195 0.624075 0.354734 0.285293
0.0 0.468586 0.265445 0.165547 0.259415
0.0 0.263609 0.444988 0.207719 0.234754
0.0 0.209984 0.753372 0.419968 0.470726
0.0 0.960656 0.468981 0.078687 0.242365
0.0 0.928195 0.451230 0.120609 0.220960
0.0 0.888773 0.413724 0.127609 0.172131
0.0 0.822102 0.386042 0.087953 0.130258
0.0 0.286398 0.168396 0.066859 0.131686
0.0 0.283219 0.162166 0.069125 0.119368
0.0 0.178523 0.266089 0.115297 0.113396
1.0 0.230195 0.217424 0.100047 0.075644
0.0 0.710625 0.330960 0.089719 0.117564
0.0 0.309211 0.308946 0.092641 0.114895
0.0 0.585391 0.317834 0.080437 0.101616
0.0 0.728867 0.356522 0.076422 0.135527
0.0 0.226742 0.288384 0.086422 0.094567
0.0 0.340664 0.226206 0.051391 0.062155
3.0 0.819352 0.421522 0.053641 0.121171
0.0 0.101156 0.399215 0.130312 0.164052
3.0 0.293547 0.059684 0.006219 0.009016
0.0 0.424219 0.344262 0.845313 0.683841
0.0 0.660938 0.322014 0.053125 0.100703
0.0 0.353906 0.162763 0.039062 0.044496
