3.0 0.044758 0.778382 0.089516 0.248544
3.0 0.167445 0.802330 0.130891 0.158058
3.0 0.387383 0.737184 0.064828 0.124142
3.0 0.518086 0.725259 0.035672 0.100097
3.0 0.615711 0.721084 0.022266 0.063722
3.0 0.682039 0.702476 0.033266 0.087864
3.0 0.449180 0.740858 0.065422 0.126893
0.0 0.891023 0.642023 0.029391 0.066634
3.0 0.286422 0.760890 0.087438 0.172006
3.0 0.599453 0.714919 0.010875 0.056311
3.0 0.572063 0.722217 0.036031 0.095113
3.0 0.633281 0.703317 0.011906 0.056731
3.0 0.650617 0.696197 0.024422 0.081262
0.0 0.909602 0.710243 0.180797 0.211489
3.0 0.710008 0.687087 0.030766 0.091909
3.0 0.478125 0.674757 0.706250 0.223301
0.0 0.846875 0.671521 0.053125 0.067961
