3.0 0.033523 0.493271 0.020547 0.037458
0.0 0.231453 0.567385 0.237094 0.270979
0.0 0.365031 0.498333 0.069469 0.092625
0.0 0.382953 0.472125 0.057156 0.059083
0.0 0.118203 0.490427 0.033875 0.065187
0.0 0.396859 0.420292 0.079719 0.095000
3.0 0.483602 0.791406 0.095703 0.290063
3.0 0.424922 0.582990 0.022156 0.110937
0.0 0.018789 0.510823 0.037578 0.104021
0.0 0.351094 0.435667 0.017031 0.034750
0.0 0.337203 0.435625 0.017688 0.023917
0.0 0.456906 0.426854 0.007125 0.017208
0.0 0.460938 0.419479 0.009781 0.014458
0.0 0.224609 0.561208 0.250000 0.270833
