0.0 0.303125 0.961111 0.182812 0.075000
0.0 0.371875 0.613889 0.167187 0.275000
0.0 0.400000 0.858333 0.184375 0.211111
0.0 0.378125 0.430556 0.078125 0.088889
0.0 0.460938 0.388889 0.076563 0.141667
0.0 0.514062 0.352778 0.029687 0.102778
0.0 0.575000 0.294444 0.035937 0.047222
0.0 0.568750 0.180556 0.085938 0.102778
0.0 0.517188 0.108333 0.093750 0.041667
0.0 0.720313 0.844444 0.265625 0.302778
0.0 0.562500 0.569444 0.168750 0.438889
0.0 0.778125 0.586111 0.171875 0.252778
0.0 0.934375 0.730556 0.131250 0.536111
0.0 0.739063 0.380556 0.114062 0.175000
0.0 0.850000 0.352778 0.095312 0.205556
0.0 0.631250 0.305556 0.093750 0.080556
0.0 0.726562 0.266667 0.079687 0.052778
0.0 0.801563 0.227778 0.073438 0.050000
0.0 0.651562 0.200000 0.065625 0.127778
0.0 0.725000 0.166667 0.068750 0.066667
0.0 0.721875 0.219444 0.067187 0.038889
0.0 0.660938 0.113889 0.048438 0.033333
0.0 0.739063 0.111111 0.056250 0.050000
0.0 0.651562 0.069444 0.035937 0.033333
0.0 0.696875 0.111111 0.025000 0.044444
