0.0 0.109740 0.879687 0.219479 0.240625
0.0 0.319229 0.790266 0.076792 0.027969
0.0 0.460094 0.780492 0.044062 0.033203
0.0 0.199104 0.864727 0.097125 0.177547
0.0 0.747125 0.816734 0.084667 0.056375
0.0 0.617000 0.809148 0.078375 0.054641
0.0 0.178615 0.836773 0.203313 0.182516
0.0 0.240927 0.778742 0.079104 0.074922
0.0 0.526573 0.777258 0.110146 0.097453
0.0 0.382896 0.736469 0.036208 0.057719
0.0 0.416990 0.722406 0.046104 0.023813
0.0 0.281812 0.743437 0.053042 0.043094
0.0 0.339479 0.748977 0.055958 0.041672
0.0 0.277615 0.714195 0.041188 0.015828
0.0 0.268750 0.821875 0.050000 0.081250
