0.0 0.793750 0.736111 0.409375 0.366667
0.0 0.860938 0.475000 0.275000 0.230556
0.0 0.564063 0.475000 0.165625 0.227778
0.0 0.689063 0.361111 0.142187 0.161111
0.0 0.478125 0.288889 0.068750 0.100000
0.0 0.625000 0.277778 0.076563 0.094444
0.0 0.532813 0.252778 0.050000 0.083333
0.0 0.565625 0.219444 0.045312 0.066667
0.0 0.254688 0.341667 0.217188 0.402778
0.0 0.381250 0.230556 0.076563 0.177778
0.0 0.421875 0.175000 0.051562 0.108333
0.0 0.471875 0.219444 0.046875 0.044444
0.0 0.656250 0.138889 0.054688 0.069444
0.0 0.598437 0.133333 0.065625 0.072222
0.0 0.515625 0.186111 0.056250 0.086111
0.0 0.467187 0.172222 0.043750 0.061111
0.0 0.573438 0.316667 0.093750 0.133333
0.0 0.957031 0.586111 0.082812 0.205556
