0.0 0.744992 0.786865 0.123234 0.123566
0.0 0.377805 0.733963 0.057516 0.056410
1.0 0.608187 0.671632 0.124562 0.205408
0.0 0.454898 0.748345 0.032578 0.077389
0.0 0.509563 0.757086 0.101188 0.137855
1.0 0.383766 0.680513 0.065938 0.124056
1.0 0.448063 0.670629 0.032469 0.050350
0.0 0.344820 0.667238 0.010203 0.019557
0.0 0.326648 0.674907 0.018141 0.020303
0.0 0.095688 0.691317 0.016906 0.007902
0.0 0.108539 0.689417 0.018297 0.009510
0.0 0.469625 0.679452 0.014531 0.020956
0.0 0.496773 0.677925 0.029453 0.017389
