0.0 0.343750 0.571875 0.531250 0.203125
0.0 0.562500 0.473438 0.127083 0.064062
3.0 0.645833 0.470313 0.054167 0.076563
3.0 0.560417 0.481250 0.056250 0.079687
3.0 0.862500 0.471875 0.047917 0.089063
3.0 0.910417 0.462500 0.039583 0.064062
0.0 0.735417 0.465625 0.077083 0.068750
0.0 0.806250 0.460938 0.068750 0.043750
3.0 0.933333 0.456250 0.020833 0.050000
0.0 0.883333 0.442188 0.027083 0.020313
0.0 0.843750 0.425000 0.031250 0.012500
0.0 0.829167 0.434375 0.027083 0.009375
0.0 0.797917 0.435937 0.018750 0.007812
0.0 0.023958 0.551562 0.043750 0.075000
