0.0 0.719300 0.896486 0.039320 0.034955
0.0 0.704050 0.952508 0.048580 0.057447
0.0 0.409580 0.921922 0.036520 0.043243
0.0 0.446180 0.774760 0.017680 0.024715
0.0 0.464020 0.955105 0.042040 0.064505
0.0 0.669700 0.913183 0.039960 0.038078
0.0 0.656670 0.834039 0.033740 0.029099
0.0 0.619710 0.796817 0.021580 0.024324
0.0 0.594430 0.896051 0.028500 0.050420
0.0 0.465290 0.906967 0.034020 0.031892
0.0 0.330930 0.886201 0.058260 0.094985
0.0 0.397350 0.765075 0.017100 0.022583
0.0 0.775140 0.962838 0.048120 0.052462
0.0 0.405790 0.958453 0.039780 0.057147
0.0 0.478000 0.779279 0.364000 0.435435
0.0 0.354000 0.938438 0.036000 0.045045
0.0 0.324000 0.959459 0.040000 0.057057
