0.0 0.351282 0.270527 0.327080 0.482662
3.0 0.895118 0.740546 0.187760 0.518908
4.0 0.561723 0.368219 0.103527 0.222166
4.0 0.849468 0.498212 0.205827 0.397924
0.0 0.051176 0.231225 0.071881 0.121768
0.0 0.162758 0.213423 0.051798 0.112372
4.0 0.647026 0.271998 0.029366 0.071910
4.0 0.951689 0.457666 0.083005 0.253891
0.0 0.087624 0.214894 0.031947 0.054120
4.0 0.572369 0.255421 0.030281 0.048835
4.0 0.604618 0.252949 0.027018 0.040845
4.0 0.608007 0.356585 0.081164 0.184282
4.0 0.796884 0.284527 0.037996 0.052053
4.0 0.675028 0.256252 0.019032 0.027315
4.0 0.743256 0.342054 0.044766 0.134936
3.0 0.174191 0.418501 0.043032 0.127073
0.0 0.190433 0.238992 0.034977 0.110966
3.0 0.808400 0.515449 0.109878 0.173821
