0.0 0.809844 0.296836 0.041063 0.056779
3.0 0.326523 0.806745 0.492641 0.364032
3.0 0.579852 0.812917 0.219828 0.348311
3.0 0.594789 0.755822 0.489984 0.464122
3.0 0.745883 0.658986 0.274391 0.539324
3.0 0.890375 0.477995 0.081437 0.135450
3.0 0.097344 0.440191 0.192750 0.267635
3.0 0.194484 0.409617 0.182969 0.236036
3.0 0.828422 0.536745 0.198188 0.310518
3.0 0.853594 0.425338 0.143500 0.162117
0.0 0.797523 0.252849 0.153984 0.083221
3.0 0.824344 0.533975 0.178625 0.361374
3.0 0.169398 0.881475 0.338796 0.207410
3.0 0.525820 0.366655 0.043672 0.145968
3.0 0.262758 0.662196 0.271672 0.198851
1.0 0.809844 0.287883 0.044656 0.062342
3.0 0.485156 0.625000 0.967187 0.745495
