0.0 0.477344 0.694531 0.129688 0.250000
0.0 0.147656 0.534375 0.164062 0.253125
0.0 0.260156 0.612500 0.154688 0.276562
0.0 0.482812 0.453906 0.093750 0.157812
0.0 0.485938 0.338281 0.064062 0.125000
0.0 0.468750 0.263281 0.048438 0.075000
0.0 0.449219 0.230469 0.037500 0.078125
0.0 0.433594 0.191406 0.043750 0.081250
0.0 0.424219 0.143750 0.035937 0.059375
0.0 0.362500 0.177344 0.042188 0.071875
0.0 0.351562 0.296094 0.051562 0.096875
0.0 0.254687 0.148438 0.051562 0.095312
0.0 0.393750 0.060937 0.032813 0.042188
