3.0 0.597166 0.741160 0.652102 0.517681
0.0 0.125715 0.321510 0.082670 0.151666
4.0 0.073527 0.327084 0.027031 0.115440
4.0 0.266331 0.314261 0.053725 0.100868
4.0 0.351576 0.319390 0.045527 0.101836
0.0 0.381816 0.305061 0.042521 0.072431
0.0 0.476608 0.289779 0.059724 0.085073
0.0 0.518442 0.319197 0.024105 0.037918
0.0 0.594278 0.342307 0.080999 0.071957
0.0 0.535510 0.314827 0.017607 0.019932
1.0 0.618518 0.309749 0.077682 0.061750
0.0 0.685928 0.358374 0.043370 0.062954
4.0 0.715668 0.378310 0.056947 0.084586
0.0 0.733370 0.337244 0.138876 0.098949
0.0 0.901974 0.381525 0.108327 0.093593
