0.0 0.606333 0.528812 0.297046 0.537065
0.0 0.547451 0.281425 0.316280 0.492200
0.0 0.796894 0.262611 0.123322 0.210155
0.0 0.764842 0.389700 0.056164 0.200795
4.0 0.320753 0.281714 0.093899 0.287606
4.0 0.130533 0.279545 0.138354 0.335000
0.0 0.947935 0.386853 0.087839 0.132790
0.0 0.724528 0.243003 0.061847 0.149313
4.0 0.238497 0.148338 0.062842 0.093615
4.0 0.077332 0.212671 0.075104 0.202981
4.0 0.396813 0.240608 0.045602 0.144911
4.0 0.291737 0.144250 0.028283 0.060686
4.0 0.379389 0.161828 0.024296 0.047822
4.0 0.073607 0.097489 0.038362 0.060471
0.0 0.970989 0.505731 0.037332 0.166235
0.0 0.931100 0.345263 0.064836 0.100047
0.0 0.981792 0.362083 0.031754 0.067518
