0.0 0.110938 0.913889 0.185938 0.166667
0.0 0.356250 0.894444 0.156250 0.205556
0.0 0.290625 0.683333 0.103125 0.191667
0.0 0.160937 0.625000 0.092188 0.086111
0.0 0.207812 0.597222 0.079687 0.147222
0.0 0.278125 0.558333 0.079687 0.125000
0.0 0.420312 0.697222 0.078125 0.175000
0.0 0.643750 0.477778 0.056250 0.141667
0.0 0.806250 0.716667 0.081250 0.194444
0.0 0.625000 0.352778 0.040625 0.086111
0.0 0.850000 0.194444 0.026562 0.063889
0.0 0.951562 0.908333 0.093750 0.177778
0.0 0.760937 0.919444 0.159375 0.158333
0.0 0.575000 0.905556 0.159375 0.180556
0.0 0.534375 0.847222 0.156250 0.252778
0.0 0.529687 0.700000 0.135937 0.202778
0.0 0.560937 0.630556 0.115625 0.205556
0.0 0.690625 0.683333 0.134375 0.266667
0.0 0.696875 0.550000 0.109375 0.208333
0.0 0.712500 0.408333 0.076563 0.130556
0.0 0.335938 0.430556 0.084375 0.147222
0.0 0.434375 0.547222 0.096875 0.180556
0.0 0.489062 0.427778 0.082812 0.141667
0.0 0.506250 0.261111 0.073438 0.147222
0.0 0.442187 0.216667 0.073438 0.144444
0.0 0.518750 0.155556 0.065625 0.141667
0.0 0.617188 0.269444 0.045312 0.072222
0.0 0.679688 0.377778 0.060937 0.136111
0.0 0.675000 0.269444 0.042188 0.080556
0.0 0.696875 0.308333 0.054688 0.077778
1.0 0.593750 0.369444 0.071875 0.102778
0.0 0.581250 0.450000 0.089063 0.180556
0.0 0.726562 0.225000 0.042188 0.077778
0.0 0.771875 0.333333 0.053125 0.075000
0.0 0.807812 0.397222 0.064062 0.133333
0.0 0.781250 0.369444 0.057813 0.094444
0.0 0.821875 0.550000 0.070312 0.130556
0.0 0.825000 0.488889 0.084375 0.094444
0.0 0.825000 0.444444 0.084375 0.072222
0.0 0.925000 0.613889 0.120313 0.255556
0.0 0.934375 0.813889 0.131250 0.227778
0.0 0.142188 0.786111 0.140625 0.250000
0.0 0.242188 0.741667 0.082812 0.177778
0.0 0.340625 0.552778 0.070312 0.141667
0.0 0.660938 0.191667 0.031250 0.033333
0.0 0.596875 0.205556 0.037500 0.030556
0.0 0.610938 0.133333 0.046875 0.069444
0.0 0.685937 0.113889 0.042188 0.077778
0.0 0.698437 0.188889 0.037500 0.050000
0.0 0.645313 0.158333 0.026562 0.027778
0.0 0.559375 0.161111 0.018750 0.061111
3.0 0.935938 0.238889 0.020313 0.063889
3.0 0.942187 0.316667 0.050000 0.077778
0.0 0.821875 0.205556 0.040625 0.044444
0.0 0.784375 0.094444 0.018750 0.038889
0.0 0.815625 0.100000 0.015625 0.030556
0.0 0.604687 0.052778 0.031250 0.044444
0.0 0.642188 0.075000 0.032813 0.044444
0.0 0.631250 0.083333 0.035937 0.030556
0.0 0.598438 0.083333 0.031250 0.025000
0.0 0.695312 0.055556 0.026562 0.033333
0.0 0.769531 0.806944 0.135937 0.186111
0.0 0.371875 0.781944 0.137500 0.169444
