3.0 0.309422 0.541710 0.212750 0.285637
3.0 0.314234 0.442488 0.168938 0.193090
0.0 0.947344 0.194057 0.040125 0.060566
0.0 0.933328 0.189894 0.023625 0.045495
0.0 0.823766 0.152877 0.023875 0.029717
0.0 0.892648 0.181922 0.032016 0.046344
3.0 0.843328 0.815318 0.077594 0.173420
3.0 0.241633 0.705483 0.126266 0.174127
0.0 0.976922 0.212335 0.046000 0.110472
0.0 0.887820 0.170684 0.038859 0.045991
0.0 0.807219 0.154127 0.011813 0.017689
0.0 0.856555 0.164316 0.016516 0.033019
0.0 0.840422 0.157335 0.008750 0.023868
0.0 0.795094 0.153208 0.008375 0.009104
3.0 0.421563 0.314198 0.028500 0.039387
