1.0 0.352391 0.484548 0.412594 0.628630
1.0 0.661500 0.589703 0.408531 0.789690
1.0 0.134523 0.440452 0.266328 0.440439
1.0 0.551055 0.208023 0.142547 0.128140
1.0 0.341430 0.199057 0.101609 0.089432
1.0 0.934117 0.341072 0.131766 0.406434
1.0 0.429055 0.189806 0.121578 0.088966
1.0 0.579031 0.098695 0.018937 0.010827
1.0 0.614539 0.178256 0.072422 0.134755
1.0 0.704547 0.109535 0.075313 0.028786
1.0 0.524453 0.136486 0.058531 0.028320
1.0 0.568180 0.111395 0.041266 0.013333
1.0 0.699617 0.174496 0.108484 0.072506
0.0 0.156250 0.844961 0.312500 0.304910
