0.0 0.100805 0.483865 0.201609 0.146229
0.0 0.232250 0.408062 0.109969 0.041208
0.0 0.339875 0.409750 0.107375 0.057083
0.0 0.542148 0.421052 0.051828 0.042521
0.0 0.580313 0.421969 0.078594 0.041438
3.0 0.578414 0.566833 0.243297 0.255042
3.0 0.344258 0.554573 0.165797 0.219104
3.0 0.824578 0.550469 0.074938 0.125438
3.0 0.761563 0.594292 0.127375 0.134167
3.0 0.912289 0.531552 0.080922 0.091021
3.0 0.448039 0.532583 0.136516 0.175292
0.0 0.309211 0.376156 0.144734 0.055479
0.0 0.894305 0.408354 0.163703 0.100958
3.0 0.750391 0.441594 0.026812 0.051063
3.0 0.821469 0.488083 0.061469 0.041958
3.0 0.553180 0.512969 0.032016 0.098312
0.0 0.446031 0.383042 0.101000 0.039500
0.0 0.426008 0.417115 0.049484 0.037896
0.0 0.039727 0.398625 0.079453 0.027958
3.0 0.696523 0.479615 0.044891 0.062771
3.0 0.394531 0.469792 0.570312 0.156250
