3.0 0.654367 0.654583 0.187922 0.190167
3.0 0.506375 0.570438 0.145344 0.185375
3.0 0.418031 0.512073 0.056813 0.106521
3.0 0.592664 0.500458 0.084141 0.085417
3.0 0.643148 0.533250 0.073891 0.101333
0.0 0.578586 0.431896 0.053234 0.046458
0.0 0.910187 0.458760 0.178062 0.088813
1.0 0.871320 0.396052 0.257359 0.178604
0.0 0.371367 0.385094 0.013516 0.015604
0.0 0.968438 0.532500 0.063124 0.042708
0.0 0.476844 0.385292 0.024750 0.021125
0.0 0.380125 0.377646 0.012937 0.015167
0.0 0.356656 0.387094 0.010594 0.017937
3.0 0.978508 0.564646 0.042984 0.102958
3.0 0.850352 0.469104 0.041422 0.060583
3.0 0.637867 0.525490 0.090328 0.083812
3.0 0.476039 0.537437 0.065672 0.069125
