3.0 0.209195 0.278365 0.043703 0.023729
0.0 0.895969 0.657125 0.208062 0.655917
0.0 0.109781 0.356635 0.219563 0.153896
0.0 0.651539 0.235146 0.190891 0.073667
3.0 0.522937 0.350229 0.156812 0.133875
3.0 0.499430 0.241531 0.048766 0.042312
3.0 0.058945 0.257469 0.024828 0.042854
3.0 0.887766 0.248552 0.072563 0.050813
3.0 0.215055 0.258875 0.018047 0.031667
0.0 0.231133 0.555427 0.462266 0.542438
3.0 0.816383 0.256354 0.076641 0.052292
3.0 0.299070 0.236729 0.019797 0.032667
3.0 0.430461 0.235396 0.037703 0.050792
0.0 0.121094 0.228125 0.098437 0.085417
