0.0 0.654562 0.805872 0.167690 0.388256
0.0 0.440023 0.927207 0.118995 0.145586
0.0 0.794795 0.866451 0.152182 0.204742
3.0 0.830820 0.826379 0.033062 0.073199
3.0 0.755572 0.729797 0.034082 0.064741
3.0 0.716033 0.692108 0.021418 0.065833
4.0 0.704940 0.747146 0.021020 0.057258
3.0 0.698617 0.699281 0.030848 0.055931
3.0 0.694208 0.640814 0.031869 0.047473
0.0 0.462677 0.783138 0.080305 0.147566
4.0 0.545729 0.772765 0.049032 0.112956
0.0 0.529920 0.653103 0.060052 0.137355
0.0 0.481319 0.565172 0.052591 0.098300
0.0 0.605429 0.590461 0.104062 0.202913
0.0 0.529340 0.573432 0.031174 0.032467
0.0 0.647423 0.544425 0.040876 0.058894
4.0 0.537398 0.522449 0.039429 0.088672
0.0 0.505176 0.511187 0.024778 0.046889
0.0 0.505446 0.474625 0.028933 0.045096
0.0 0.631172 0.495743 0.034506 0.043419
0.0 0.549710 0.471816 0.026720 0.027829
0.0 0.601064 0.469591 0.039060 0.050201
0.0 0.581408 0.463667 0.022764 0.033910
0.0 0.663069 0.483307 0.037244 0.041509
0.0 0.695263 0.464439 0.032691 0.034727
0.0 0.522240 0.450185 0.029330 0.053671
0.0 0.552420 0.444064 0.022764 0.033910
0.0 0.645598 0.430220 0.071055 0.069922
0.0 0.587649 0.421142 0.036720 0.060687
0.0 0.536394 0.421223 0.019630 0.027244
0.0 0.573340 0.391987 0.025401 0.029855
0.0 0.529601 0.414207 0.014977 0.018319
0.0 0.544921 0.329391 0.009006 0.011420
0.0 0.610512 0.388594 0.036051 0.015784
0.0 0.524271 0.344906 0.013659 0.020346
0.0 0.163269 0.915566 0.189608 0.158706
0.0 0.142709 0.806273 0.157783 0.173170
0.0 0.174595 0.671173 0.132680 0.149746
0.0 0.330500 0.686170 0.082772 0.109328
0.0 0.309570 0.615582 0.082997 0.083720
0.0 0.270953 0.588729 0.082699 0.077288
0.0 0.390978 0.579249 0.055157 0.062206
0.0 0.374131 0.543429 0.053242 0.051369
0.0 0.330662 0.529089 0.058915 0.051837
0.0 0.138904 0.519747 0.197692 0.180729
0.0 0.368402 0.482702 0.049086 0.053163
0.0 0.319091 0.502312 0.033287 0.047590
0.0 0.261693 0.542775 0.036322 0.052112
3.0 0.209047 0.572869 0.022863 0.036053
0.0 0.390102 0.506009 0.044335 0.042094
0.0 0.442349 0.484490 0.034804 0.049850
0.0 0.415602 0.477983 0.032691 0.034727
0.0 0.428438 0.446761 0.034109 0.034844
0.0 0.465610 0.443368 0.022466 0.027478
0.0 0.431346 0.414721 0.046052 0.048642
0.0 0.406315 0.401899 0.036747 0.030790
0.0 0.422909 0.381746 0.023387 0.016876
0.0 0.468121 0.419902 0.014977 0.018319
0.0 0.460406 0.402051 0.012141 0.018085
0.0 0.474191 0.411795 0.014977 0.018319
0.0 0.483495 0.395345 0.013361 0.013914
0.0 0.479737 0.384276 0.012240 0.020229
0.0 0.473043 0.375116 0.009006 0.011420
3.0 0.458463 0.382523 0.003135 0.006665
0.0 0.443460 0.368375 0.013361 0.013914
