0.0 0.842188 0.705556 0.204687 0.227778
0.0 0.457812 0.672222 0.082812 0.094444
0.0 0.120313 0.675000 0.181250 0.122222
0.0 0.082812 0.641667 0.109375 0.069444
0.0 0.290625 0.638889 0.107813 0.097222
0.0 0.373437 0.625000 0.042188 0.041667
0.0 0.409375 0.622222 0.040625 0.038889
0.0 0.509375 0.625000 0.043750 0.047222
0.0 0.560937 0.619444 0.032813 0.047222
0.0 0.534375 0.613889 0.017188 0.036111
0.0 0.542187 0.580556 0.029687 0.036111
3.0 0.425000 0.880556 0.171875 0.230556
3.0 0.704688 0.833333 0.060937 0.180556
3.0 0.615625 0.733333 0.039062 0.119444
3.0 0.643750 0.683333 0.021875 0.086111
