0.0 0.040625 0.488889 0.079687 0.241667
0.0 0.201562 0.550000 0.140625 0.125000
4.0 0.114062 0.497222 0.028125 0.075000
0.0 0.093750 0.494444 0.025000 0.041667
4.0 0.545312 0.611111 0.170313 0.302778
4.0 0.307813 0.522222 0.068750 0.102778
4.0 0.451562 0.463889 0.020313 0.036111
4.0 0.320312 0.475000 0.026562 0.041667
3.0 0.376563 0.541667 0.067187 0.069444
0.0 0.414062 0.502778 0.089063 0.069444
4.0 0.775000 0.483333 0.031250 0.080556
4.0 0.728125 0.486111 0.032813 0.080556
4.0 0.870312 0.472222 0.028125 0.066667
4.0 0.985937 0.486111 0.028125 0.075000
0.0 0.818750 0.480556 0.051562 0.058333
0.0 0.790625 0.422222 0.035937 0.041667
0.0 0.748437 0.436111 0.045312 0.083333
0.0 0.826563 0.433333 0.012500 0.016667
0.0 0.810938 0.441667 0.018750 0.033333
0.0 0.693750 0.466667 0.028125 0.055556
0.0 0.479688 0.488889 0.039062 0.075000
0.0 0.262500 0.458333 0.134375 0.069444
4.0 0.254687 0.488889 0.025000 0.072222
4.0 0.142188 0.494444 0.034375 0.047222
