0.0 0.723437 0.402778 0.153125 0.091667
0.0 0.920312 0.425000 0.112500 0.102778
0.0 0.835938 0.441667 0.068750 0.086111
0.0 0.859375 0.527778 0.079687 0.150000
0.0 0.052344 0.645833 0.104688 0.297222
0.0 0.085938 0.572222 0.146875 0.175000
0.0 0.182812 0.633333 0.153125 0.294444
0.0 0.304688 0.611111 0.181250 0.247222
0.0 0.425000 0.538889 0.082812 0.155556
0.0 0.351562 0.475000 0.103125 0.083333
0.0 0.378125 0.433333 0.065625 0.041667
0.0 0.467187 0.519444 0.114062 0.152778
0.0 0.548438 0.533333 0.128125 0.163889
0.0 0.593750 0.586111 0.167187 0.216667
0.0 0.732812 0.602778 0.095312 0.258333
0.0 0.746875 0.533333 0.090625 0.172222
0.0 0.773438 0.486111 0.056250 0.102778
0.0 0.746875 0.438889 0.075000 0.052778
0.0 0.659375 0.491667 0.096875 0.116667
0.0 0.632812 0.450000 0.068750 0.063889
0.0 0.487500 0.438889 0.137500 0.077778
0.0 0.595313 0.438889 0.073438 0.091667
0.0 0.256250 0.477778 0.101562 0.063889
0.0 0.118750 0.469444 0.128125 0.058333
0.0 0.407813 0.788889 0.475000 0.413889
0.0 0.903125 0.583333 0.192188 0.183333
0.0 0.940625 0.683333 0.115625 0.613889
0.0 0.545312 0.380556 0.050000 0.025000
