0.0 0.712344 0.814506 0.406906 0.116918
0.0 0.726859 0.617506 0.057125 0.072706
0.0 0.495688 0.724318 0.081875 0.081106
0.0 0.558625 0.681447 0.072219 0.075082
0.0 0.969664 0.780247 0.057391 0.158047
0.0 0.493180 0.614859 0.068859 0.083976
0.0 0.644383 0.640235 0.070547 0.051059
0.0 0.662086 0.591035 0.054672 0.060800
0.0 0.421719 0.790094 0.123219 0.165600
0.0 0.669773 0.724035 0.197297 0.129059
0.0 0.348297 0.656424 0.062938 0.081694
0.0 0.777016 0.598447 0.048094 0.063812
0.0 0.503547 0.650435 0.062437 0.066471
0.0 0.555469 0.583529 0.873437 0.828235
0.0 0.887500 0.772941 0.143750 0.171765
0.0 0.523438 0.788235 0.131250 0.150588
