3.0 0.839290 0.319397 0.179340 0.246834
3.0 0.714460 0.407035 0.078440 0.160402
3.0 0.828610 0.852123 0.189100 0.227261
3.0 0.813000 0.826897 0.205120 0.274548
3.0 0.670950 0.750314 0.065300 0.232186
3.0 0.630050 0.712161 0.046100 0.173769
3.0 0.656840 0.693857 0.114320 0.164146
3.0 0.745800 0.811947 0.136240 0.292789
3.0 0.419180 0.764234 0.198280 0.318719
3.0 0.686190 0.724523 0.139900 0.198342
3.0 0.362420 0.830590 0.320280 0.258819
3.0 0.652800 0.431156 0.046680 0.127085
3.0 0.250320 0.707965 0.069640 0.165276
3.0 0.410000 0.597990 0.420000 0.356784
