0.0 0.262984 0.490486 0.189969 0.172417
0.0 0.605328 0.468764 0.039656 0.059972
0.0 0.556391 0.454000 0.082937 0.099389
0.0 0.838828 0.468806 0.017375 0.023333
0.0 0.675922 0.467944 0.017656 0.040500
3.0 0.535320 0.557292 0.082172 0.202250
0.0 0.441516 0.468347 0.155031 0.153528
3.0 0.413203 0.518389 0.082656 0.195222
3.0 0.636266 0.518958 0.034500 0.085750
3.0 0.702969 0.498806 0.021094 0.053056
3.0 0.728352 0.470833 0.008766 0.047500
3.0 0.769023 0.478722 0.010016 0.036222
3.0 0.801562 0.478875 0.011594 0.029861
3.0 0.788258 0.478083 0.013109 0.038778
3.0 0.691094 0.473181 0.021813 0.060806
0.0 0.830414 0.460417 0.007859 0.015778
