3.0 0.521828 0.569658 0.095125 0.148215
0.0 0.834133 0.753936 0.325984 0.334817
0.0 0.734781 0.332775 0.075063 0.047115
0.0 0.831039 0.341809 0.085641 0.045966
0.0 0.965555 0.345611 0.068609 0.049364
0.0 0.329711 0.312518 0.051203 0.037164
0.0 0.249578 0.314535 0.048969 0.035575
0.0 0.157016 0.320782 0.026906 0.034719
0.0 0.116922 0.319046 0.045844 0.041174
0.0 0.066828 0.466638 0.126875 0.125159
0.0 0.421977 0.299267 0.035516 0.022885
0.0 0.357945 0.572127 0.284359 0.215452
0.0 0.388305 0.295831 0.027578 0.023888
0.0 0.293211 0.292103 0.015109 0.017311
0.0 0.452344 0.293399 0.232813 0.039120
