1.0 0.397469 0.243448 0.443250 0.222479
0.0 0.157867 0.725844 0.315734 0.386521
0.0 0.818703 0.309625 0.124188 0.074875
1.0 0.775766 0.239052 0.154062 0.126188
1.0 0.968070 0.255312 0.063547 0.064292
1.0 0.919586 0.238156 0.070078 0.050813
0.0 0.061617 0.506083 0.123234 0.096250
0.0 0.110250 0.427292 0.220500 0.141167
0.0 0.537242 0.326677 0.162766 0.091063
0.0 0.748820 0.412729 0.212266 0.143875
0.0 0.706469 0.334594 0.149531 0.097438
0.0 0.660797 0.297417 0.081750 0.065958
0.0 0.931477 0.308635 0.125922 0.108646
0.0 0.340031 0.450490 0.284031 0.210396
0.0 0.546516 0.498958 0.295687 0.259958
0.0 0.399687 0.349542 0.175187 0.054167
0.0 0.915406 0.241240 0.061281 0.054688
