0.0 0.667850 0.946385 0.196980 0.107230
0.0 0.871460 0.941585 0.201560 0.076400
0.0 0.326180 0.882631 0.048000 0.040215
0.0 0.747030 0.894600 0.073940 0.091415
0.0 0.610810 0.895123 0.048660 0.051354
0.0 0.561160 0.908738 0.014400 0.057908
0.0 0.533240 0.916015 0.057520 0.094431
0.0 0.233670 0.901277 0.060340 0.052523
0.0 0.095940 0.923646 0.142640 0.054185
0.0 0.335280 0.942477 0.130480 0.093200
0.0 0.445610 0.907569 0.061900 0.048123
0.0 0.214090 0.931169 0.074940 0.085169
0.0 0.960910 0.968785 0.078060 0.062431
0.0 0.293000 0.901538 0.582000 0.147692
0.0 0.146000 0.966154 0.288000 0.061538
0.0 0.024000 0.910769 0.044000 0.049231
