4.0 0.325000 0.608333 0.334375 0.730556
4.0 0.689063 0.438889 0.201563 0.538889
0.0 0.137500 0.419444 0.275000 0.838889
4.0 0.573438 0.263889 0.106250 0.319444
0.0 0.451562 0.188889 0.148438 0.258333
0.0 0.268750 0.101389 0.153125 0.202778
0.0 0.364063 0.072222 0.137500 0.119444
0.0 0.518750 0.113889 0.110937 0.166667
4.0 0.632812 0.166667 0.059375 0.097222
1.0 0.834375 0.183333 0.229687 0.305556
3.0 0.939063 0.286111 0.112500 0.225000
0.0 0.676562 0.136111 0.070312 0.091667
0.0 0.614062 0.091667 0.050000 0.091667
4.0 0.262500 0.172222 0.087500 0.147222
