0.0 0.252358 0.790625 0.165094 0.187500
0.0 0.341981 0.606250 0.082547 0.087500
0.0 0.561321 0.600000 0.082547 0.073438
0.0 0.754717 0.901563 0.221698 0.193750
0.0 0.636792 0.696875 0.176887 0.134375
0.0 0.389151 0.507812 0.117925 0.106250
0.0 0.885613 0.825781 0.228774 0.232813
0.0 0.775943 0.617188 0.143868 0.115625
0.0 0.466981 0.617188 0.122642 0.128125
0.0 0.516509 0.818750 0.240566 0.312500
0.0 0.639151 0.587500 0.106132 0.075000
0.0 0.518868 0.501563 0.077830 0.070312
0.0 0.622642 0.528125 0.089623 0.053125
0.0 0.946934 0.607031 0.106132 0.073438
3.0 0.983491 0.550000 0.033018 0.045312
0.0 0.962264 0.501563 0.051887 0.034375
0.0 0.825472 0.514062 0.056604 0.034375
0.0 0.750000 0.487500 0.049528 0.039062
0.0 0.459906 0.490625 0.033019 0.042188
0.0 0.521226 0.437500 0.037736 0.035937
0.0 0.629717 0.478125 0.047170 0.031250
3.0 0.799528 0.475000 0.025943 0.026562
0.0 0.592199 0.496875 0.054374 0.031250
