0.0 0.781860 0.858680 0.054040 0.030107
0.0 0.454500 0.844000 0.056040 0.026720
0.0 0.540740 0.866093 0.116640 0.056773
0.0 0.575480 0.844560 0.035720 0.019840
0.0 0.476750 0.860573 0.060140 0.050907
0.0 0.867890 0.869493 0.134540 0.080107
0.0 0.392610 0.845867 0.037140 0.032427
0.0 0.457170 0.862840 0.061660 0.050853
0.0 0.485120 0.935400 0.251120 0.112347
0.0 0.148030 0.820667 0.028660 0.047200
0.0 0.421350 0.849093 0.051660 0.039733
0.0 0.022760 0.803880 0.045520 0.127493
0.0 0.522930 0.825933 0.029460 0.019440
0.0 0.348000 0.866667 0.088000 0.058667
