0.0 0.867563 0.230141 0.081469 0.066511
0.0 0.804250 0.221663 0.076219 0.071054
0.0 0.390875 0.223630 0.053562 0.046089
0.0 0.277500 0.227998 0.057156 0.040164
0.0 0.535602 0.224602 0.062672 0.039789
0.0 0.355687 0.221604 0.057250 0.051265
0.0 0.612695 0.201967 0.098641 0.091475
0.0 0.435664 0.226054 0.052422 0.041850
0.0 0.318008 0.225070 0.022172 0.048080
1.0 0.509758 0.217553 0.075609 0.063115
0.0 0.947328 0.230972 0.103250 0.073653
0.0 0.182023 0.233044 0.032203 0.030913
0.0 0.242062 0.229742 0.023563 0.035785
0.0 0.985070 0.228396 0.029859 0.055574
0.0 0.550781 0.209602 0.704688 0.119438
0.0 0.215625 0.228337 0.034375 0.035129
