0.0 0.789297 0.727699 0.247156 0.195521
0.0 0.911750 0.721902 0.172094 0.160041
0.0 0.300625 0.670767 0.048594 0.049468
0.0 0.483187 0.792137 0.374312 0.271922
0.0 0.366742 0.659458 0.078516 0.074785
0.0 0.142758 0.687014 0.024766 0.055910
0.0 0.148172 0.659714 0.032531 0.048548
0.0 0.982055 0.680593 0.033891 0.043272
0.0 0.857547 0.634836 0.284906 0.099162
1.0 0.388602 0.612290 0.068578 0.034969
0.0 0.677445 0.633599 0.078828 0.089202
1.0 0.263477 0.632863 0.019422 0.021350
1.0 0.319219 0.647945 0.030281 0.035276
0.0 0.512797 0.651350 0.041031 0.017914
0.0 0.458898 0.643282 0.124703 0.039530
0.0 0.124203 0.647832 0.016469 0.017955
1.0 0.423805 0.616871 0.142516 0.077055
