0.0 0.679813 0.338526 0.015281 0.018656
0.0 0.652984 0.338774 0.016875 0.016509
0.0 0.706070 0.336120 0.019641 0.020590
0.0 0.327375 0.285955 0.015594 0.014033
0.0 0.295836 0.278726 0.008016 0.015896
0.0 0.300984 0.261050 0.012500 0.014741
0.0 0.254406 0.262972 0.011781 0.010943
0.0 0.450242 0.297677 0.011984 0.012429
0.0 0.758344 0.351073 0.017625 0.018090
0.0 0.435937 0.299281 0.011938 0.006910
0.0 0.873828 0.305578 0.022437 0.013137
0.0 0.944781 0.317323 0.027344 0.017429
0.0 0.470313 0.270047 0.396875 0.054245
1.0 0.991406 0.313679 0.017188 0.033019
