0.0 0.499516 0.502252 0.997563 0.959545
0.0 0.909078 0.472355 0.181844 0.330331
0.0 0.032242 0.501798 0.064484 0.187314
0.0 0.845352 0.285393 0.084984 0.094421
1.0 0.098086 0.179711 0.046859 0.132231
0.0 0.137945 0.313306 0.052453 0.179091
0.0 0.025109 0.330661 0.050218 0.153554
0.0 0.019070 0.222789 0.038141 0.069132
0.0 0.018258 0.152500 0.036516 0.071694
0.0 0.013453 0.088843 0.026719 0.061736
0.0 0.044727 0.422541 0.077359 0.203264
0.0 0.102539 0.022376 0.027484 0.039132
0.0 0.086703 0.141033 0.044031 0.112893
0.0 0.084516 0.107087 0.052187 0.123678
0.0 0.135313 0.359236 0.035937 0.164917
0.0 0.517969 0.185950 0.964062 0.371900
0.0 0.959375 0.260331 0.081250 0.115702
