0.0 0.793555 0.277471 0.118047 0.100187
0.0 0.265344 0.263349 0.104937 0.110117
0.0 0.663555 0.212155 0.097734 0.067119
0.0 0.496555 0.178981 0.125141 0.061429
0.0 0.440273 0.210632 0.091047 0.054988
0.0 0.364180 0.269262 0.102234 0.100070
0.0 0.318461 0.175597 0.134453 0.069555
0.0 0.224562 0.202529 0.079406 0.070492
0.0 0.136469 0.213162 0.067594 0.052365
0.0 0.761594 0.205796 0.129250 0.076979
1.0 0.333414 0.206112 0.094578 0.069789
0.0 0.926859 0.273642 0.129250 0.121429
1.0 0.029516 0.164239 0.059031 0.069274
0.0 0.872070 0.210984 0.113891 0.078080
0.0 0.057484 0.249742 0.082406 0.121358
0.0 0.678297 0.275422 0.115250 0.098712
0.0 0.464453 0.273197 0.109375 0.101756
0.0 0.500000 0.186183 0.996875 0.288056
0.0 0.161719 0.263466 0.104688 0.100703
0.0 0.571875 0.265808 0.118750 0.091335
0.0 0.986719 0.215457 0.026562 0.074941
0.0 0.993750 0.285714 0.012500 0.056206
