1.0 0.700336 0.664791 0.073109 0.208802
1.0 0.651320 0.489234 0.062766 0.126323
1.0 0.446164 0.233329 0.065984 0.121755
1.0 0.674820 0.589331 0.054297 0.159387
1.0 0.630297 0.452368 0.049281 0.152201
1.0 0.563805 0.282883 0.069953 0.117131
0.0 0.648062 0.751003 0.034156 0.053203
0.0 0.644227 0.724123 0.037828 0.041560
0.0 0.637406 0.691365 0.035531 0.051476
0.0 0.545750 0.408997 0.027813 0.040836
0.0 0.494047 0.462827 0.023688 0.034791
0.0 0.485625 0.442632 0.032438 0.033064
1.0 0.518203 0.261866 0.074063 0.124234
0.0 0.534414 0.077117 0.021703 0.032953
0.0 0.538977 0.048900 0.021516 0.025877
3.0 0.562336 0.032772 0.006672 0.018691
1.0 0.592180 0.323259 0.054078 0.130139
0.0 0.526273 0.139331 0.057641 0.041114
0.0 0.564969 0.126685 0.042750 0.029192
0.0 0.468922 0.376643 0.031344 0.016741
0.0 0.485594 0.422270 0.029000 0.024596
0.0 0.628906 0.110028 0.039062 0.047354
0.0 0.459375 0.387187 0.056250 0.044568
