3.0 0.143040 0.773045 0.268000 0.449433
3.0 0.481890 0.584269 0.106420 0.225970
3.0 0.396110 0.893030 0.073940 0.184687
3.0 0.924700 0.838896 0.145680 0.322209
3.0 0.720440 0.702791 0.208400 0.111851
3.0 0.901230 0.626612 0.110380 0.160090
3.0 0.821400 0.633433 0.140440 0.115522
3.0 0.267710 0.483134 0.064780 0.172716
0.0 0.060370 0.328672 0.033140 0.049463
0.0 0.085020 0.328075 0.031240 0.040925
0.0 0.094550 0.320612 0.030180 0.044567
0.0 0.171180 0.308015 0.040080 0.040209
0.0 0.164140 0.259000 0.011040 0.012090
0.0 0.180750 0.242761 0.013100 0.014299
3.0 0.405480 0.696552 0.154240 0.256985
3.0 0.880290 0.788731 0.055540 0.083731
0.0 0.023210 0.315134 0.046420 0.152716
3.0 0.783840 0.480373 0.034280 0.034836
3.0 0.516260 0.417627 0.031480 0.070119
3.0 0.349030 0.511149 0.030740 0.028567
