0.0 0.779687 0.758333 0.296875 0.194444
0.0 0.617188 0.663889 0.035937 0.108333
0.0 0.506250 0.672222 0.132812 0.158333
0.0 0.107813 0.661111 0.042188 0.058333
3.0 0.278125 0.683333 0.075000 0.066667
0.0 0.078125 0.713889 0.076563 0.108333
3.0 0.040625 0.761111 0.065625 0.088889
4.0 0.081250 0.652778 0.007812 0.016667
4.0 0.132812 0.655556 0.006250 0.022222
4.0 0.137500 0.652778 0.003125 0.019444
0.0 0.156250 0.650000 0.004687 0.013889
3.0 0.164062 0.655556 0.004687 0.013889
3.0 0.985938 0.681944 0.025000 0.069444
