0.0 0.150000 0.456250 0.297917 0.293750
0.0 0.622917 0.310937 0.143750 0.067187
0.0 0.583333 0.296875 0.068750 0.045312
0.0 0.916667 0.296875 0.070833 0.040625
0.0 0.816667 0.289062 0.043750 0.029687
3.0 0.764583 0.295312 0.031250 0.046875
0.0 0.722917 0.287500 0.031250 0.025000
0.0 0.885417 0.289062 0.043750 0.040625
3.0 0.968750 0.292187 0.022917 0.043750
3.0 0.847917 0.282813 0.018750 0.028125
0.0 0.912500 0.264062 0.020833 0.007812
0.0 0.820833 0.264062 0.041667 0.021875
3.0 0.787500 0.290625 0.027083 0.045312
0.0 0.885417 0.262500 0.025000 0.010937
0.0 0.745833 0.290625 0.047917 0.037500
0.0 0.695833 0.265625 0.033333 0.012500
