0.0 0.946875 0.927632 0.079687 0.128289
0.0 0.857813 0.894737 0.078125 0.115132
3.0 0.942187 0.845395 0.039062 0.036184
3.0 0.845312 0.796053 0.031250 0.036184
3.0 0.810938 0.796053 0.029687 0.042763
3.0 0.800000 0.789474 0.026562 0.039474
3.0 0.793750 0.776316 0.032813 0.049342
3.0 0.795313 0.730263 0.014063 0.032895
3.0 0.745312 0.700658 0.014063 0.023026
0.0 0.764063 0.736842 0.050000 0.059211
3.0 0.740625 0.684211 0.020313 0.023026
4.0 0.626563 0.680921 0.015625 0.049342
0.0 0.596875 0.657895 0.039062 0.049342
0.0 0.617188 0.621711 0.012500 0.029605
0.0 0.573437 0.592105 0.028125 0.059211
3.0 0.542187 0.598684 0.004687 0.026316
4.0 0.523438 0.572368 0.006250 0.023026
3.0 0.512500 0.552632 0.003125 0.016447
0.0 0.526562 0.546053 0.010937 0.026316
0.0 0.529687 0.723684 0.031250 0.059211
0.0 0.464063 0.805921 0.029687 0.118421
4.0 0.406250 0.822368 0.026562 0.105263
4.0 0.417188 0.756579 0.023438 0.078947
4.0 0.431250 0.743421 0.014063 0.072368
4.0 0.434375 0.703947 0.015625 0.032895
4.0 0.459375 0.684211 0.014063 0.062500
4.0 0.462500 0.651316 0.012500 0.042763
3.0 0.473437 0.717105 0.007812 0.039474
4.0 0.237500 0.901316 0.089063 0.164474
3.0 0.265625 0.812500 0.032813 0.039474
3.0 0.273438 0.802632 0.042188 0.032895
3.0 0.292188 0.786184 0.028125 0.039474
3.0 0.309375 0.779605 0.010937 0.036184
3.0 0.331250 0.730263 0.021875 0.016447
0.0 0.389062 0.746711 0.031250 0.075658
0.0 0.412500 0.703947 0.021875 0.032895
0.0 0.365625 0.707237 0.068750 0.049342
0.0 0.404687 0.687500 0.046875 0.023026
0.0 0.389062 0.664474 0.067187 0.036184
0.0 0.403125 0.608553 0.015625 0.039474
0.0 0.428125 0.634868 0.021875 0.065789
0.0 0.426562 0.569079 0.010937 0.026316
0.0 0.456250 0.565789 0.007812 0.026316
0.0 0.475000 0.546053 0.010937 0.039474
4.0 0.445312 0.542763 0.004687 0.013158
0.0 0.465625 0.539474 0.004687 0.016447
3.0 0.459375 0.509868 0.001563 0.006579
4.0 0.446875 0.559211 0.006250 0.019737
