3.0 0.982969 0.644977 0.034000 0.107887
0.0 0.375961 0.509777 0.081078 0.068944
0.0 0.424547 0.492054 0.059937 0.074155
0.0 0.540070 0.464484 0.171234 0.219906
3.0 0.095664 0.516772 0.030922 0.057441
3.0 0.126289 0.542218 0.031359 0.036784
3.0 0.059383 0.531127 0.010047 0.039624
3.0 0.030195 0.526655 0.019078 0.062512
3.0 0.869906 0.553498 0.020094 0.061502
3.0 0.048133 0.526667 0.022359 0.059296
3.0 0.072516 0.518650 0.016344 0.061526
3.0 0.009797 0.530258 0.019594 0.063474
3.0 0.989102 0.663005 0.021797 0.112911
3.0 0.862820 0.534847 0.019797 0.053685
3.0 0.064297 0.522336 0.019281 0.055000
3.0 0.972320 0.613768 0.054641 0.146268
