0.0 0.555305 0.485188 0.023703 0.031549
0.0 0.535484 0.485047 0.020344 0.019155
0.0 0.584273 0.485939 0.024922 0.030798
3.0 0.112945 0.622066 0.225891 0.232817
3.0 0.483844 0.580141 0.071531 0.110516
3.0 0.320055 0.546127 0.065953 0.134131
3.0 0.215977 0.605775 0.073578 0.142441
3.0 0.987836 0.524648 0.024328 0.062113
3.0 0.969641 0.511913 0.041656 0.077488
3.0 0.933922 0.511573 0.057813 0.066009
3.0 0.904555 0.512840 0.026328 0.051174
3.0 0.363000 0.522923 0.047531 0.093028
3.0 0.369500 0.512829 0.040719 0.080493
3.0 0.815914 0.504155 0.052547 0.058779
3.0 0.344641 0.537700 0.045125 0.102864
3.0 0.184109 0.568756 0.174594 0.167042
3.0 0.554688 0.546948 0.706250 0.239437
3.0 0.755469 0.496479 0.045312 0.044601
3.0 0.392188 0.514085 0.040625 0.070423
3.0 0.884375 0.508216 0.034375 0.058685
