0.0 0.556250 0.366667 0.156250 0.261111
0.0 0.210938 0.638889 0.325000 0.388889
0.0 0.487500 0.561111 0.073438 0.141667
0.0 0.335938 0.841667 0.134375 0.238889
0.0 0.362500 0.708333 0.115625 0.147222
0.0 0.593750 0.561111 0.078125 0.130556
0.0 0.857812 0.494444 0.068750 0.116667
0.0 0.945312 0.519444 0.070312 0.133333
0.0 0.918750 0.905556 0.157812 0.177778
0.0 0.693750 0.372222 0.037500 0.063889
0.0 0.696875 0.480556 0.071875 0.147222
0.0 0.081250 0.422222 0.101562 0.094444
0.0 0.737500 0.300000 0.073438 0.100000
3.0 0.800000 0.308333 0.014063 0.047222
0.0 0.393750 0.943056 0.206250 0.108333
0.0 0.019531 0.438889 0.039062 0.072222
0.0 0.750000 0.408333 0.053125 0.072222
0.0 0.031250 0.916667 0.062500 0.155556
0.0 0.877344 0.433333 0.048438 0.083333
0.0 0.886719 0.388889 0.042188 0.072222
0.0 0.992969 0.531944 0.010937 0.097222
0.0 0.937500 0.458333 0.056250 0.094444
