1.0 0.870539 0.895365 0.258234 0.209187
0.0 0.951859 0.575604 0.095375 0.084125
0.0 0.947813 0.546760 0.104375 0.068312
0.0 0.953211 0.525490 0.093578 0.046604
0.0 0.072922 0.477510 0.061781 0.036687
0.0 0.130375 0.467865 0.046000 0.030771
0.0 0.037156 0.478979 0.056750 0.044583
0.0 0.182695 0.457635 0.056047 0.031563
0.0 0.951914 0.514635 0.093578 0.045521
0.0 0.971250 0.488156 0.055937 0.032604
0.0 0.118031 0.468406 0.236063 0.070896
0.0 0.111461 0.469948 0.053922 0.034854
0.0 0.239258 0.451490 0.018328 0.011437
0.0 0.031312 0.448500 0.060969 0.028000
0.0 0.993750 0.340625 0.009375 0.022917
0.0 0.920313 0.719792 0.159374 0.156250
0.0 0.156250 0.461458 0.053125 0.027083
