3.0 0.539438 0.597834 0.082750 0.261101
0.0 0.784242 0.425714 0.035047 0.036815
3.0 0.843320 0.598876 0.313359 0.779766
3.0 0.121164 0.482927 0.091016 0.166042
0.0 0.047883 0.475293 0.095766 0.207073
3.0 0.373195 0.459052 0.060266 0.107330
3.0 0.440383 0.458314 0.042234 0.088103
3.0 0.462562 0.453279 0.041344 0.083466
3.0 0.195234 0.474473 0.073813 0.148197
3.0 0.301969 0.468138 0.065187 0.124848
3.0 0.382281 0.456276 0.058313 0.087400
3.0 0.410492 0.457728 0.048172 0.094988
3.0 0.337016 0.461159 0.056375 0.118431
3.0 0.325195 0.473372 0.037578 0.098689
3.0 0.167578 0.508232 0.055437 0.096932
0.0 0.707898 0.421323 0.021141 0.027190
3.0 0.584961 0.454941 0.012797 0.036019
3.0 0.414844 0.463700 0.420312 0.140515
3.0 0.246094 0.469555 0.079687 0.142857
0.0 0.629688 0.426230 0.053125 0.065574
0.0 0.808594 0.412178 0.035937 0.056206
0.0 0.658594 0.425059 0.032813 0.058548
