4.0 0.334375 0.555556 0.245312 0.177778
0.0 0.629687 0.450000 0.110937 0.211111
0.0 0.909375 0.375000 0.095312 0.113889
0.0 0.967187 0.350000 0.014063 0.055556
4.0 0.506250 0.422222 0.081250 0.130556
0.0 0.567187 0.383333 0.037500 0.058333
0.0 0.243750 0.411111 0.053125 0.058333
3.0 0.139063 0.441667 0.029687 0.077778
0.0 0.079687 0.430556 0.062500 0.069444
0.0 0.025781 0.401389 0.051562 0.113889
3.0 0.521875 0.441667 0.046875 0.066667
3.0 0.487500 0.443056 0.043750 0.063889
1.0 0.184375 0.388889 0.071875 0.094444
3.0 0.017969 0.586111 0.035937 0.177778
