0.0 0.443748 0.906659 0.172439 0.160012
0.0 0.714041 0.753704 0.120332 0.185740
0.0 0.773890 0.614126 0.106840 0.122307
0.0 0.586907 0.645687 0.067629 0.119220
0.0 0.402970 0.554977 0.056655 0.088526
0.0 0.426825 0.488794 0.049294 0.066252
0.0 0.581349 0.457401 0.035519 0.059744
0.0 0.563610 0.415167 0.026589 0.042770
0.0 0.614147 0.443648 0.030065 0.045755
0.0 0.569400 0.388399 0.024613 0.031768
0.0 0.484021 0.387122 0.024748 0.037201
0.0 0.405199 0.808339 0.122646 0.210328
0.0 0.180197 0.651781 0.118775 0.123246
0.0 0.298620 0.492313 0.061364 0.072625
0.0 0.163393 0.503446 0.081687 0.068802
0.0 0.314019 0.422742 0.043502 0.038678
0.0 0.043698 0.585090 0.087396 0.115631
0.0 0.044759 0.848649 0.089517 0.198353
0.0 0.578467 0.367333 0.020932 0.020630
0.0 0.564895 0.363543 0.015818 0.020227
0.0 0.526427 0.330567 0.014045 0.017377
0.0 0.456866 0.311478 0.010432 0.008956
0.0 0.442156 0.421940 0.031839 0.048607
0.0 0.522963 0.401077 0.024681 0.034484
0.0 0.641582 0.919091 0.102742 0.161817
0.0 0.553660 0.814583 0.076614 0.206704
0.0 0.551160 0.572088 0.043286 0.098320
0.0 0.548752 0.463001 0.026995 0.059072
0.0 0.452995 0.398291 0.017726 0.028514
0.0 0.491869 0.414964 0.019837 0.044950
0.0 0.517577 0.411543 0.019566 0.034082
0.0 0.541107 0.427008 0.021542 0.045084
0.0 0.550986 0.373337 0.014316 0.028245
0.0 0.534072 0.366560 0.012678 0.030828
0.0 0.516888 0.370653 0.014316 0.028245
0.0 0.513614 0.364950 0.014248 0.025528
0.0 0.069988 0.618603 0.077925 0.122741
0.0 0.183107 0.534945 0.051539 0.088123
0.0 0.232075 0.557858 0.055153 0.096542
0.0 0.233767 0.489929 0.045681 0.057833
0.0 0.301057 0.394496 0.021339 0.036933
0.0 0.261857 0.459472 0.052433 0.055652
0.0 0.332029 0.454107 0.043840 0.052264
0.0 0.358266 0.360886 0.049294 0.066252
0.0 0.387452 0.355017 0.012475 0.022676
0.0 0.467581 0.361326 0.016021 0.028379
0.0 0.549336 0.302423 0.019431 0.028648
0.0 0.551798 0.340731 0.021474 0.042368
0.0 0.571025 0.323188 0.023247 0.045218
0.0 0.522058 0.300276 0.014113 0.020093
0.0 0.498257 0.295680 0.012475 0.022676
0.0 0.487215 0.327480 0.012610 0.028111
0.0 0.476512 0.345694 0.017658 0.025796
0.0 0.489677 0.365788 0.021203 0.031499
0.0 0.496971 0.347304 0.016021 0.028379
0.0 0.519337 0.340898 0.015954 0.025662
0.0 0.425433 0.338951 0.015886 0.022945
0.0 0.499607 0.584365 0.064760 0.140688
0.0 0.614849 0.552601 0.071174 0.124922
0.0 0.672465 0.502688 0.063745 0.099931
4.0 0.881501 0.614431 0.077790 0.117308
4.0 0.957815 0.636774 0.076220 0.122607
0.0 0.605068 0.396652 0.028226 0.040187
0.0 0.596950 0.379678 0.019363 0.025930
0.0 0.573962 0.342476 0.015886 0.022945
0.0 0.508012 0.315505 0.013910 0.011942
0.0 0.372023 0.631491 0.089305 0.169738
0.0 0.456891 0.447602 0.035858 0.073329
0.0 0.273170 0.416803 0.048955 0.052666
0.0 0.603173 0.472731 0.029998 0.043039
3.0 0.629018 0.463876 0.018403 0.055685
3.0 0.482097 0.670104 0.045329 0.112040
3.0 0.288349 0.630349 0.014925 0.052699
4.0 0.170606 0.419618 0.099751 0.110902
0.0 0.385138 0.379337 0.024410 0.023616
0.0 0.090827 0.467786 0.057614 0.058772
3.0 0.355546 0.401509 0.014519 0.036396
3.0 0.755471 0.939270 0.064422 0.121459
1.0 0.506028 0.463722 0.046290 0.082287
