4.0 0.406439 0.753759 0.092636 0.234906
4.0 0.510213 0.666360 0.060675 0.103799
4.0 0.586907 0.643234 0.052673 0.127335
4.0 0.151348 0.799702 0.095534 0.117298
4.0 0.194005 0.766810 0.051860 0.093363
3.0 0.284851 0.731766 0.035047 0.083936
4.0 0.344117 0.698033 0.026232 0.073499
0.0 0.310694 0.696852 0.027469 0.045621
0.0 0.356428 0.660358 0.040791 0.073969
0.0 0.326491 0.661299 0.027469 0.045621
3.0 0.449726 0.659656 0.027458 0.090670
0.0 0.793172 0.536651 0.413657 0.418281
4.0 0.978222 0.605044 0.043556 0.296016
3.0 0.500365 0.691847 0.029926 0.057438
