0.0 0.429688 0.502778 0.051562 0.130556
0.0 0.492188 0.477778 0.035937 0.052778
0.0 0.603125 0.463889 0.039062 0.041667
0.0 0.695312 0.569444 0.043750 0.086111
0.0 0.667187 0.527778 0.035937 0.072222
0.0 0.754688 0.638889 0.070312 0.066667
0.0 0.112500 0.616667 0.053125 0.091667
0.0 0.143750 0.547222 0.051562 0.058333
0.0 0.128125 0.580556 0.057813 0.072222
0.0 0.170312 0.522222 0.035937 0.047222
0.0 0.167188 0.486111 0.034375 0.038889
0.0 0.185937 0.461111 0.026562 0.038889
0.0 0.200000 0.555556 0.048438 0.052778
0.0 0.220313 0.438889 0.023438 0.022222
3.0 0.295312 0.608333 0.028125 0.097222
3.0 0.262500 0.591667 0.020313 0.063889
3.0 0.245313 0.580556 0.018750 0.052778
3.0 0.229688 0.597222 0.031250 0.052778
3.0 0.029687 0.552778 0.035937 0.055556
3.0 0.503125 0.352778 0.006250 0.019444
0.0 0.498437 0.341667 0.007812 0.016667
0.0 0.482812 0.341667 0.007812 0.019444
0.0 0.470313 0.347222 0.010937 0.016667
0.0 0.450000 0.341667 0.010937 0.025000
0.0 0.587500 0.658333 0.070312 0.058333
0.0 0.073438 0.958333 0.134375 0.077778
0.0 0.184375 0.616667 0.085938 0.086111
0.0 0.237500 0.663889 0.082812 0.097222
0.0 0.037500 0.616667 0.070312 0.075000
0.0 0.039062 0.691667 0.075000 0.069444
0.0 0.182813 0.691667 0.095312 0.050000
0.0 0.296875 0.575000 0.062500 0.088889
0.0 0.092187 0.550000 0.078125 0.080556
0.0 0.207812 0.522222 0.054688 0.030556
0.0 0.253125 0.530556 0.059375 0.077778
0.0 0.320312 0.522222 0.051562 0.063889
0.0 0.315625 0.361111 0.035937 0.033333
0.0 0.339063 0.355556 0.009375 0.025000
0.0 0.365625 0.330556 0.025000 0.022222
0.0 0.285937 0.500000 0.042188 0.050000
0.0 0.245313 0.488889 0.042188 0.033333
0.0 0.268750 0.458333 0.043750 0.036111
0.0 0.325000 0.441667 0.020313 0.033333
0.0 0.257812 0.436111 0.023438 0.019444
0.0 0.290625 0.436111 0.031250 0.036111
0.0 0.339063 0.488889 0.040625 0.061111
0.0 0.356250 0.463889 0.031250 0.050000
0.0 0.365625 0.433333 0.035937 0.061111
0.0 0.328125 0.380556 0.028125 0.033333
0.0 0.387500 0.397222 0.020313 0.036111
0.0 0.381250 0.341667 0.015625 0.022222
0.0 0.404687 0.372222 0.010937 0.027778
0.0 0.285937 0.419444 0.025000 0.027778
0.0 0.321875 0.411111 0.023438 0.022222
0.0 0.340625 0.438889 0.012500 0.038889
0.0 0.375000 0.369444 0.018750 0.016667
0.0 0.410937 0.358333 0.012500 0.019444
0.0 0.414062 0.333333 0.015625 0.019444
0.0 0.400000 0.311111 0.010937 0.019444
0.0 0.459375 0.325000 0.007812 0.016667
0.0 0.471875 0.313889 0.007812 0.013889
0.0 0.456250 0.305556 0.006250 0.008333
0.0 0.442187 0.322222 0.009375 0.013889
