0.0 0.481490 0.491914 0.065437 0.033016
0.0 0.493844 0.478039 0.047979 0.028828
0.0 0.529802 0.477742 0.024063 0.018672
0.0 0.088427 0.486742 0.092188 0.038891
0.0 0.238802 0.479172 0.020813 0.023438
0.0 0.369740 0.473031 0.024021 0.016063
0.0 0.410104 0.472414 0.022042 0.007078
0.0 0.337302 0.473758 0.039896 0.020453
0.0 0.309906 0.474133 0.033438 0.022234
0.0 0.158021 0.480773 0.076083 0.038828
0.0 0.270271 0.481008 0.051708 0.023547
0.0 0.210479 0.478102 0.050917 0.034641
0.0 0.524760 0.481828 0.016021 0.022344
0.0 0.905208 0.498437 0.189583 0.043750
