0.0 0.395313 0.736111 0.210938 0.144444
0.0 0.664062 0.633333 0.251563 0.263889
0.0 0.895312 0.700000 0.032813 0.105556
0.0 0.951562 0.672222 0.095312 0.386111
0.0 0.814063 0.663889 0.026562 0.061111
0.0 0.854688 0.658333 0.034375 0.041667
0.0 0.832812 0.650000 0.015625 0.038889
0.0 0.038281 0.781944 0.076563 0.213889
0.0 0.215625 0.702778 0.071875 0.108333
4.0 0.325000 0.683333 0.056250 0.080556
0.0 0.268750 0.652778 0.181250 0.094444
4.0 0.525000 0.661111 0.020313 0.052778
4.0 0.496875 0.663889 0.017188 0.044444
4.0 0.470313 0.661111 0.031250 0.052778
