0.0 0.510297 0.692955 0.118031 0.296579
0.0 0.493648 0.451687 0.143828 0.148301
0.0 0.592523 0.446112 0.114047 0.144617
0.0 0.453797 0.478038 0.072188 0.107608
0.0 0.659508 0.712309 0.080141 0.131459
0.0 0.350328 0.869115 0.127500 0.162297
0.0 0.092961 0.889701 0.096859 0.155048
0.0 0.145805 0.881328 0.055766 0.164043
0.0 0.761375 0.912285 0.140594 0.165861
0.0 0.216102 0.846734 0.084172 0.140742
0.0 0.144734 0.868397 0.118750 0.157177
0.0 0.788273 0.927931 0.092891 0.143086
0.0 0.672727 0.854486 0.055047 0.134952
0.0 0.277641 0.810921 0.044312 0.103660
0.0 0.344039 0.751029 0.064891 0.073732
0.0 0.032664 0.906495 0.064828 0.187010
0.0 0.423664 0.887273 0.772078 0.181005
0.0 0.894375 0.850060 0.211250 0.299880
0.0 0.507812 0.747608 0.509375 0.145933
