0.0 0.739523 0.703656 0.053141 0.085479
0.0 0.802352 0.692167 0.038641 0.054083
0.0 0.685297 0.656542 0.015156 0.018833
0.0 0.721391 0.665615 0.020156 0.019563
0.0 0.449461 0.648208 0.148047 0.177583
3.0 0.610281 0.725104 0.036562 0.074542
3.0 0.701969 0.722354 0.040750 0.086000
3.0 0.769281 0.727500 0.033594 0.079333
3.0 0.871141 0.732406 0.038000 0.077896
3.0 0.948344 0.738469 0.041094 0.075354
0.0 0.536523 0.645125 0.058672 0.131958
0.0 0.578172 0.647281 0.028500 0.085938
3.0 0.841352 0.724552 0.039234 0.079687
3.0 0.978187 0.720750 0.035313 0.079750
0.0 0.893680 0.710542 0.037016 0.073708
0.0 0.707875 0.655333 0.012562 0.015375
3.0 0.799883 0.700615 0.016797 0.047063
0.0 0.598742 0.659979 0.027953 0.048875
