0.0 0.250000 0.688889 0.179688 0.188889
0.0 0.448438 0.616667 0.132812 0.161111
0.0 0.295312 0.838889 0.162500 0.313889
3.0 0.564063 0.783333 0.109375 0.169444
3.0 0.617188 0.691667 0.079687 0.100000
3.0 0.940625 0.863889 0.114062 0.144444
3.0 0.944531 0.934722 0.110937 0.125000
0.0 0.414062 0.430556 0.245312 0.308333
0.0 0.678125 0.472222 0.092188 0.091667
0.0 0.618750 0.400000 0.132812 0.138889
4.0 0.978125 0.475000 0.039062 0.083333
0.0 0.439063 0.888889 0.140625 0.216667
0.0 0.582031 0.504167 0.101562 0.108333
