0.0 0.578163 0.690154 0.112378 0.141295
0.0 0.301331 0.503358 0.025263 0.044812
4.0 0.378709 0.547885 0.021557 0.059477
3.0 0.355854 0.557609 0.019857 0.092419
4.0 0.341222 0.531811 0.014541 0.058739
3.0 0.499584 0.639437 0.021255 0.050412
4.0 0.250114 0.476745 0.009627 0.037145
4.0 0.240392 0.472690 0.011130 0.040314
3.0 0.202196 0.520219 0.032089 0.123816
3.0 0.223246 0.522433 0.013439 0.067656
0.0 0.182157 0.445339 0.019752 0.047244
4.0 0.319373 0.511321 0.012634 0.043484
4.0 0.259836 0.480800 0.012534 0.040462
