3.0 0.664062 0.647917 0.028125 0.054167
4.0 0.734375 0.595833 0.034375 0.072917
0.0 0.850000 0.547917 0.081250 0.039583
0.0 0.781250 0.595833 0.046875 0.066667
0.0 0.985938 0.702083 0.025000 0.079167
0.0 0.700000 0.518750 0.029687 0.039583
0.0 0.673438 0.506250 0.018750 0.039583
4.0 0.626563 0.508333 0.018750 0.041667
0.0 0.539062 0.537500 0.026562 0.050000
0.0 0.534375 0.485417 0.018750 0.033333
0.0 0.634375 0.466667 0.043750 0.025000
0.0 0.595313 0.454167 0.020313 0.025000
0.0 0.575000 0.450000 0.018750 0.025000
0.0 0.539062 0.450000 0.012500 0.020833
0.0 0.584375 0.539583 0.040625 0.045833
4.0 0.084375 0.739583 0.068750 0.114583
0.0 0.256250 0.625000 0.050000 0.079167
4.0 0.346875 0.485417 0.017188 0.033333
0.0 0.456250 0.481250 0.025000 0.031250
3.0 0.400000 0.483333 0.012500 0.022917
0.0 0.432812 0.433333 0.010937 0.022917
