4.0 0.799623 0.821155 0.315472 0.357689
4.0 0.411212 0.597901 0.104219 0.341509
4.0 0.160708 0.631842 0.257370 0.480932
4.0 0.219598 0.585101 0.214808 0.361821
4.0 0.268516 0.526137 0.181433 0.272413
0.0 0.601756 0.587223 0.128663 0.328154
0.0 0.281111 0.377464 0.192382 0.232056
4.0 0.494907 0.455819 0.030995 0.121438
0.0 0.397699 0.357119 0.039182 0.089707
4.0 0.539395 0.490318 0.047730 0.169067
4.0 0.428593 0.423125 0.034206 0.051452
4.0 0.467653 0.433920 0.027471 0.083258
4.0 0.916671 0.524394 0.089217 0.133206
0.0 0.587192 0.410800 0.045918 0.057902
3.0 0.222474 0.765314 0.114595 0.266047
3.0 0.260322 0.672108 0.116497 0.204763
3.0 0.319904 0.582950 0.069032 0.140936
3.0 0.047102 0.870466 0.040352 0.250530
