0.0 0.085938 0.397196 0.035937 0.060748
4.0 0.076563 0.343458 0.029687 0.037383
4.0 0.043750 0.317757 0.032813 0.049065
4.0 0.104688 0.203271 0.029687 0.046729
4.0 0.117188 0.184579 0.029687 0.046729
0.0 0.078125 0.978972 0.059375 0.025701
3.0 0.040625 0.696262 0.050000 0.044393
0.0 0.107813 0.121495 0.050000 0.053738
0.0 0.014844 0.015187 0.029687 0.030374
0.0 0.055469 0.015187 0.045312 0.030374
0.0 0.121094 0.036215 0.089063 0.072430
0.0 0.171875 0.114486 0.092188 0.095794
0.0 0.187500 0.088785 0.078125 0.091121
0.0 0.268750 0.126168 0.096875 0.135514
0.0 0.385937 0.193925 0.129688 0.119159
3.0 0.371875 0.247664 0.023438 0.032710
0.0 0.332813 0.224299 0.059375 0.056075
0.0 0.253125 0.205607 0.073438 0.065421
0.0 0.193750 0.184579 0.053125 0.060748
0.0 0.462500 0.179907 0.029687 0.028037
4.0 0.471875 0.207944 0.035937 0.037383
1.0 0.525000 0.186916 0.065625 0.044393
0.0 0.634375 0.235981 0.029687 0.049065
0.0 0.623437 0.189252 0.104688 0.095794
4.0 0.696875 0.079439 0.015625 0.032710
0.0 0.735938 0.100467 0.021875 0.035047
0.0 0.754687 0.051402 0.053125 0.079439
0.0 0.760938 0.014019 0.023438 0.023364
0.0 0.545312 0.254673 0.125000 0.079439
4.0 0.571875 0.303738 0.034375 0.044393
0.0 0.439063 0.317757 0.051562 0.035047
4.0 0.420312 0.352804 0.037500 0.035047
4.0 0.464062 0.350467 0.042188 0.044393
4.0 0.453125 0.401869 0.034375 0.056075
4.0 0.409375 0.394860 0.021875 0.037383
4.0 0.389062 0.397196 0.020313 0.044393
4.0 0.381250 0.432243 0.025000 0.058411
4.0 0.409375 0.429907 0.023438 0.044393
3.0 0.153125 0.598131 0.045312 0.046729
3.0 0.203125 0.577103 0.020313 0.060748
3.0 0.254688 0.803738 0.042188 0.051402
3.0 0.350000 0.806075 0.043750 0.042056
4.0 0.212500 0.780374 0.050000 0.098131
3.0 0.229687 0.707944 0.023438 0.058411
0.0 0.132812 0.357477 0.048438 0.072430
4.0 0.175000 0.338785 0.040625 0.049065
3.0 0.215625 0.324766 0.018750 0.037383
3.0 0.150000 0.413551 0.026562 0.037383
0.0 0.301563 0.266355 0.060937 0.060748
0.0 0.317188 0.467290 0.126562 0.184579
4.0 0.418750 0.478972 0.031250 0.058411
3.0 0.446875 0.478972 0.020313 0.039720
0.0 0.487500 0.450935 0.043750 0.067757
4.0 0.478125 0.518692 0.042188 0.063084
3.0 0.506250 0.324766 0.031250 0.042056
0.0 0.528125 0.434579 0.075000 0.086449
0.0 0.448437 0.584112 0.079687 0.095794
0.0 0.370312 0.649533 0.070312 0.107477
4.0 0.464062 0.663551 0.045312 0.072430
0.0 0.304688 0.724299 0.060937 0.142523
4.0 0.301563 0.841121 0.062500 0.063084
4.0 0.339062 0.880841 0.042188 0.088785
4.0 0.382812 0.864486 0.048438 0.079439
4.0 0.360938 0.962617 0.064062 0.058411
4.0 0.423438 0.918224 0.050000 0.086449
4.0 0.453125 0.817757 0.054688 0.086449
4.0 0.514062 0.862150 0.059375 0.077103
4.0 0.473438 0.962617 0.059375 0.060748
4.0 0.587500 0.915888 0.057813 0.086449
4.0 0.620313 0.969626 0.060937 0.046729
0.0 0.601562 0.838785 0.200000 0.278037
0.0 0.576562 0.712617 0.053125 0.067757
0.0 0.595313 0.661215 0.087500 0.100467
0.0 0.534375 0.528037 0.079687 0.091121
4.0 0.523438 0.567757 0.048438 0.065421
3.0 0.539062 0.633178 0.025000 0.058411
0.0 0.606250 0.581776 0.048438 0.077103
0.0 0.617188 0.535047 0.098437 0.123832
0.0 0.825000 0.866822 0.253125 0.252336
4.0 0.692187 0.677570 0.048438 0.060748
0.0 0.814063 0.710280 0.092188 0.109813
0.0 0.845313 0.677570 0.098437 0.119159
4.0 0.882812 0.801402 0.051562 0.077103
0.0 0.773438 0.317757 0.098437 0.156542
0.0 0.862500 0.179907 0.075000 0.149533
0.0 0.745313 0.184579 0.067187 0.135514
0.0 0.676562 0.278037 0.096875 0.156542
0.0 0.721875 0.322430 0.056250 0.086449
0.0 0.801562 0.196262 0.067187 0.105140
0.0 0.917188 0.102804 0.046875 0.102804
0.0 0.817187 0.067757 0.060937 0.098131
0.0 0.889062 0.037383 0.050000 0.074766
0.0 0.714063 0.558685 0.090625 0.112676
