0.0 0.535118 0.913223 0.031722 0.035533
0.0 0.524080 0.841697 0.024696 0.069544
0.0 0.544093 0.791003 0.018675 0.064409
0.0 0.517634 0.760546 0.021503 0.052275
0.0 0.534666 0.709735 0.021442 0.047375
0.0 0.511156 0.801967 0.013717 0.025030
0.0 0.567055 0.742876 0.009215 0.022404
0.0 0.561552 0.705889 0.007694 0.019895
3.0 0.547621 0.747016 0.006174 0.017386
3.0 0.551028 0.712829 0.004683 0.017327
3.0 0.565293 0.644749 0.003133 0.012368
0.0 0.562648 0.617680 0.007633 0.014995
0.0 0.579345 0.593821 0.013869 0.037281
4.0 0.574539 0.620598 0.006174 0.017386
0.0 0.579923 0.547266 0.007603 0.012544
0.0 0.601578 0.484380 0.006052 0.007585
0.0 0.588257 0.476501 0.006144 0.014936
0.0 0.591026 0.493771 0.007633 0.014995
0.0 0.188218 0.873853 0.114566 0.109810
