0.0 0.778125 0.463889 0.165625 0.147222
4.0 0.326562 0.433333 0.045312 0.080556
4.0 0.517188 0.447222 0.042188 0.097222
0.0 0.387500 0.391667 0.009375 0.013889
0.0 0.410938 0.391667 0.014063 0.022222
0.0 0.439063 0.388889 0.020313 0.019444
0.0 0.451562 0.391667 0.010937 0.019444
0.0 0.476562 0.408333 0.037500 0.077778
0.0 0.517188 0.430556 0.048438 0.088889
0.0 0.545312 0.425000 0.015625 0.063889
4.0 0.462500 0.425000 0.020313 0.061111
4.0 0.401562 0.413889 0.015625 0.019444
4.0 0.428125 0.413889 0.015625 0.022222
3.0 0.446875 0.436111 0.014063 0.058333
4.0 0.662500 0.411111 0.017188 0.027778
4.0 0.689063 0.416667 0.017188 0.038889
4.0 0.592187 0.405556 0.015625 0.022222
3.0 0.603125 0.555710 0.043750 0.125348
