4.0 0.053610 0.426059 0.107221 0.534984
4.0 0.365548 0.350103 0.115047 0.295353
4.0 0.450480 0.316871 0.059942 0.158024
4.0 0.492454 0.297203 0.036409 0.093292
4.0 0.526261 0.315839 0.040202 0.102666
4.0 0.269154 0.222996 0.052692 0.095314
0.0 0.205475 0.276996 0.224130 0.208928
0.0 0.315514 0.239499 0.050665 0.089212
0.0 0.475192 0.283419 0.024775 0.062343
0.0 0.526451 0.263568 0.044127 0.081786
0.0 0.609239 0.337266 0.116758 0.218747
0.0 0.589156 0.270329 0.088849 0.122440
4.0 0.555034 0.338812 0.025028 0.128508
0.0 0.286013 0.140730 0.127690 0.131077
4.0 0.705489 0.365492 0.051773 0.117075
