0.0 0.756655 0.891860 0.438975 0.216280
4.0 0.352020 0.790590 0.243774 0.348521
4.0 0.546305 0.822964 0.248878 0.333146
0.0 0.722150 0.815186 0.138642 0.135514
0.0 0.582088 0.759503 0.090006 0.130661
0.0 0.540774 0.730692 0.037428 0.080032
3.0 0.537897 0.744549 0.029939 0.086376
0.0 0.631541 0.752465 0.050596 0.083615
0.0 0.872747 0.885446 0.241006 0.185721
0.0 0.687251 0.770553 0.051010 0.069759
4.0 0.956426 0.852587 0.031013 0.061524
0.0 0.823933 0.787252 0.030195 0.033362
0.0 0.809367 0.780360 0.019829 0.024953
3.0 0.482018 0.708848 0.024923 0.065454
4.0 0.180509 0.650222 0.059889 0.116877
4.0 0.103402 0.626311 0.085068 0.129318
0.0 0.966921 0.956109 0.066158 0.087782
0.0 0.138699 0.860783 0.277398 0.194807
3.0 0.597290 0.876366 0.129091 0.155266
0.0 0.808057 0.815139 0.069281 0.057968
3.0 0.159281 0.662014 0.025662 0.074037
