0.0 0.537871 0.382039 0.133765 0.070328
3.0 0.667035 0.515047 0.343624 0.185688
0.0 0.481612 0.344891 0.152165 0.062938
3.0 0.105518 0.424531 0.070188 0.067062
3.0 0.846882 0.433555 0.081012 0.089516
3.0 0.233118 0.426070 0.063459 0.066078
1.0 0.132859 0.368477 0.162094 0.141672
0.0 0.275929 0.389367 0.075906 0.068203
0.0 0.652812 0.346695 0.080824 0.031391
3.0 0.432153 0.437805 0.085953 0.072891
3.0 0.035694 0.412266 0.026212 0.063500
0.0 0.375082 0.355469 0.103153 0.050562
0.0 0.331247 0.398969 0.046494 0.067062
0.0 0.586541 0.354305 0.061835 0.015047
1.0 0.015294 0.373437 0.030588 0.178125
