4.0 0.425694 0.553819 0.029167 0.059028
4.0 0.371528 0.706597 0.087500 0.260417
4.0 0.338194 0.391493 0.059722 0.053819
4.0 0.360417 0.340278 0.048611 0.041667
4.0 0.431944 0.428819 0.044444 0.048611
4.0 0.695139 0.455729 0.043056 0.092014
1.0 0.470139 0.475694 0.034722 0.065972
1.0 0.402778 0.493056 0.033333 0.059028
1.0 0.537500 0.428819 0.025000 0.034722
0.0 0.647917 0.892361 0.054167 0.111111
1.0 0.755556 0.510417 0.088889 0.079861
1.0 0.890972 0.905382 0.218056 0.154514
1.0 0.885417 0.437500 0.045833 0.038194
1.0 0.189583 0.583333 0.056944 0.079861
0.0 0.260417 0.631076 0.043056 0.057292
