0.0 0.207812 0.605556 0.412500 0.297222
4.0 0.860937 0.711111 0.071875 0.097222
4.0 0.857813 0.697222 0.042188 0.083333
4.0 0.606250 0.727778 0.065625 0.180556
4.0 0.501563 0.663889 0.050000 0.086111
3.0 0.717187 0.686111 0.018750 0.047222
4.0 0.660938 0.650000 0.023438 0.055556
3.0 0.557812 0.655556 0.015625 0.047222
0.0 0.692188 0.644444 0.018750 0.033333
0.0 0.645313 0.616667 0.031250 0.058333
0.0 0.426562 0.594444 0.051562 0.058333
3.0 0.035156 0.758333 0.067187 0.150000
3.0 0.512500 0.683333 0.025000 0.050000
