0.0 0.335938 0.686111 0.187500 0.225000
0.0 0.065625 0.808333 0.131250 0.330556
0.0 0.450000 0.569444 0.157812 0.127778
0.0 0.714063 0.547222 0.054688 0.136111
4.0 0.792188 0.619444 0.028125 0.077778
0.0 0.618750 0.541667 0.032813 0.050000
0.0 0.573438 0.466667 0.031250 0.072222
4.0 0.892188 0.672222 0.040625 0.105556
4.0 0.976562 0.658333 0.037500 0.086111
0.0 0.878125 0.550000 0.026562 0.069444
0.0 0.796875 0.500000 0.026562 0.047222
0.0 0.460938 0.488889 0.076563 0.038889
0.0 0.445312 0.502778 0.073438 0.041667
4.0 0.821875 0.616667 0.028125 0.072222
0.0 0.509375 0.920833 0.103125 0.152778
0.0 0.509375 0.920833 0.103125 0.152778
