3.0 0.251310 0.818200 0.215756 0.363600
3.0 0.816768 0.826922 0.366463 0.249570
0.0 0.912012 0.289516 0.175976 0.340790
0.0 0.672153 0.327115 0.267668 0.328060
0.0 0.412225 0.378173 0.286141 0.356793
0.0 0.138299 0.511089 0.276597 0.406151
0.0 0.129995 0.393334 0.259990 0.260121
0.0 0.024836 0.301156 0.049672 0.105924
0.0 0.069710 0.248582 0.050468 0.080270
0.0 0.162432 0.306341 0.158886 0.200232
0.0 0.220382 0.295261 0.099851 0.204654
0.0 0.024141 0.198674 0.048281 0.148102
0.0 0.484659 0.269964 0.132931 0.212077
0.0 0.400266 0.221549 0.167090 0.073819
0.0 0.375395 0.196138 0.105519 0.057037
0.0 0.716579 0.262576 0.178809 0.260427
0.0 0.885234 0.150908 0.166488 0.094565
0.0 0.856860 0.101190 0.266575 0.202380
0.0 0.375032 0.188272 0.095379 0.073791
4.0 0.653915 0.137092 0.024148 0.050394
4.0 0.630615 0.145765 0.027407 0.053473
4.0 0.602365 0.149880 0.028012 0.066582
4.0 0.528841 0.165868 0.034048 0.062253
4.0 0.462802 0.172848 0.029701 0.035577
