3.0 0.468650 0.451653 0.025980 0.043893
0.0 0.687590 0.486680 0.176180 0.144560
0.0 0.065180 0.411280 0.100280 0.097173
0.0 0.299350 0.393227 0.034180 0.048533
0.0 0.591560 0.459187 0.085720 0.113413
0.0 0.794230 0.428813 0.078900 0.079387
3.0 0.325020 0.431360 0.011200 0.018987
1.0 0.125200 0.404107 0.036840 0.075040
1.0 0.433090 0.421333 0.050940 0.071627
3.0 0.280610 0.415680 0.004940 0.018400
0.0 0.172750 0.404240 0.035140 0.021867
3.0 0.244040 0.412013 0.012080 0.019813
3.0 0.254270 0.407600 0.007340 0.013653
1.0 0.387840 0.394240 0.066360 0.093973
1.0 0.297910 0.393720 0.038100 0.046000
0.0 0.152400 0.418853 0.013080 0.036747
0.0 0.889000 0.445333 0.122000 0.106667
