0.0 0.106305 0.152010 0.046016 0.045062
0.0 0.302937 0.314354 0.057688 0.058833
0.0 0.185992 0.357719 0.043328 0.054979
0.0 0.151648 0.320854 0.050609 0.057083
1.0 0.723359 0.692125 0.178906 0.202917
1.0 0.545234 0.529156 0.156562 0.176938
1.0 0.261906 0.408687 0.127688 0.141583
0.0 0.094516 0.770521 0.032813 0.043750
0.0 0.083680 0.249344 0.044828 0.060187
0.0 0.832352 0.961177 0.095297 0.054104
0.0 0.038789 0.091958 0.036922 0.037333
0.0 0.867281 0.654729 0.090156 0.092458
0.0 0.012531 0.062333 0.024313 0.033500
0.0 0.089844 0.572917 0.039062 0.045833
