4.0 0.843750 0.634375 0.310417 0.243750
0.0 0.325000 0.635938 0.389583 0.182812
0.0 0.560417 0.559375 0.250000 0.078125
3.0 0.029167 0.585938 0.043750 0.053125
4.0 0.204167 0.535937 0.068750 0.050000
4.0 0.104167 0.542188 0.052083 0.064062
4.0 0.629167 0.534375 0.102083 0.065625
4.0 0.708333 0.542188 0.052083 0.093750
4.0 0.158333 0.545312 0.039583 0.078125
0.0 0.043750 0.556250 0.087500 0.062500
0.0 0.022917 0.507812 0.045833 0.037500
0.0 0.487500 0.520312 0.085417 0.021875
0.0 0.297917 0.537500 0.097917 0.025000
4.0 0.389583 0.539062 0.083333 0.062500
4.0 0.264583 0.518750 0.031250 0.028125
4.0 0.339583 0.515625 0.029167 0.018750
4.0 0.820833 0.514062 0.056250 0.037500
