0.0 0.765625 0.113889 0.196875 0.186111
0.0 0.926562 0.116667 0.140625 0.216667
0.0 0.920313 0.377778 0.156250 0.219444
0.0 0.778125 0.427778 0.226562 0.211111
0.0 0.390625 0.730556 0.168750 0.394444
0.0 0.754688 0.925000 0.251563 0.130556
0.0 0.650000 0.725000 0.317188 0.400000
0.0 0.579688 0.466667 0.156250 0.172222
0.0 0.482812 0.388889 0.103125 0.169444
0.0 0.137500 0.277778 0.050000 0.105556
0.0 0.200000 0.319444 0.059375 0.125000
3.0 0.207812 0.397222 0.040625 0.088889
0.0 0.050000 0.200000 0.096875 0.241667
0.0 0.096875 0.186111 0.025000 0.058333
0.0 0.584375 0.336111 0.146875 0.136111
0.0 0.678125 0.297222 0.153125 0.119444
0.0 0.528125 0.258333 0.117188 0.100000
0.0 0.431250 0.275000 0.093750 0.100000
0.0 0.370313 0.300000 0.085938 0.119444
0.0 0.298438 0.344444 0.112500 0.150000
0.0 0.301562 0.255556 0.068750 0.083333
0.0 0.321875 0.222222 0.050000 0.083333
0.0 0.337500 0.194444 0.067187 0.086111
0.0 0.226562 0.252778 0.081250 0.108333
0.0 0.654687 0.233333 0.115625 0.102778
0.0 0.896875 0.238889 0.117188 0.080556
0.0 0.787500 0.280556 0.154688 0.105556
0.0 0.732812 0.222222 0.073438 0.055556
0.0 0.785938 0.200000 0.081250 0.063889
0.0 0.662500 0.172222 0.076563 0.058333
0.0 0.625000 0.144444 0.095312 0.083333
0.0 0.600000 0.194444 0.053125 0.050000
0.0 0.559375 0.211111 0.076563 0.058333
0.0 0.526562 0.183333 0.042188 0.041667
0.0 0.475000 0.186111 0.054688 0.052778
0.0 0.414062 0.222222 0.084375 0.063889
0.0 0.259375 0.208333 0.057813 0.061111
0.0 0.278125 0.177778 0.042188 0.047222
0.0 0.170312 0.225000 0.043750 0.077778
0.0 0.121875 0.233333 0.040625 0.069444
0.0 0.190625 0.188889 0.042188 0.050000
0.0 0.129687 0.194444 0.039062 0.052778
0.0 0.239062 0.155556 0.042188 0.041667
0.0 0.435937 0.125000 0.117188 0.075000
0.0 0.309375 0.091667 0.082812 0.075000
0.0 0.385938 0.161111 0.059375 0.063889
0.0 0.164062 0.161111 0.026562 0.030556
0.0 0.114062 0.144444 0.035937 0.038889
0.0 0.195312 0.147222 0.029687 0.036111
0.0 0.234375 0.108333 0.032813 0.044444
0.0 0.981250 0.775000 0.037500 0.136111
0.0 0.954688 0.925000 0.087500 0.147222
0.0 0.142188 0.144444 0.023438 0.041667
