0.0 0.915109 0.694594 0.064875 0.087688
0.0 0.023938 0.627792 0.047875 0.039167
3.0 0.731859 0.690812 0.044750 0.081792
3.0 0.678023 0.695646 0.054266 0.065250
3.0 0.620055 0.694427 0.045609 0.056146
3.0 0.566180 0.693875 0.023891 0.053375
3.0 0.514617 0.694427 0.043359 0.057813
3.0 0.454203 0.688354 0.035094 0.053875
3.0 0.779359 0.704250 0.047875 0.054667
3.0 0.219477 0.671010 0.095297 0.078229
3.0 0.131797 0.670010 0.092812 0.074021
3.0 0.325383 0.677344 0.075516 0.071604
3.0 0.842500 0.698375 0.058031 0.073083
3.0 0.412398 0.687573 0.042266 0.058562
3.0 0.469531 0.691667 0.182812 0.045833
