0.0 0.534781 0.307383 0.083414 0.131255
0.0 0.716223 0.338572 0.074485 0.104197
0.0 0.034527 0.732653 0.069053 0.126984
0.0 0.402787 0.458095 0.082166 0.090305
0.0 0.038146 0.882121 0.076292 0.196775
0.0 0.097396 0.942910 0.159399 0.114181
0.0 0.203914 0.868792 0.222961 0.083623
0.0 0.241691 0.827779 0.225582 0.116471
0.0 0.329543 0.669203 0.222148 0.163300
0.0 0.377934 0.603005 0.155466 0.102451
0.0 0.525906 0.709838 0.169387 0.187015
0.0 0.688560 0.497989 0.092717 0.117450
0.0 0.502872 0.487539 0.104829 0.142635
0.0 0.606639 0.637786 0.218965 0.112024
0.0 0.594525 0.720478 0.068990 0.136606
0.0 0.820302 0.499057 0.082977 0.116922
0.0 0.845215 0.462842 0.080292 0.082027
0.0 0.470283 0.378556 0.054943 0.047947
0.0 0.035934 0.484639 0.071869 0.062167
0.0 0.142049 0.439405 0.161897 0.100756
0.0 0.796453 0.410109 0.068741 0.075269
0.0 0.882305 0.399306 0.067555 0.089513
0.0 0.801137 0.350379 0.070240 0.071261
0.0 0.847467 0.323259 0.042393 0.061577
0.0 0.897166 0.353381 0.077983 0.059416
0.0 0.916959 0.309240 0.067368 0.083371
0.0 0.948490 0.276769 0.029344 0.058825
0.0 0.972467 0.263165 0.035401 0.044844
0.0 0.857831 0.289883 0.031592 0.026241
0.0 0.841161 0.276430 0.038210 0.030688
0.0 0.843722 0.253731 0.024788 0.015651
0.0 0.722218 0.321840 0.086722 0.133478
0.0 0.726527 0.249825 0.054070 0.019282
0.0 0.742324 0.234613 0.072364 0.034582
0.0 0.896106 0.265250 0.054881 0.045900
0.0 0.932446 0.230467 0.033466 0.034519
0.0 0.793022 0.297496 0.043455 0.043237
0.0 0.950364 0.165676 0.099271 0.042659
0.0 0.813254 0.161041 0.129744 0.056087
0.0 0.955874 0.140842 0.088251 0.015338
0.0 0.695435 0.189983 0.095216 0.039908
0.0 0.778789 0.203925 0.057692 0.031743
0.0 0.738267 0.208172 0.055694 0.019370
0.0 0.795584 0.221474 0.037336 0.055170
0.0 0.844597 0.229073 0.030156 0.032296
0.0 0.885056 0.222780 0.031592 0.026241
0.0 0.958295 0.171642 0.026598 0.021882
0.0 0.986718 0.225430 0.026565 0.024018
0.0 0.586044 0.282046 0.168514 0.158350
3.0 0.612261 0.502122 0.040458 0.051251
0.0 0.233895 0.411870 0.055005 0.049995
0.0 0.325554 0.378193 0.098774 0.050321
0.0 0.439253 0.320761 0.093718 0.043915
0.0 0.363578 0.345370 0.105393 0.054768
0.0 0.946556 0.213295 0.028470 0.030160
4.0 0.855523 0.214126 0.013611 0.021178
0.0 0.697996 0.167285 0.029533 0.011821
0.0 0.186027 0.880815 0.372055 0.238370
0.0 0.349580 0.922619 0.359884 0.154761
