0.0 0.637500 0.733333 0.446875 0.530556
0.0 0.267188 0.736111 0.531250 0.522222
4.0 0.160937 0.450000 0.195312 0.180556
0.0 0.384375 0.419444 0.056250 0.150000
0.0 0.768750 0.322222 0.062500 0.047222
0.0 0.889063 0.258333 0.053125 0.077778
0.0 0.884375 0.294444 0.026562 0.038889
0.0 0.845312 0.450000 0.156250 0.225000
0.0 0.718750 0.408333 0.117188 0.147222
0.0 0.567188 0.497222 0.245312 0.247222
0.0 0.489062 0.433333 0.167187 0.158333
0.0 0.617188 0.333333 0.087500 0.100000
4.0 0.581250 0.350000 0.050000 0.086111
0.0 0.273438 0.463889 0.089063 0.119444
4.0 0.682812 0.319444 0.039062 0.036111
4.0 0.731250 0.322222 0.028125 0.058333
0.0 0.845312 0.325000 0.056250 0.063889
0.0 0.925000 0.266667 0.037500 0.058333
0.0 0.854687 0.269444 0.025000 0.047222
0.0 0.893750 0.372222 0.071875 0.102778
0.0 0.029687 0.613889 0.056250 0.341667
0.0 0.985937 0.261111 0.028125 0.041667
0.0 0.667969 0.363889 0.092188 0.066667
3.0 0.119531 0.580556 0.107813 0.172222
0.0 0.788281 0.373611 0.067187 0.102778
