0.0 0.234375 0.558333 0.131250 0.166667
0.0 0.270312 0.797222 0.148438 0.313889
0.0 0.371875 0.922222 0.114062 0.141667
3.0 0.590625 0.788889 0.056250 0.163889
0.0 0.490625 0.794444 0.100000 0.300000
0.0 0.692188 0.877778 0.146875 0.233333
0.0 0.507812 0.361111 0.026562 0.050000
0.0 0.540625 0.458333 0.037500 0.086111
0.0 0.532813 0.327778 0.018750 0.038889
0.0 0.392188 0.741667 0.067187 0.175000
0.0 0.329688 0.597222 0.056250 0.108333
0.0 0.421875 0.580556 0.042188 0.116667
0.0 0.445312 0.463889 0.026562 0.072222
0.0 0.400000 0.508333 0.048438 0.086111
0.0 0.354688 0.472222 0.046875 0.072222
0.0 0.418750 0.397222 0.031250 0.050000
0.0 0.415625 0.441667 0.035937 0.061111
0.0 0.467187 0.408333 0.032813 0.044444
0.0 0.504688 0.416667 0.029687 0.050000
0.0 0.559375 0.433333 0.034375 0.063889
0.0 0.573437 0.522222 0.053125 0.091667
0.0 0.609375 0.652778 0.075000 0.144444
0.0 0.790625 0.658333 0.101562 0.122222
0.0 0.831250 0.613889 0.087500 0.108333
0.0 0.762500 0.516667 0.071875 0.075000
0.0 0.778125 0.488889 0.062500 0.072222
0.0 0.723438 0.427778 0.048438 0.052778
0.0 0.521875 0.391667 0.026562 0.047222
0.0 0.429688 0.347222 0.018750 0.027778
0.0 0.500000 0.441667 0.025000 0.047222
0.0 0.470313 0.438889 0.023438 0.050000
0.0 0.479688 0.358333 0.015625 0.041667
0.0 0.453125 0.366667 0.020313 0.041667
0.0 0.459375 0.350000 0.015625 0.036111
0.0 0.487500 0.330556 0.012500 0.030556
0.0 0.532813 0.344444 0.014063 0.033333
0.0 0.470313 0.336111 0.012500 0.033333
0.0 0.506250 0.333333 0.015625 0.013889
0.0 0.484375 0.347222 0.014063 0.033333
0.0 0.715625 0.450000 0.031250 0.061111
0.0 0.682812 0.422222 0.028125 0.052778
0.0 0.640625 0.419444 0.023438 0.052778
0.0 0.854687 0.513889 0.056250 0.072222
3.0 0.809375 0.908333 0.078125 0.175000
4.0 0.798437 0.416667 0.084375 0.108333
0.0 0.662500 0.458333 0.046875 0.058333
0.0 0.709375 0.525000 0.065625 0.077778
0.0 0.920313 0.883333 0.156250 0.219444
0.0 0.934375 0.633333 0.110937 0.116667
0.0 0.676563 0.383333 0.018750 0.025000
0.0 0.632812 0.366667 0.028125 0.033333
0.0 0.623437 0.388889 0.025000 0.036111
0.0 0.609375 0.347222 0.021875 0.027778
0.0 0.589062 0.308333 0.032813 0.047222
0.0 0.617188 0.330556 0.014063 0.027778
0.0 0.654687 0.355556 0.028125 0.041667
3.0 0.685937 0.347222 0.014063 0.030556
0.0 0.545312 0.280556 0.010937 0.016667
3.0 0.557812 0.286111 0.006250 0.011111
0.0 0.534375 0.272222 0.007812 0.011111
0.0 0.514062 0.294444 0.012500 0.022222
0.0 0.514062 0.319444 0.015625 0.030556
0.0 0.498437 0.311111 0.014063 0.022222
0.0 0.473437 0.297222 0.010937 0.019444
0.0 0.456250 0.305556 0.021875 0.058333
0.0 0.434375 0.280556 0.018750 0.047222
0.0 0.456250 0.258333 0.017188 0.030556
0.0 0.868750 0.472222 0.048438 0.069444
0.0 0.390625 0.369444 0.026562 0.047222
0.0 0.401563 0.352778 0.021875 0.036111
0.0 0.426562 0.330556 0.020313 0.027778
0.0 0.417188 0.319444 0.021875 0.019444
0.0 0.431250 0.302778 0.012500 0.025000
4.0 0.140625 0.547222 0.059375 0.111111
4.0 0.084375 0.552778 0.039062 0.105556
3.0 0.329688 0.511111 0.025000 0.061111
3.0 0.298438 0.519444 0.020313 0.086111
0.0 0.045312 0.672222 0.089063 0.111111
1.0 0.493750 0.516667 0.054688 0.119444
0.0 0.495313 0.280556 0.009375 0.011111
0.0 0.481250 0.280556 0.009375 0.013889
0.0 0.481250 0.261111 0.012500 0.019444
0.0 0.503125 0.255556 0.009375 0.019444
0.0 0.506250 0.277778 0.009375 0.013889
0.0 0.045312 0.675000 0.087500 0.116667
