0.0 0.768750 0.655556 0.457813 0.677778
0.0 0.437500 0.405556 0.081250 0.155556
0.0 0.482812 0.352778 0.026562 0.066667
0.0 0.284375 0.536111 0.215625 0.127778
0.0 0.093750 0.552778 0.171875 0.147222
4.0 0.049219 0.784722 0.098437 0.286111
4.0 0.034375 0.597222 0.065625 0.097222
4.0 0.062500 0.594444 0.059375 0.161111
0.0 0.362500 0.463889 0.064062 0.108333
0.0 0.539062 0.466667 0.023438 0.102778
0.0 0.521875 0.427778 0.026562 0.077778
0.0 0.503125 0.411111 0.023438 0.075000
4.0 0.379688 0.408333 0.025000 0.036111
