0.0 0.085938 0.825000 0.171875 0.283333
0.0 0.634375 0.705556 0.204687 0.277778
0.0 0.746875 0.597222 0.210938 0.213889
0.0 0.617188 0.463889 0.060937 0.094444
0.0 0.434375 0.488889 0.071875 0.105556
0.0 0.964063 0.558333 0.067187 0.122222
0.0 0.831250 0.416667 0.050000 0.058333
0.0 0.696875 0.402778 0.039062 0.044444
0.0 0.762500 0.422222 0.090625 0.083333
0.0 0.868750 0.536111 0.107813 0.169444
0.0 0.871875 0.438889 0.068750 0.041667
0.0 0.584375 0.491667 0.068750 0.138889
0.0 0.523438 0.452778 0.051562 0.108333
0.0 0.273438 0.486111 0.060937 0.125000
0.0 0.404687 0.391667 0.023438 0.055556
3.0 0.220312 0.683333 0.087500 0.166667
4.0 0.318750 0.550000 0.060937 0.183333
0.0 0.504687 0.375000 0.078125 0.147222
0.0 0.432812 0.352778 0.048438 0.086111
4.0 0.229687 0.547222 0.093750 0.130556
3.0 0.499219 0.525000 0.026562 0.066667
