0.0 0.305556 0.553125 0.233333 0.115625
0.0 0.541667 0.520312 0.094444 0.043750
0.0 0.805556 0.517188 0.102778 0.046875
4.0 0.986111 0.507812 0.027778 0.043750
4.0 0.908333 0.506250 0.044444 0.037500
0.0 0.708333 0.506250 0.033333 0.017188
0.0 0.644444 0.509375 0.044444 0.021875
0.0 0.613889 0.506250 0.019444 0.015625
1.0 0.550000 0.482812 0.077778 0.023438
4.0 0.472222 0.504687 0.022222 0.021875
0.0 0.436111 0.503125 0.036111 0.034375
0.0 0.072222 0.504687 0.027778 0.012500
0.0 0.423611 0.510156 0.086111 0.051562
0.0 0.019444 0.504687 0.022222 0.018750
