0.0 0.600781 0.775000 0.142187 0.287500
0.0 0.346875 0.564844 0.142187 0.221875
0.0 0.551563 0.552344 0.096875 0.176563
0.0 0.221094 0.682813 0.151562 0.359375
0.0 0.510937 0.410938 0.073438 0.114062
0.0 0.473437 0.292187 0.064062 0.132812
0.0 0.429688 0.227344 0.045312 0.095312
0.0 0.393750 0.181250 0.029687 0.067187
0.0 0.339063 0.231250 0.045312 0.057813
0.0 0.292188 0.276562 0.048438 0.085938
0.0 0.274219 0.193750 0.035937 0.071875
0.0 0.220313 0.173437 0.042188 0.079687
0.0 0.258594 0.124219 0.043750 0.065625
0.0 0.289062 0.095312 0.039062 0.043750
0.0 0.335938 0.085938 0.039062 0.045312
0.0 0.283594 0.056250 0.031250 0.042188
0.0 0.314063 0.145313 0.045312 0.056250
0.0 0.356250 0.121094 0.042188 0.046875
