0.0 0.608907 0.548910 0.080234 0.165255
0.0 0.562681 0.501553 0.037399 0.062752
0.0 0.504367 0.521785 0.087598 0.075613
0.0 0.441152 0.511841 0.038692 0.060250
3.0 0.409854 0.535137 0.031383 0.036689
0.0 0.681445 0.494654 0.052467 0.071306
3.0 0.738775 0.505782 0.044043 0.053042
4.0 0.809392 0.491573 0.043593 0.091610
4.0 0.878183 0.472065 0.031692 0.064364
0.0 0.959454 0.461379 0.032451 0.053472
3.0 0.933507 0.475098 0.028084 0.030503
0.0 0.360592 0.533717 0.067179 0.074266
4.0 0.306026 0.519200 0.027681 0.046990
4.0 0.289844 0.522456 0.021975 0.048602
0.0 0.142483 0.722213 0.230301 0.555575
0.0 0.720857 0.458394 0.034766 0.089834
