3.0 0.664578 0.492494 0.011156 0.043095
3.0 0.798641 0.476240 0.009312 0.045013
3.0 0.771125 0.482494 0.014813 0.030358
0.0 0.160898 0.539322 0.321796 0.422481
3.0 0.556031 0.522315 0.075156 0.218440
3.0 0.422578 0.503005 0.094063 0.217980
3.0 0.722906 0.478811 0.034094 0.103657
3.0 0.355617 0.492404 0.046797 0.123018
3.0 0.754562 0.330652 0.007406 0.013734
3.0 0.770852 0.311381 0.006578 0.016624
0.0 0.539563 0.487826 0.150313 0.181790
0.0 0.889242 0.310818 0.027609 0.020000
0.0 0.912203 0.301189 0.013000 0.017315
1.0 0.671750 0.333887 0.047531 0.019949
3.0 0.694633 0.480524 0.019891 0.055575
3.0 0.655461 0.487532 0.004234 0.045141
3.0 0.638797 0.487711 0.002500 0.041969
3.0 0.790828 0.475818 0.005875 0.034604
3.0 0.646625 0.485665 0.003125 0.031739
3.0 0.673664 0.481279 0.008672 0.053708
3.0 0.783352 0.468824 0.004266 0.020972
3.0 0.749508 0.492084 0.003703 0.019565
3.0 0.745914 0.494233 0.011828 0.028824
0.0 0.721594 0.303990 0.022875 0.012020
0.0 0.310008 0.493645 0.068297 0.180077
0.0 0.846148 0.297762 0.015797 0.016036
0.0 0.769117 0.299130 0.015922 0.012327
3.0 0.782781 0.310243 0.007219 0.010870
3.0 0.677078 0.486867 0.002219 0.032148
3.0 0.677344 0.453964 0.129688 0.104859
