0.0 0.296195 0.605292 0.037453 0.043208
3.0 0.699156 0.810115 0.598313 0.379771
3.0 0.491008 0.796635 0.208984 0.379771
3.0 0.436195 0.666344 0.118797 0.131354
3.0 0.405625 0.735427 0.105594 0.121771
3.0 0.378641 0.613156 0.018844 0.037896
3.0 0.360086 0.605438 0.020234 0.035125
3.0 0.135117 0.771510 0.153484 0.299729
3.0 0.397781 0.824135 0.129312 0.273396
3.0 0.407539 0.639573 0.063641 0.093063
3.0 0.024977 0.757625 0.049953 0.206292
3.0 0.453477 0.594896 0.011953 0.014375
3.0 0.385547 0.613385 0.011312 0.019146
