0.0 0.946164 0.622312 0.107672 0.190042
0.0 0.877219 0.544115 0.031062 0.036896
0.0 0.914250 0.547552 0.061437 0.059396
0.0 0.645898 0.524083 0.048922 0.036208
0.0 0.514227 0.525094 0.019984 0.034354
0.0 0.545117 0.516594 0.041922 0.039604
0.0 0.021641 0.509833 0.040281 0.049208
3.0 0.583711 0.823594 0.508984 0.343813
3.0 0.600109 0.701396 0.310656 0.215000
0.0 0.885125 0.519833 0.049375 0.015292
0.0 0.823695 0.538406 0.080234 0.091021
0.0 0.613625 0.524604 0.028031 0.037917
3.0 0.687523 0.587010 0.138734 0.108896
3.0 0.346430 0.919479 0.418828 0.129875
3.0 0.463727 0.714531 0.188203 0.135604
3.0 0.641094 0.637625 0.219469 0.187250
3.0 0.283703 0.877687 0.177281 0.145458
3.0 0.585969 0.630437 0.165594 0.105167
