0.0 0.878219 0.705250 0.183469 0.124542
0.0 0.469531 0.654729 0.070000 0.065708
0.0 0.088141 0.712635 0.050250 0.066604
0.0 0.638516 0.628750 0.071563 0.059042
0.0 0.175758 0.703396 0.060672 0.066083
0.0 0.283250 0.674438 0.076844 0.088167
0.0 0.365555 0.675656 0.079047 0.062687
0.0 0.855445 0.592969 0.078266 0.067729
0.0 0.712000 0.618292 0.079094 0.056292
0.0 0.590180 0.600875 0.063672 0.057625
0.0 0.753328 0.214792 0.072375 0.025625
0.0 0.908188 0.540281 0.065750 0.030646
0.0 0.726469 0.571771 0.074625 0.058792
1.0 0.800219 0.604302 0.089875 0.066229
1.0 0.241758 0.541823 0.047672 0.055563
1.0 0.686156 0.439177 0.050406 0.030854
1.0 0.165422 0.491698 0.037594 0.044979
0.0 0.548047 0.642854 0.085719 0.075333
0.0 0.490625 0.445833 0.881250 0.466667
0.0 0.151563 0.655208 0.056250 0.068750
