4.0 0.834375 0.744444 0.317188 0.480556
0.0 0.331250 0.550000 0.268750 0.372222
4.0 0.443750 0.697222 0.245312 0.591667
4.0 0.725000 0.647222 0.204687 0.555556
4.0 0.575000 0.569444 0.153125 0.452778
0.0 0.912500 0.355556 0.132812 0.197222
4.0 0.104688 0.552778 0.181250 0.269444
4.0 0.781250 0.405556 0.106250 0.144444
0.0 0.875000 0.269444 0.150000 0.122222
0.0 0.617188 0.272222 0.048438 0.077778
4.0 0.689063 0.338889 0.046875 0.083333
0.0 0.278125 0.347222 0.056250 0.088889
0.0 0.556250 0.300000 0.035937 0.063889
0.0 0.100000 0.366667 0.125000 0.116667
4.0 0.250000 0.388889 0.059375 0.097222
3.0 0.649219 0.740278 0.051562 0.336111
