0.0 0.228414 0.722195 0.182078 0.141244
0.0 0.148414 0.584589 0.050609 0.061150
0.0 0.624547 0.927723 0.165375 0.120423
0.0 0.717891 0.867758 0.173531 0.080775
0.0 0.891797 0.946185 0.213406 0.107629
0.0 0.427680 0.899085 0.191141 0.110094
0.0 0.808070 0.923310 0.109766 0.099343
0.0 0.070305 0.629308 0.037703 0.056080
0.0 0.113336 0.714507 0.049922 0.060141
0.0 0.039563 0.693427 0.054844 0.058122
0.0 0.113328 0.789038 0.089312 0.094225
0.0 0.236437 0.819765 0.138094 0.115728
0.0 0.066750 0.734495 0.074844 0.078709
0.0 0.035242 0.658545 0.046422 0.050798
0.0 0.429703 0.692594 0.121625 0.125939
0.0 0.647859 0.672289 0.166656 0.128146
0.0 0.485492 0.677324 0.143953 0.103521
0.0 0.231070 0.607031 0.076453 0.073920
0.0 0.293648 0.607523 0.069141 0.080962
0.0 0.429094 0.625223 0.137313 0.046784
0.0 0.483875 0.616291 0.094500 0.059155
1.0 0.029141 0.498392 0.037281 0.057347
1.0 0.877195 0.568908 0.045297 0.039319
0.0 0.819156 0.629225 0.027594 0.036009
0.0 0.410727 0.589906 0.072734 0.038357
0.0 0.248172 0.569531 0.038156 0.024883
0.0 0.761578 0.755798 0.120313 0.155399
0.0 0.564844 0.773474 0.342187 0.161972
