0.0 0.663910 0.821891 0.056834 0.106051
1.0 0.835606 0.388643 0.045737 0.036830
4.0 0.386791 0.696858 0.090905 0.212752
4.0 0.321875 0.442100 0.069094 0.053860
4.0 0.666145 0.431702 0.052368 0.087735
1.0 0.729240 0.475923 0.091440 0.085375
1.0 0.462130 0.489548 0.036004 0.052810
1.0 0.397460 0.517635 0.038395 0.063458
4.0 0.411125 0.447887 0.032761 0.058136
4.0 0.414750 0.619449 0.036441 0.068998
1.0 0.520179 0.436007 0.027038 0.027892
0.0 0.568100 0.541881 0.041203 0.041944
1.0 0.207898 0.625432 0.060461 0.080276
1.0 0.886303 0.795148 0.214366 0.168607
