3.0 0.772191 0.714745 0.093863 0.289014
0.0 0.504933 0.702339 0.249446 0.345894
4.0 0.305882 0.767838 0.332956 0.464323
3.0 0.624729 0.573396 0.043893 0.129970
0.0 0.688238 0.425448 0.094335 0.092198
0.0 0.497071 0.516561 0.181013 0.188811
0.0 0.665938 0.516348 0.034888 0.115617
0.0 0.779195 0.468367 0.036018 0.075874
0.0 0.623045 0.521324 0.075419 0.106363
1.0 0.135344 0.660724 0.151942 0.412976
3.0 0.371959 0.870586 0.184380 0.258827
0.0 0.704553 0.499629 0.108740 0.144701
3.0 0.689452 0.652474 0.024080 0.113162
