0.0 0.345313 0.863889 0.579688 0.263889
0.0 0.092187 0.883333 0.176563 0.222222
0.0 0.134375 0.763889 0.246875 0.113889
0.0 0.185937 0.719444 0.167187 0.066667
0.0 0.051562 0.733333 0.096875 0.083333
0.0 0.267188 0.686111 0.100000 0.072222
0.0 0.340625 0.691667 0.120313 0.094444
0.0 0.568750 0.688889 0.201563 0.188889
0.0 0.395312 0.677778 0.164062 0.155556
0.0 0.709375 0.688889 0.082812 0.186111
0.0 0.754688 0.638889 0.015625 0.091667
0.0 0.768750 0.633333 0.010937 0.080556
0.0 0.989844 0.710306 0.020312 0.100279
