0.0 0.549772 0.574949 0.171704 0.319698
0.0 0.049282 0.453277 0.098564 0.126525
0.0 0.775297 0.420265 0.303605 0.250095
0.0 0.864379 0.597405 0.271243 0.701247
0.0 0.192119 0.397008 0.137410 0.128039
0.0 0.380532 0.400798 0.259582 0.460203
4.0 0.568944 0.404589 0.047342 0.039315
0.0 0.763136 0.293509 0.095472 0.037143
0.0 0.028924 0.376512 0.057848 0.064322
0.0 0.610488 0.388969 0.080422 0.088118
4.0 0.528647 0.401912 0.034635 0.046305
0.0 0.185384 0.736766 0.370769 0.505700
0.0 0.693018 0.574006 0.137032 0.271524
