4.0 0.976562 0.923237 0.043750 0.101660
4.0 0.910937 0.923237 0.056250 0.124481
4.0 0.956250 0.844398 0.054688 0.060166
4.0 0.918750 0.794606 0.035937 0.047718
4.0 0.889062 0.838174 0.039062 0.064315
4.0 0.851562 0.798755 0.043750 0.093361
4.0 0.865625 0.726141 0.031250 0.053942
4.0 0.810937 0.755187 0.040625 0.074689
4.0 0.828125 0.701245 0.035937 0.035270
4.0 0.768750 0.703320 0.032813 0.064315
4.0 0.750000 0.653527 0.023438 0.033195
4.0 0.725000 0.767635 0.067187 0.076763
4.0 0.668750 0.759336 0.048438 0.089212
4.0 0.639062 0.719917 0.021875 0.064315
4.0 0.590625 0.682573 0.028125 0.064315
4.0 0.617188 0.674274 0.025000 0.064315
4.0 0.668750 0.653527 0.025000 0.047718
4.0 0.643750 0.657676 0.023438 0.051867
4.0 0.610938 0.622407 0.020313 0.043568
4.0 0.642188 0.612033 0.020313 0.041494
4.0 0.635938 0.585062 0.015625 0.012448
4.0 0.579688 0.614108 0.020313 0.039419
4.0 0.601562 0.589212 0.015625 0.029046
4.0 0.590625 0.566390 0.010937 0.026971
4.0 0.581250 0.560166 0.010937 0.024896
4.0 0.595313 0.549793 0.010937 0.012448
4.0 0.581250 0.537344 0.009375 0.014523
4.0 0.595313 0.535270 0.009375 0.012448
4.0 0.107813 0.821577 0.059375 0.085062
4.0 0.354687 0.678423 0.028125 0.051867
4.0 0.328125 0.672199 0.025000 0.053942
4.0 0.384375 0.632780 0.020313 0.020747
4.0 0.403125 0.597510 0.012500 0.029046
4.0 0.390625 0.589212 0.012500 0.020747
4.0 0.428125 0.572614 0.006250 0.012448
4.0 0.420312 0.572614 0.007812 0.012448
0.0 0.114062 0.751037 0.109375 0.060166
0.0 0.232813 0.701245 0.075000 0.064315
0.0 0.293750 0.668050 0.040625 0.051867
0.0 0.335938 0.630705 0.023438 0.031120
0.0 0.401562 0.659751 0.037500 0.037344
0.0 0.392188 0.707469 0.031250 0.056017
0.0 0.334375 0.763485 0.056250 0.076763
0.0 0.278125 0.873444 0.109375 0.118257
0.0 0.376563 0.614108 0.032813 0.012448
0.0 0.568750 0.578838 0.014063 0.031120
0.0 0.546875 0.587137 0.031250 0.062241
0.0 0.460938 0.605809 0.050000 0.068465
0.0 0.546875 0.663900 0.032813 0.070539
0.0 0.568750 0.518672 0.007812 0.014523
4.0 0.751563 0.844398 0.056250 0.085062
