0.0 0.833333 0.698438 0.133333 0.096875
0.0 0.654902 0.645312 0.096078 0.076563
0.0 0.333333 0.631250 0.211765 0.237500
0.0 0.366667 0.893750 0.201961 0.206250
0.0 0.139216 0.889062 0.241176 0.195312
0.0 0.172549 0.685937 0.115686 0.107813
0.0 0.478431 0.571875 0.080392 0.081250
0.0 0.676471 0.470313 0.076471 0.067187
0.0 0.431373 0.504687 0.052941 0.039062
0.0 0.476378 0.530469 0.055118 0.039062
0.0 0.499016 0.468750 0.037402 0.034375
0.0 0.424213 0.482031 0.041339 0.020313
0.0 0.446850 0.448437 0.031496 0.021875
1.0 0.496063 0.411719 0.027559 0.026562
0.0 0.505906 0.446094 0.027559 0.023438
