0.0 0.967539 0.612572 0.056672 0.049396
3.0 0.568031 0.709469 0.036750 0.097488
3.0 0.748617 0.644130 0.032266 0.083720
3.0 0.688047 0.678792 0.032875 0.057681
3.0 0.830859 0.643539 0.023750 0.042246
3.0 0.797305 0.642295 0.042078 0.066522
3.0 0.604711 0.690411 0.053016 0.115507
3.0 0.715484 0.655821 0.027844 0.086522
3.0 0.764242 0.633527 0.024953 0.061643
3.0 0.850859 0.657077 0.007625 0.029034
3.0 0.863578 0.628986 0.021063 0.062415
0.0 0.924953 0.568068 0.012844 0.063092
3.0 0.912141 0.641087 0.015000 0.054493
3.0 0.938945 0.636353 0.018828 0.055749
0.0 0.939773 0.537174 0.037016 0.087874
3.0 0.648523 0.685000 0.065484 0.091208
