0.0 0.927523 0.432718 0.017766 0.026633
0.0 0.965406 0.458342 0.061906 0.049401
0.0 0.254953 0.419115 0.089250 0.101022
0.0 0.126531 0.489314 0.111563 0.134090
0.0 0.204633 0.471222 0.085359 0.119900
0.0 0.778180 0.459476 0.117172 0.053766
0.0 0.666336 0.426895 0.022766 0.012594
0.0 0.694883 0.433117 0.030109 0.019501
0.0 0.706336 0.479264 0.080859 0.090549
0.0 0.669930 0.448815 0.047141 0.030000
0.0 0.461734 0.472382 0.087375 0.093940
0.0 0.610227 0.489975 0.149047 0.151721
1.0 0.297766 0.451970 0.049281 0.075312
1.0 0.741453 0.428229 0.036937 0.022544
0.0 0.985242 0.462656 0.028734 0.044813
1.0 0.911234 0.450511 0.074344 0.068304
1.0 0.992461 0.427531 0.015078 0.025387
0.0 0.605469 0.509975 0.585938 0.231920
