0.0 0.473805 0.967104 0.126578 0.065542
0.0 0.595773 0.955240 0.062578 0.048521
0.0 0.672008 0.983229 0.107203 0.033542
0.0 0.789367 0.928406 0.031672 0.029979
0.0 0.526516 0.929833 0.052531 0.029708
0.0 0.543977 0.971969 0.040547 0.054062
0.0 0.556219 0.922594 0.049719 0.033438
1.0 0.643867 0.947802 0.072984 0.063187
1.0 0.740336 0.927792 0.052547 0.033042
0.0 0.886187 0.938531 0.037312 0.031021
0.0 0.850977 0.939156 0.038547 0.031146
0.0 0.436578 0.935802 0.111281 0.107229
0.0 0.438156 0.936000 0.111500 0.093375
