0.0 0.977828 0.124558 0.044062 0.073968
0.0 0.909359 0.090635 0.142313 0.072109
0.0 0.893453 0.082472 0.178313 0.078095
0.0 0.209781 0.112426 0.094625 0.089252
0.0 0.827492 0.084376 0.084891 0.067891
0.0 0.456492 0.184263 0.393297 0.265170
0.0 0.794055 0.091984 0.072016 0.052857
0.0 0.388242 0.101984 0.121266 0.091406
3.0 0.322570 0.523311 0.437422 0.681179
3.0 0.464086 0.320283 0.185484 0.221973
3.0 0.517773 0.258855 0.206578 0.202200
3.0 0.493211 0.249717 0.094047 0.054989
0.0 0.308836 0.096485 0.024453 0.030703
0.0 0.931258 0.099932 0.137484 0.092336
0.0 0.954906 0.110998 0.089938 0.096825
0.0 0.575000 0.098639 0.546875 0.111111
0.0 0.707813 0.080499 0.075000 0.047619
