3.0 0.590562 0.589897 0.127125 0.141575
3.0 0.195461 0.578493 0.195734 0.238425
3.0 0.731008 0.569538 0.050609 0.134418
3.0 0.038219 0.584435 0.064062 0.124623
3.0 0.415164 0.569709 0.147266 0.202774
3.0 0.824156 0.549503 0.060750 0.127295
3.0 0.324016 0.541336 0.064656 0.133356
3.0 0.301266 0.562894 0.045937 0.126199
3.0 0.521969 0.553836 0.041094 0.107534
3.0 0.664125 0.561952 0.075594 0.102671
3.0 0.568719 0.522620 0.049625 0.060445
3.0 0.769258 0.521866 0.043797 0.100993
3.0 0.694063 0.531267 0.030625 0.086712
