3.0 0.421875 0.819444 0.176563 0.352778
3.0 0.226562 0.827778 0.159375 0.336111
3.0 0.598438 0.816667 0.071875 0.188889
4.0 0.957031 0.756944 0.085938 0.408333
0.0 0.857813 0.575000 0.101562 0.141667
0.0 0.785938 0.555556 0.064062 0.088889
0.0 0.735938 0.544444 0.054688 0.061111
0.0 0.068750 0.808333 0.134375 0.375000
0.0 0.250000 0.641667 0.168750 0.283333
0.0 0.142188 0.625000 0.109375 0.238889
0.0 0.045312 0.480556 0.085938 0.305556
0.0 0.453125 0.663889 0.170313 0.230556
0.0 0.542187 0.555556 0.056250 0.080556
0.0 0.370313 0.575000 0.093750 0.152778
0.0 0.225000 0.486111 0.145313 0.058333
0.0 0.373437 0.461111 0.143750 0.113889
0.0 0.195312 0.441667 0.212500 0.113889
