3.0 0.941400 0.959983 0.082494 0.080034
3.0 0.960788 0.804157 0.040582 0.070002
3.0 0.804040 0.681292 0.030481 0.053408
3.0 0.506381 0.530754 0.015204 0.057184
0.0 0.869988 0.849964 0.071654 0.166585
0.0 0.813083 0.785973 0.066963 0.165542
0.0 0.742465 0.711598 0.049710 0.129423
4.0 0.725339 0.770123 0.042250 0.134938
4.0 0.701070 0.621723 0.026023 0.088286
3.0 0.789713 0.619437 0.020560 0.040442
0.0 0.758080 0.619735 0.048579 0.075369
3.0 0.826777 0.701016 0.036556 0.051173
4.0 0.642654 0.524394 0.016947 0.061160
4.0 0.622326 0.519873 0.016768 0.057532
4.0 0.626404 0.469445 0.009255 0.030754
0.0 0.658343 0.494883 0.027533 0.056340
0.0 0.643605 0.473271 0.012562 0.035075
0.0 0.612099 0.502932 0.019715 0.054602
0.0 0.573292 0.424632 0.010999 0.034728
0.0 0.599209 0.412063 0.022790 0.023003
0.0 0.566910 0.393878 0.019715 0.054601
0.0 0.575807 0.373857 0.016894 0.028865
3.0 0.560550 0.458466 0.008051 0.037660
4.0 0.363633 0.884949 0.059970 0.230101
4.0 0.347183 0.744685 0.040920 0.170510
4.0 0.417526 0.664995 0.034253 0.129572
4.0 0.388102 0.588783 0.024998 0.098818
4.0 0.448113 0.558128 0.030354 0.082075
4.0 0.434759 0.540491 0.015563 0.064438
4.0 0.478647 0.484251 0.015024 0.053558
4.0 0.476957 0.454541 0.007692 0.030406
1.0 0.519884 0.673094 0.081914 0.280060
0.0 0.185347 0.868195 0.118491 0.237979
4.0 0.177819 0.685016 0.100520 0.187353
3.0 0.222067 0.621523 0.033608 0.054104
3.0 0.269749 0.584460 0.031865 0.050130
3.0 0.253753 0.588235 0.034634 0.043572
3.0 0.238961 0.599612 0.034993 0.050826
3.0 0.278106 0.575318 0.036556 0.051173
3.0 0.312739 0.546353 0.029942 0.042528
3.0 0.325608 0.541881 0.032710 0.035970
3.0 0.327710 0.531349 0.032531 0.032343
0.0 0.376850 0.560612 0.039915 0.087788
0.0 0.363369 0.513613 0.072880 0.066426
0.0 0.385978 0.503975 0.056884 0.055695
0.0 0.396259 0.487926 0.073778 0.084559
0.0 0.443940 0.450864 0.027048 0.077753
0.0 0.429560 0.421998 0.019536 0.050974
0.0 0.442789 0.410273 0.010639 0.027474
0.0 0.466117 0.386128 0.012382 0.031449
0.0 0.471347 0.376291 0.010460 0.023848
0.0 0.478267 0.396163 0.009255 0.030754
4.0 0.490597 0.402573 0.009075 0.027126
4.0 0.492520 0.395667 0.007692 0.030406
0.0 0.486318 0.361286 0.007153 0.019525
3.0 0.499852 0.375297 0.002283 0.014855
3.0 0.508210 0.366155 0.002103 0.011228
1.0 0.498521 0.338333 0.010639 0.027474
0.0 0.519694 0.357710 0.006794 0.012271
0.0 0.520233 0.346830 0.005050 0.008297
0.0 0.522514 0.332670 0.003487 0.007949
0.0 0.512595 0.341463 0.003666 0.011576
3.0 0.517285 0.342507 0.002103 0.011228
0.0 0.488780 0.343500 0.005409 0.015551
