0.0 0.200000 0.717200 0.400000 0.380640
0.0 0.477130 0.598560 0.170580 0.096427
1.0 0.487330 0.513240 0.075620 0.067067
1.0 0.516650 0.517240 0.081260 0.069947
3.0 0.223880 0.819093 0.241000 0.334827
3.0 0.465230 0.828653 0.145460 0.337200
3.0 0.628450 0.814573 0.190540 0.361413
3.0 0.749140 0.796893 0.140840 0.222907
3.0 0.871060 0.680533 0.173600 0.202240
3.0 0.723710 0.681280 0.217660 0.108587
3.0 0.271140 0.779733 0.144560 0.286507
3.0 0.447190 0.752427 0.182020 0.148320
3.0 0.696880 0.831200 0.105720 0.173493
3.0 0.957030 0.635947 0.082580 0.130347
1.0 0.392900 0.537533 0.104280 0.078267
3.0 0.794640 0.778947 0.092520 0.147653
3.0 0.560440 0.863360 0.111360 0.273280
1.0 0.668850 0.511893 0.215900 0.207573
3.0 0.766700 0.684200 0.176640 0.188880
0.0 0.279370 0.517853 0.142860 0.055760
3.0 0.883450 0.640760 0.118260 0.125787
3.0 0.660640 0.681213 0.120840 0.096240
3.0 0.658000 0.730667 0.668000 0.357333
