1.0 0.481250 0.675000 0.107813 0.294444
0.0 0.654687 0.777778 0.120313 0.252778
0.0 0.682813 0.591667 0.079687 0.133333
0.0 0.348438 0.736111 0.096875 0.211111
0.0 0.170313 0.647222 0.121875 0.127778
0.0 0.242188 0.511111 0.082812 0.091667
0.0 0.215625 0.466667 0.070312 0.075000
0.0 0.290625 0.433333 0.053125 0.066667
0.0 0.257812 0.388889 0.050000 0.055556
0.0 0.301563 0.383333 0.040625 0.050000
0.0 0.389062 0.569444 0.071875 0.119444
0.0 0.307812 0.322222 0.025000 0.036111
0.0 0.353125 0.347222 0.020313 0.041667
0.0 0.312500 0.347222 0.017188 0.033333
0.0 0.346875 0.294444 0.023438 0.033333
0.0 0.417187 0.422222 0.042188 0.080556
0.0 0.434375 0.466667 0.050000 0.116667
0.0 0.098437 0.572222 0.118750 0.119444
3.0 0.132812 0.469444 0.032813 0.075000
3.0 0.176563 0.433333 0.026562 0.075000
3.0 0.214062 0.397222 0.023438 0.050000
4.0 0.187500 0.358333 0.090625 0.108333
0.0 0.576562 0.344444 0.032813 0.052778
0.0 0.542188 0.441667 0.043750 0.083333
0.0 0.481250 0.394444 0.039062 0.066667
0.0 0.578125 0.300000 0.025000 0.036111
0.0 0.443750 0.297222 0.023438 0.047222
0.0 0.485938 0.347222 0.034375 0.063889
0.0 0.606250 0.494444 0.062500 0.105556
0.0 0.606250 0.411111 0.046875 0.066667
0.0 0.550000 0.913889 0.092188 0.158333
4.0 0.843750 0.486111 0.073438 0.119444
0.0 0.567187 0.580556 0.048438 0.130556
0.0 0.504687 0.508333 0.042188 0.097222
0.0 0.545312 0.491667 0.037500 0.094444
0.0 0.439063 0.380556 0.028125 0.052778
0.0 0.445312 0.322222 0.020313 0.041667
0.0 0.517188 0.344444 0.020313 0.050000
0.0 0.554688 0.377778 0.026562 0.061111
0.0 0.542188 0.338889 0.020313 0.052778
0.0 0.510938 0.322222 0.017188 0.044444
0.0 0.528125 0.311111 0.015625 0.038889
0.0 0.539062 0.261111 0.032813 0.077778
0.0 0.514062 0.247222 0.012500 0.022222
0.0 0.478125 0.291667 0.021875 0.044444
0.0 0.471875 0.280556 0.018750 0.044444
0.0 0.504687 0.277778 0.018750 0.033333
0.0 0.496875 0.269444 0.014063 0.033333
0.0 0.484375 0.258333 0.012500 0.022222
0.0 0.459375 0.269444 0.012500 0.025000
0.0 0.468750 0.244444 0.014063 0.030556
0.0 0.506250 0.200000 0.014063 0.022222
0.0 0.579688 0.275000 0.021875 0.030556
0.0 0.621875 0.358333 0.039062 0.063889
0.0 0.603125 0.322222 0.028125 0.038889
0.0 0.567187 0.258333 0.020313 0.022222
0.0 0.553125 0.216667 0.018750 0.027778
0.0 0.532813 0.205556 0.017188 0.041667
0.0 0.493750 0.219444 0.010937 0.016667
0.0 0.485938 0.194444 0.010937 0.016667
0.0 0.509375 0.219444 0.012500 0.011111
0.0 0.079687 0.497222 0.067187 0.066667
3.0 0.026562 0.525000 0.040625 0.083333
0.0 0.115625 0.413889 0.050000 0.061111
0.0 0.371875 0.266667 0.020313 0.027778
0.0 0.364063 0.302778 0.020313 0.036111
0.0 0.423438 0.227778 0.021875 0.036111
0.0 0.479687 0.219444 0.009375 0.013889
0.0 0.559375 0.238889 0.010937 0.016667
0.0 0.489063 0.441667 0.039062 0.080556
3.0 0.214062 0.802778 0.060937 0.152778
3.0 0.164062 0.883333 0.126562 0.172222
3.0 0.831250 0.836111 0.064062 0.213889
3.0 0.793750 0.675000 0.046875 0.161111
0.0 0.967969 0.598611 0.060937 0.175000
