0.0 0.634375 0.512815 0.066344 0.064182
0.0 0.854984 0.467418 0.018031 0.027827
0.0 0.876617 0.465280 0.009016 0.016589
0.0 0.297117 0.466297 0.594234 0.559556
3.0 0.673477 0.622909 0.040203 0.126238
3.0 0.734766 0.589696 0.034375 0.091776
3.0 0.784016 0.551133 0.015031 0.058762
3.0 0.807203 0.536671 0.015781 0.059556
3.0 0.830703 0.536367 0.018531 0.049603
3.0 0.847359 0.511577 0.019125 0.032500
3.0 0.874031 0.525152 0.015469 0.036098
3.0 0.384172 0.700444 0.105438 0.239720
3.0 0.759789 0.570818 0.021234 0.064206
3.0 0.908719 0.501530 0.006750 0.015911
3.0 0.710133 0.495514 0.021453 0.024953
0.0 0.882297 0.461869 0.006250 0.013785
0.0 0.821000 0.457804 0.023563 0.014252
3.0 0.810938 0.508178 0.034375 0.035047
