0.0 0.248437 0.794444 0.493750 0.397222
0.0 0.740625 0.591667 0.198437 0.250000
0.0 0.496875 0.530556 0.112500 0.133333
0.0 0.393750 0.511111 0.075000 0.094444
0.0 0.889063 0.525000 0.178125 0.177778
0.0 0.882031 0.808333 0.235937 0.377778
0.0 0.262500 0.527778 0.246875 0.172222
0.0 0.157813 0.511111 0.114062 0.075000
0.0 0.660938 0.477778 0.067187 0.100000
0.0 0.109375 0.441667 0.214062 0.169444
0.0 0.340625 0.413889 0.057813 0.069444
0.0 0.623437 0.430556 0.109375 0.102778
3.0 0.498437 0.647222 0.078125 0.155556
