0.0 0.406016 0.785885 0.111875 0.062062
0.0 0.320789 0.786510 0.094391 0.053937
0.0 0.876234 0.776250 0.070813 0.048875
0.0 0.131437 0.772979 0.036062 0.036500
0.0 0.092562 0.770271 0.036875 0.033917
0.0 0.723062 0.776542 0.070781 0.035625
1.0 0.806188 0.757500 0.094844 0.083458
0.0 0.239734 0.781948 0.076563 0.049771
0.0 0.177125 0.772552 0.055656 0.056146
0.0 0.651047 0.779823 0.029500 0.028021
0.0 0.938148 0.777396 0.049359 0.030958
0.0 0.028055 0.776240 0.054703 0.065812
1.0 0.932203 0.758031 0.053375 0.035604
0.0 0.043437 0.901104 0.086156 0.150583
0.0 0.975672 0.775635 0.042750 0.031146
0.0 0.674219 0.778125 0.067187 0.039583
