0.0 0.591234 0.460383 0.140500 0.142201
0.0 0.329328 0.409749 0.066844 0.074043
0.0 0.009547 0.420550 0.019094 0.097895
0.0 0.509664 0.394330 0.067891 0.062727
0.0 0.569102 0.386974 0.048891 0.047775
0.0 0.447086 0.397787 0.070328 0.063756
0.0 0.812812 0.427368 0.079438 0.093923
0.0 0.263336 0.411567 0.035297 0.077775
0.0 0.610711 0.376232 0.050141 0.032129
0.0 0.074555 0.425431 0.121078 0.091148
0.0 0.027086 0.602679 0.054172 0.302105
0.0 0.775844 0.381400 0.036750 0.035000
3.0 0.379547 0.429282 0.053187 0.045311
