0.0 0.251263 0.609350 0.434813 0.623070
0.0 0.559412 0.424548 0.078116 0.140856
0.0 0.519597 0.375160 0.025962 0.059623
0.0 0.695245 0.550410 0.199648 0.129105
0.0 0.868262 0.581878 0.160359 0.141859
4.0 0.902552 0.785006 0.097264 0.254482
4.0 0.921098 0.625377 0.062330 0.089371
4.0 0.895579 0.620460 0.058359 0.143655
0.0 0.626093 0.481377 0.061206 0.098768
0.0 0.465350 0.467868 0.024090 0.090343
0.0 0.482035 0.436030 0.026261 0.069162
0.0 0.499545 0.423409 0.023343 0.066496
4.0 0.611945 0.432136 0.023720 0.033251
