3.0 0.311417 0.802992 0.104500 0.129734
3.0 0.042083 0.786930 0.066458 0.118734
3.0 0.188312 0.793914 0.065042 0.111172
0.0 0.184750 0.688750 0.150167 0.115156
0.0 0.116865 0.665555 0.113521 0.075359
3.0 0.392448 0.829008 0.046854 0.070953
3.0 0.513635 0.686648 0.038896 0.046672
3.0 0.436323 0.707062 0.086188 0.027156
3.0 0.490115 0.691320 0.023771 0.028984
3.0 0.619635 0.828797 0.188312 0.094594
0.0 0.120313 0.664156 0.112875 0.070844
0.0 0.269677 0.675906 0.032271 0.032125
0.0 0.352260 0.678773 0.025187 0.022328
