4.0 0.285625 0.645680 0.289105 0.591570
0.0 0.298008 0.327688 0.403530 0.422507
0.0 0.549858 0.366078 0.057396 0.072480
0.0 0.492246 0.393981 0.088478 0.222446
4.0 0.853685 0.560987 0.059144 0.105652
4.0 0.563909 0.452719 0.040093 0.082354
4.0 0.597618 0.457521 0.040093 0.082354
4.0 0.526359 0.441445 0.054811 0.104351
4.0 0.769456 0.525064 0.060618 0.121163
4.0 0.553143 0.927583 0.256300 0.144833
4.0 0.925840 0.614555 0.084982 0.156102
3.0 0.180152 0.505006 0.065225 0.140125
3.0 0.831437 0.965749 0.063319 0.068502
