0.0 0.241359 0.697061 0.059969 0.029204
0.0 0.172055 0.694485 0.063266 0.027049
0.0 0.107922 0.697061 0.065969 0.029204
1.0 0.925227 0.690047 0.024297 0.013162
1.0 0.236867 0.696429 0.064266 0.030187
1.0 0.518758 0.702319 0.050703 0.022717
1.0 0.329930 0.698735 0.060516 0.028431
1.0 0.462930 0.702377 0.050453 0.030562
0.0 0.463437 0.702752 0.048219 0.031499
0.0 0.518383 0.702939 0.048141 0.024848
0.0 0.559055 0.704145 0.035922 0.021311
0.0 0.610906 0.699625 0.471687 0.029180
0.0 0.323805 0.699649 0.059234 0.029742
1.0 0.601828 0.701639 0.036687 0.026370
0.0 0.642188 0.701405 0.037500 0.021077
0.0 0.834375 0.692037 0.028125 0.016393
0.0 0.736719 0.695550 0.017188 0.018735
0.0 0.796875 0.692037 0.034375 0.021077
0.0 0.763281 0.696721 0.029687 0.016393
0.0 0.680469 0.700234 0.035937 0.018735
0.0 0.410156 0.703747 0.035937 0.021077
0.0 0.857031 0.690867 0.020313 0.018735
