3.0 0.260790 0.622715 0.099180 0.349466
3.0 0.325430 0.643412 0.014460 0.160950
3.0 0.469680 0.583709 0.087840 0.259110
0.0 0.027390 0.407062 0.054780 0.070920
0.0 0.589130 0.378116 0.020420 0.018783
3.0 0.658880 0.544139 0.089800 0.241157
3.0 0.571100 0.529125 0.052800 0.168754
3.0 0.344790 0.601128 0.085180 0.261484
3.0 0.765250 0.596231 0.135980 0.346766
3.0 0.892400 0.406053 0.014360 0.034659
0.0 0.437680 0.380312 0.048200 0.040742
3.0 0.532230 0.497671 0.058460 0.140030
3.0 0.599840 0.491602 0.016400 0.140831
0.0 0.521260 0.374763 0.029680 0.016528
3.0 0.616520 0.426721 0.021320 0.047448
