0.0 0.139062 0.905556 0.271875 0.183333
0.0 0.131250 0.638889 0.259375 0.366667
0.0 0.346875 0.752778 0.171875 0.216667
4.0 0.670312 0.572222 0.050000 0.111111
0.0 0.465625 0.566667 0.070312 0.088889
0.0 0.493750 0.502778 0.040625 0.050000
0.0 0.398438 0.513889 0.035937 0.055556
0.0 0.550000 0.430556 0.029687 0.050000
3.0 0.565625 0.469444 0.007812 0.019444
3.0 0.553125 0.475000 0.006250 0.019444
3.0 0.535938 0.469444 0.009375 0.022222
0.0 0.514062 0.465278 0.021875 0.036111
0.0 0.324219 0.565278 0.057813 0.097222
