3.0 0.477797 0.653014 0.064969 0.156236
3.0 0.913336 0.644665 0.099297 0.151732
3.0 0.811875 0.638268 0.093563 0.096305
3.0 0.365992 0.601247 0.023766 0.067806
3.0 0.698156 0.785566 0.166813 0.310023
3.0 0.601828 0.629758 0.068125 0.127644
3.0 0.077359 0.638303 0.154718 0.193834
3.0 0.426336 0.595947 0.029016 0.076651
3.0 0.555922 0.584977 0.031187 0.065935
3.0 0.396797 0.568510 0.020219 0.039376
3.0 0.279039 0.572044 0.021672 0.049169
3.0 0.297547 0.562575 0.012812 0.035035
3.0 0.333477 0.567298 0.016453 0.039723
3.0 0.157812 0.606236 0.312500 0.154734
