0.0 0.190031 0.290177 0.067062 0.052639
0.0 0.449523 0.290532 0.095734 0.050865
0.0 0.791227 0.302062 0.034453 0.051042
0.0 0.441703 0.292816 0.075031 0.045543
0.0 0.723109 0.284889 0.079156 0.044590
0.0 0.338773 0.305111 0.076109 0.058825
0.0 0.482727 0.291929 0.066922 0.048071
0.0 0.683398 0.300576 0.058141 0.049268
0.0 0.334406 0.269634 0.048469 0.025787
0.0 0.608086 0.303237 0.024703 0.022528
0.0 0.843430 0.293836 0.032141 0.029534
1.0 0.603000 0.291996 0.103656 0.066652
1.0 0.246008 0.280055 0.056766 0.063038
0.0 0.879133 0.298470 0.059609 0.030200
0.0 0.605469 0.286031 0.785937 0.075388
