0.0 0.476238 0.721141 0.281203 0.081250
0.0 0.263620 0.691672 0.107146 0.038062
0.0 0.160189 0.697383 0.096557 0.040453
0.0 0.475625 0.684859 0.062901 0.031969
0.0 0.409304 0.675273 0.033137 0.019141
0.0 0.354953 0.688805 0.032500 0.027328
1.0 0.793172 0.686414 0.405920 0.165828
0.0 0.396627 0.669070 0.016415 0.010078
0.0 0.013078 0.689570 0.026156 0.015859
0.0 0.525130 0.658164 0.032995 0.025141
0.0 0.655873 0.660289 0.116604 0.055047
0.0 0.098526 0.709891 0.085590 0.053281
0.0 0.462276 0.657914 0.022288 0.009797
0.0 0.559080 0.660000 0.030566 0.019437
0.0 0.025236 0.710047 0.050472 0.054187
1.0 0.277123 0.661719 0.058962 0.029687
