0.0 0.288820 0.563146 0.017234 0.009708
0.0 0.277781 0.564031 0.015438 0.009687
0.0 0.271250 0.565510 0.013750 0.008937
0.0 0.243922 0.566365 0.017250 0.012229
0.0 0.126828 0.561917 0.030531 0.011833
0.0 0.193945 0.567177 0.030328 0.011854
0.0 0.150469 0.563594 0.032875 0.015813
0.0 0.099867 0.562313 0.021953 0.008208
0.0 0.232578 0.565354 0.017250 0.013625
0.0 0.258195 0.565594 0.024109 0.009437
0.0 0.035289 0.553750 0.013703 0.014708
0.0 0.248023 0.555854 0.023078 0.009708
0.0 0.176070 0.563437 0.012578 0.010917
0.0 0.153906 0.558333 0.170313 0.033333
