3.0 0.901563 0.744444 0.034375 0.113889
3.0 0.829687 0.772222 0.032813 0.127778
3.0 0.801563 0.738889 0.028125 0.111111
3.0 0.750000 0.483333 0.017188 0.044444
0.0 0.932813 0.644444 0.081250 0.083333
3.0 0.398438 0.858333 0.045312 0.177778
3.0 0.351562 0.822222 0.046875 0.122222
3.0 0.301562 0.830556 0.050000 0.088889
3.0 0.284375 0.550000 0.020313 0.036111
3.0 0.037500 0.730556 0.026562 0.075000
3.0 0.178125 0.625000 0.017188 0.038889
0.0 0.723438 0.583333 0.034375 0.088889
0.0 0.709375 0.483333 0.020313 0.047222
0.0 0.253125 0.758333 0.081250 0.091667
0.0 0.121875 0.863889 0.096875 0.183333
0.0 0.150000 0.791667 0.081250 0.125000
0.0 0.217187 0.700000 0.057813 0.102778
0.0 0.173438 0.741667 0.071875 0.111111
0.0 0.214063 0.630556 0.050000 0.052778
0.0 0.139062 0.641667 0.059375 0.066667
0.0 0.250000 0.605556 0.045312 0.055556
0.0 0.350000 0.561111 0.040625 0.038889
0.0 0.101562 0.669444 0.060937 0.058333
0.0 0.281250 0.633333 0.075000 0.086111
0.0 0.328125 0.652778 0.075000 0.063889
0.0 0.395312 0.672222 0.064062 0.091667
0.0 0.442187 0.711111 0.081250 0.119444
0.0 0.095313 0.747222 0.123438 0.150000
0.0 0.026563 0.844444 0.048438 0.141667
0.0 0.314063 0.933333 0.131250 0.130556
0.0 0.231250 0.863889 0.132812 0.158333
0.0 0.153125 0.952778 0.157812 0.086111
0.0 0.026563 0.950000 0.048438 0.088889
0.0 0.367188 0.600000 0.067187 0.063889
0.0 0.323438 0.597222 0.048438 0.052778
0.0 0.273438 0.580556 0.053125 0.033333
0.0 0.318750 0.558333 0.050000 0.044444
0.0 0.362500 0.547222 0.032813 0.041667
0.0 0.395312 0.536111 0.040625 0.047222
0.0 0.403125 0.572222 0.053125 0.077778
0.0 0.340625 0.722222 0.096875 0.130556
0.0 0.270312 0.711111 0.092188 0.094444
0.0 0.475000 0.655556 0.060937 0.105556
0.0 0.518750 0.561111 0.050000 0.100000
0.0 0.651562 0.602778 0.051562 0.086111
0.0 0.648438 0.522222 0.045312 0.052778
0.0 0.653125 0.458333 0.028125 0.041667
0.0 0.689063 0.413889 0.018750 0.030556
0.0 0.648438 0.380556 0.015625 0.041667
0.0 0.668750 0.383333 0.010937 0.019444
0.0 0.675000 0.375000 0.010937 0.019444
0.0 0.693750 0.366667 0.010937 0.019444
0.0 0.404687 0.800000 0.100000 0.158333
0.0 0.384375 0.475000 0.092188 0.091667
1.0 0.457812 0.475000 0.050000 0.072222
0.0 0.550000 0.508333 0.026562 0.072222
0.0 0.532813 0.466667 0.029687 0.047222
0.0 0.518750 0.408333 0.043750 0.052778
0.0 0.496875 0.475000 0.020313 0.033333
0.0 0.545312 0.413889 0.025000 0.036111
0.0 0.581250 0.466667 0.020313 0.055556
0.0 0.596875 0.416667 0.017188 0.044444
0.0 0.576562 0.405556 0.017188 0.025000
0.0 0.576562 0.397222 0.018750 0.041667
0.0 0.451562 0.522222 0.034375 0.038889
0.0 0.481250 0.569444 0.026562 0.066667
0.0 0.456250 0.580556 0.037500 0.066667
0.0 0.504688 0.613889 0.051562 0.080556
0.0 0.810938 0.602778 0.096875 0.205556
