3.0 0.446039 0.555047 0.223391 0.355059
3.0 0.852977 0.690714 0.294047 0.618571
3.0 0.349344 0.571429 0.116813 0.199532
3.0 0.609469 0.576405 0.343344 0.519087
3.0 0.178117 0.513478 0.083484 0.087986
3.0 0.179430 0.461148 0.131016 0.150070
3.0 0.111531 0.446429 0.064156 0.089063
3.0 0.082523 0.436932 0.045484 0.078361
3.0 0.300469 0.539883 0.211906 0.222201
3.0 0.215383 0.510410 0.104984 0.212810
3.0 0.720445 0.480480 0.161922 0.152201
3.0 0.062156 0.423689 0.023969 0.047705
3.0 0.040680 0.426721 0.038422 0.046089
3.0 0.716406 0.443794 0.070312 0.077283
3.0 0.360156 0.454333 0.120313 0.140515
