3.0 0.440047 0.732576 0.880094 0.512365
3.0 0.452547 0.605187 0.329844 0.201616
3.0 0.702766 0.454169 0.144187 0.273208
3.0 0.910961 0.591183 0.178078 0.547424
3.0 0.360031 0.470913 0.203500 0.090070
3.0 0.356211 0.464836 0.106453 0.070187
3.0 0.417500 0.419192 0.085219 0.071499
3.0 0.802117 0.506487 0.192891 0.315972
3.0 0.513977 0.674075 0.431609 0.227166
3.0 0.406117 0.525574 0.352984 0.132740
3.0 0.387266 0.500000 0.249375 0.111382
3.0 0.498586 0.386956 0.114422 0.139578
3.0 0.615742 0.446710 0.101516 0.223489
3.0 0.936719 0.845433 0.123438 0.290398
