3.0 0.460367 0.620302 0.324391 0.238729
3.0 0.253320 0.507135 0.051047 0.081021
3.0 0.374508 0.445281 0.045641 0.034312
3.0 0.746211 0.442302 0.060453 0.071729
3.0 0.263242 0.528542 0.025328 0.064083
3.0 0.233234 0.483875 0.062437 0.092292
3.0 0.706820 0.442552 0.045422 0.065313
3.0 0.807359 0.453937 0.065906 0.058375
3.0 0.953086 0.448094 0.088578 0.100729
3.0 0.411141 0.508583 0.052750 0.109708
3.0 0.186437 0.477812 0.058250 0.059542
3.0 0.669156 0.443250 0.045687 0.065917
3.0 0.490586 0.501146 0.022672 0.070333
3.0 0.660938 0.448958 0.371875 0.081250
3.0 0.536719 0.438542 0.042188 0.043750
