0.0 0.232875 0.842150 0.465750 0.315701
0.0 0.558188 0.722220 0.118781 0.076215
0.0 0.848508 0.739217 0.132922 0.066472
0.0 0.601680 0.691636 0.028609 0.028505
0.0 0.513383 0.683411 0.024484 0.029206
0.0 0.520062 0.668493 0.015594 0.015724
0.0 0.558906 0.676530 0.018937 0.019696
0.0 0.265258 0.670736 0.035047 0.034743
0.0 0.589922 0.685981 0.016813 0.026121
1.0 0.525203 0.645771 0.014344 0.022477
1.0 0.588555 0.677862 0.021484 0.026893
0.0 0.970820 0.735584 0.058359 0.057570
0.0 0.571586 0.675572 0.012359 0.026238
0.0 0.570312 0.659603 0.013375 0.013178
