0.0 0.103125 0.658333 0.185938 0.219444
0.0 0.050000 0.622222 0.096875 0.155556
0.0 0.532813 0.594444 0.081250 0.147222
0.0 0.159375 0.541667 0.090625 0.055556
0.0 0.435937 0.580556 0.068750 0.094444
0.0 0.517188 0.513889 0.039062 0.041667
0.0 0.285937 0.536111 0.084375 0.111111
0.0 0.670312 0.550000 0.068750 0.094444
0.0 0.454688 0.519444 0.051562 0.083333
0.0 0.562500 0.494444 0.025000 0.047222
3.0 0.609375 0.552778 0.012500 0.030556
3.0 0.595313 0.538889 0.010937 0.030556
0.0 0.207812 0.505556 0.059375 0.050000
