0.0 0.132516 0.830341 0.264188 0.339318
0.0 0.180703 0.764807 0.288250 0.271295
0.0 0.592195 0.702591 0.075172 0.106818
0.0 0.339531 0.746625 0.214750 0.269659
0.0 0.428914 0.726443 0.154484 0.227295
0.0 0.462617 0.707477 0.171047 0.214682
0.0 0.610891 0.635261 0.051812 0.031068
0.0 0.684250 0.694011 0.132781 0.166659
0.0 0.571016 0.560909 0.073656 0.061273
0.0 0.477031 0.556614 0.066438 0.067409
0.0 0.549211 0.695170 0.024422 0.049341
0.0 0.400000 0.563636 0.050000 0.050000
0.0 0.528906 0.563636 0.023438 0.045455
0.0 0.036719 0.640909 0.070312 0.059091
