4.0 0.598437 0.341667 0.112500 0.172222
0.0 0.582812 0.530556 0.195312 0.202778
0.0 0.723437 0.702778 0.198437 0.263889
0.0 0.350000 0.888889 0.237500 0.216667
0.0 0.207813 0.855556 0.257812 0.277778
3.0 0.220312 0.711111 0.096875 0.108333
0.0 0.873437 0.277778 0.221875 0.236111
0.0 0.929688 0.425000 0.137500 0.244444
4.0 0.943750 0.086111 0.057813 0.122222
4.0 0.857812 0.136111 0.065625 0.097222
0.0 0.946875 0.783333 0.103125 0.272222
0.0 0.950000 0.911111 0.096875 0.166667
0.0 0.469531 0.948611 0.204687 0.097222
