0.0 0.145312 0.461111 0.206250 0.225000
0.0 0.575000 0.488889 0.368750 0.250000
0.0 0.776562 0.411111 0.326562 0.258333
0.0 0.018750 0.397222 0.035937 0.172222
0.0 0.864063 0.333333 0.085938 0.113889
3.0 0.498437 0.313889 0.023438 0.044444
3.0 0.565625 0.305556 0.014063 0.050000
3.0 0.587500 0.311111 0.018750 0.041667
0.0 0.293750 0.388889 0.212500 0.216667
0.0 0.085938 0.338889 0.103125 0.113889
0.0 0.729687 0.755556 0.525000 0.483333
0.0 0.146875 0.311111 0.046875 0.050000
0.0 0.454688 0.369444 0.135937 0.088889
