0.0 0.939055 0.238906 0.121016 0.111771
0.0 0.766969 0.212229 0.108875 0.085083
0.0 0.875250 0.206323 0.071844 0.051396
0.0 0.834344 0.204656 0.048781 0.043896
0.0 0.922367 0.193865 0.048016 0.031187
0.0 0.854047 0.171125 0.038469 0.014333
0.0 0.835617 0.182500 0.035391 0.018250
3.0 0.474437 0.613635 0.696063 0.687646
0.0 0.973070 0.178115 0.053078 0.019938
0.0 0.765164 0.210958 0.108766 0.082375
3.0 0.054359 0.172740 0.020281 0.022521
3.0 0.497445 0.201208 0.043703 0.050583
3.0 0.391930 0.214021 0.018797 0.029667
0.0 0.021094 0.148958 0.042188 0.068750
