0.0 0.215796 0.607940 0.159770 0.361078
0.0 0.393378 0.677381 0.118044 0.250561
0.0 0.489251 0.548333 0.094627 0.232378
0.0 0.598943 0.799564 0.099394 0.270739
0.0 0.678186 0.679554 0.153293 0.291928
0.0 0.521250 0.431987 0.066884 0.112589
0.0 0.582067 0.425924 0.057172 0.103848
0.0 0.653533 0.421731 0.055841 0.103614
0.0 0.665441 0.521872 0.085518 0.115860
0.0 0.597846 0.335427 0.034297 0.071689
3.0 0.607458 0.380161 0.025112 0.072422
0.0 0.513597 0.327810 0.051586 0.098177
0.0 0.455048 0.341446 0.051059 0.088703
0.0 0.459389 0.263289 0.041332 0.103413
0.0 0.501046 0.263429 0.025521 0.056076
0.0 0.121433 0.395273 0.096956 0.131940
0.0 0.153695 0.274189 0.070761 0.087472
0.0 0.273031 0.206657 0.031914 0.052509
0.0 0.311490 0.409509 0.075528 0.125833
0.0 0.343373 0.319448 0.052390 0.088937
0.0 0.357179 0.264477 0.043351 0.068588
0.0 0.370195 0.223716 0.034839 0.057712
0.0 0.396544 0.426833 0.084026 0.160158
0.0 0.464132 0.395653 0.042926 0.108382
0.0 0.408547 0.259147 0.039869 0.100810
0.0 0.540845 0.272808 0.032308 0.059613
0.0 0.318438 0.865107 0.100322 0.073900
0.0 0.488630 0.825635 0.089187 0.205625
0.0 0.543608 0.223072 0.032177 0.057245
0.0 0.566545 0.294060 0.031504 0.068853
0.0 0.558132 0.251928 0.024995 0.046603
0.0 0.511941 0.236644 0.042299 0.049641
0.0 0.493161 0.211824 0.028183 0.056544
0.0 0.438209 0.233265 0.013411 0.051605
0.0 0.458948 0.198642 0.018751 0.029090
0.0 0.511121 0.203020 0.017288 0.026488
0.0 0.501526 0.182204 0.022086 0.017949
0.0 0.492719 0.147177 0.027920 0.051808
0.0 0.514542 0.141443 0.026721 0.053942
0.0 0.490963 0.106213 0.023401 0.041632
0.0 0.460481 0.098471 0.017419 0.028857
0.0 0.435587 0.086925 0.014889 0.030757
1.0 0.460937 0.187034 0.028052 0.054175
0.0 0.430061 0.186397 0.025258 0.051340
0.0 0.427646 0.157276 0.020739 0.041165
4.0 0.887737 0.584813 0.077238 0.156621
4.0 0.812117 0.542840 0.083105 0.143580
0.0 0.378955 0.186990 0.032835 0.069087
0.0 0.397574 0.166344 0.021808 0.036663
0.0 0.402226 0.155203 0.021544 0.031925
0.0 0.413795 0.140495 0.019146 0.036195
0.0 0.421634 0.120348 0.015957 0.026254
0.0 0.436816 0.137362 0.015826 0.023886
0.0 0.455188 0.145370 0.018751 0.029090
0.0 0.449615 0.173090 0.013953 0.037629
0.0 0.463700 0.137299 0.018488 0.024353
0.0 0.474743 0.132064 0.007839 0.022484
0.0 0.443588 0.112245 0.014231 0.018915
3.0 0.336727 0.124573 0.008233 0.029588
3.0 0.342708 0.113665 0.007970 0.024852
0.0 0.371318 0.106731 0.010632 0.025320
0.0 0.384218 0.092256 0.009039 0.020349
0.0 0.393930 0.086787 0.008776 0.015613
3.0 0.405910 0.088890 0.004782 0.014911
4.0 0.098667 0.176045 0.027611 0.117420
0.0 0.401873 0.330914 0.049333 0.081364
