0.0 0.799930 0.568888 0.030516 0.031874
3.0 0.688898 0.735761 0.044484 0.093443
3.0 0.762977 0.629461 0.026109 0.058689
3.0 0.353312 0.646382 0.034875 0.054215
3.0 0.788812 0.681850 0.031500 0.062951
3.0 0.741828 0.604977 0.015156 0.028970
3.0 0.864797 0.587810 0.009938 0.022740
3.0 0.447188 0.622658 0.035031 0.050984
3.0 0.836813 0.614977 0.017938 0.036042
3.0 0.385469 0.625808 0.051719 0.071054
3.0 0.085180 0.676522 0.061203 0.118103
0.0 0.767758 0.572014 0.033234 0.033208
0.0 0.987102 0.613349 0.013891 0.070632
3.0 0.039297 0.682342 0.039531 0.090211
3.0 0.466281 0.611792 0.023875 0.059321
3.0 0.884141 0.569508 0.005906 0.013583
3.0 0.475000 0.511710 0.946875 0.456674
1.0 0.971875 0.564403 0.028125 0.056206
3.0 0.019531 0.683841 0.035937 0.093677
3.0 0.421875 0.624122 0.040625 0.053864
3.0 0.139062 0.666276 0.050000 0.091335
3.0 0.921094 0.576112 0.014063 0.028103
