4.0 0.665625 0.555556 0.245312 0.177778
0.0 0.370313 0.450000 0.110937 0.211111
0.0 0.090625 0.375000 0.095312 0.113889
0.0 0.032813 0.350000 0.014063 0.055556
4.0 0.493750 0.422222 0.081250 0.130556
0.0 0.432813 0.383333 0.037500 0.058333
0.0 0.756250 0.411111 0.053125 0.058333
3.0 0.860937 0.441667 0.029687 0.077778
0.0 0.920313 0.430556 0.062500 0.069444
0.0 0.974219 0.401389 0.051562 0.113889
3.0 0.478125 0.441667 0.046875 0.066667
3.0 0.512500 0.443056 0.043750 0.063889
1.0 0.815625 0.388889 0.071875 0.094444
3.0 0.982031 0.586111 0.035937 0.177778
