3.0 0.683625 0.472219 0.066312 0.118729
3.0 0.589031 0.489708 0.062906 0.097500
3.0 0.481375 0.500729 0.068562 0.104167
3.0 0.329141 0.495531 0.064125 0.116396
3.0 0.165641 0.494833 0.058781 0.102792
0.0 0.585250 0.445229 0.092625 0.077583
0.0 0.955508 0.477854 0.088984 0.154208
0.0 0.434594 0.399458 0.070875 0.060625
0.0 0.178648 0.356667 0.030797 0.030542
0.0 0.535773 0.428990 0.071266 0.082021
1.0 0.015023 0.473865 0.030046 0.197271
0.0 0.226836 0.431031 0.023297 0.040937
0.0 0.469391 0.379177 0.019844 0.018729
0.0 0.350867 0.358677 0.013234 0.014979
1.0 0.271297 0.414625 0.078438 0.096208
0.0 0.146344 0.359115 0.033719 0.034771
