0.0 0.090625 0.772222 0.181250 0.452778
0.0 0.479687 0.736111 0.560937 0.522222
0.0 0.454688 0.405556 0.196875 0.166667
0.0 0.265625 0.516667 0.107813 0.152778
0.0 0.418750 0.463889 0.121875 0.088889
0.0 0.062500 0.527778 0.123438 0.119444
0.0 0.106250 0.486111 0.117188 0.047222
0.0 0.179688 0.469444 0.098437 0.063889
0.0 0.760938 0.536111 0.078125 0.163889
0.0 0.935937 0.675000 0.125000 0.355556
0.0 0.871875 0.552778 0.082812 0.136111
0.0 0.700000 0.469444 0.053125 0.063889
0.0 0.821875 0.500000 0.051562 0.097222
0.0 0.887500 0.452778 0.053125 0.066667
0.0 0.871875 0.480556 0.039062 0.052778
0.0 0.980469 0.487500 0.035937 0.041667
