1.0 0.202625 0.474653 0.033603 0.031328
1.0 0.232258 0.579424 0.074435 0.093997
1.0 0.077537 0.664827 0.142315 0.138552
1.0 0.211930 0.856463 0.181835 0.137620
0.0 0.407842 0.836707 0.055728 0.101795
1.0 0.717899 0.595576 0.037734 0.058829
1.0 0.539043 0.482732 0.028360 0.045488
1.0 0.601838 0.503092 0.019464 0.043066
1.0 0.480954 0.452011 0.020059 0.023144
1.0 0.680223 0.458494 0.019900 0.019504
4.0 0.735432 0.473895 0.083609 0.069219
4.0 0.569010 0.443264 0.050642 0.052452
4.0 0.352544 0.481766 0.040316 0.084411
4.0 0.594531 0.538275 0.098107 0.099243
4.0 0.586414 0.706776 0.046513 0.092092
1.0 0.969252 0.937245 0.061496 0.112885
1.0 0.774438 0.557033 0.051437 0.070652
