0.0 0.782141 0.793420 0.158771 0.325631
0.0 0.452741 0.766740 0.119052 0.286137
0.0 0.325941 0.753346 0.123755 0.251494
0.0 0.631566 0.608240 0.086997 0.212323
0.0 0.551554 0.701449 0.075902 0.232746
0.0 0.551659 0.532503 0.068551 0.148110
0.0 0.490814 0.449233 0.062534 0.144749
0.0 0.603516 0.398773 0.053743 0.146492
0.0 0.547416 0.366756 0.049208 0.143293
0.0 0.513807 0.340456 0.021502 0.067252
0.0 0.475778 0.358235 0.037602 0.063602
0.0 0.428863 0.376984 0.035297 0.082280
0.0 0.377360 0.477977 0.048082 0.110719
3.0 0.395745 0.407849 0.024651 0.073004
3.0 0.340853 0.582782 0.037997 0.117730
0.0 0.182321 0.597378 0.111117 0.141944
4.0 0.262145 0.498739 0.063170 0.120480
4.0 0.200142 0.510964 0.059083 0.087582
4.0 0.148597 0.524769 0.037977 0.074459
0.0 0.861204 0.457811 0.109354 0.133639
0.0 0.951351 0.464311 0.050783 0.146169
0.0 0.899162 0.287455 0.144089 0.199632
0.0 0.787481 0.345977 0.074453 0.105487
0.0 0.817450 0.310006 0.080188 0.100705
0.0 0.789108 0.264057 0.034453 0.057850
3.0 0.761141 0.228966 0.013629 0.052870
0.0 0.723956 0.271175 0.043243 0.056106
0.0 0.686448 0.218053 0.023244 0.032287
0.0 0.673757 0.194917 0.021669 0.029410
0.0 0.473692 0.254922 0.025381 0.051449
0.0 0.474088 0.309374 0.031210 0.049382
0.0 0.545142 0.258014 0.019270 0.045373
0.0 0.557197 0.305743 0.026861 0.051611
0.0 0.593203 0.315433 0.039907 0.044924
0.0 0.645779 0.331486 0.043806 0.072392
0.0 0.630295 0.270509 0.036402 0.071583
0.0 0.577343 0.243597 0.027049 0.057041
0.0 0.529980 0.292368 0.027779 0.035486
0.0 0.522556 0.249583 0.025568 0.056879
0.0 0.484808 0.275505 0.032597 0.046829
0.0 0.606019 0.213216 0.023244 0.032287
0.0 0.574642 0.208470 0.020188 0.029248
1.0 0.551514 0.227346 0.028530 0.057202
0.0 0.521691 0.181559 0.025381 0.051449
0.0 0.522046 0.148823 0.018801 0.031801
0.0 0.503547 0.172642 0.020658 0.042821
0.0 0.512452 0.215265 0.018426 0.020942
0.0 0.502816 0.194520 0.014078 0.023172
0.0 0.551493 0.183752 0.014172 0.025887
0.0 0.573985 0.189469 0.020282 0.031963
0.0 0.578877 0.158962 0.013890 0.017743
0.0 0.599533 0.197577 0.018613 0.026372
0.0 0.593423 0.192795 0.014265 0.028601
0.0 0.583881 0.174764 0.014078 0.023172
0.0 0.567594 0.176544 0.012503 0.020295
0.0 0.548511 0.140482 0.012596 0.023010
0.0 0.545289 0.176256 0.013890 0.017743
0.0 0.613027 0.157956 0.012409 0.017582
4.0 0.874689 0.202936 0.095913 0.086198
0.0 0.220068 0.946427 0.184496 0.107145
0.0 0.689909 0.490150 0.078353 0.132956
0.0 0.420567 0.545463 0.074005 0.135186
0.0 0.663861 0.403079 0.058166 0.103708
