0.0 0.860937 0.880556 0.221875 0.225000
0.0 0.531250 0.844444 0.226562 0.252778
0.0 0.635937 0.588889 0.115625 0.200000
3.0 0.585938 0.650000 0.067187 0.152778
4.0 0.793750 0.686111 0.115625 0.197222
0.0 0.509375 0.530556 0.100000 0.172222
0.0 0.350000 0.594444 0.103125 0.200000
0.0 0.414062 0.436111 0.104688 0.166667
4.0 0.487500 0.411111 0.065625 0.161111
4.0 0.378125 0.305556 0.075000 0.147222
0.0 0.218750 0.483333 0.098437 0.186111
4.0 0.101562 0.088889 0.070312 0.116667
3.0 0.304688 0.052778 0.060937 0.075000
0.0 0.090625 0.300000 0.178125 0.311111
3.0 0.764844 0.686111 0.051562 0.094444
