0.0 0.052328 0.431768 0.104656 0.228252
3.0 0.623828 0.620224 0.094156 0.202236
3.0 0.864484 0.670772 0.106656 0.221463
3.0 0.556977 0.593374 0.024422 0.159268
3.0 0.469289 0.626524 0.099047 0.247520
3.0 0.127695 0.565508 0.092328 0.151016
3.0 0.390883 0.580671 0.070172 0.144675
3.0 0.796164 0.647846 0.093578 0.195772
3.0 0.685227 0.610569 0.047672 0.157967
3.0 0.523820 0.610000 0.059453 0.163577
3.0 0.337742 0.552866 0.059672 0.130285
3.0 0.203070 0.524289 0.077891 0.123943
3.0 0.948734 0.642154 0.085625 0.308049
