0.0 0.930266 0.451302 0.061813 0.025354
0.0 0.872117 0.451240 0.044453 0.021354
0.0 0.820203 0.449010 0.042844 0.023354
0.0 0.839062 0.521000 0.063469 0.064250
0.0 0.586703 0.475844 0.045937 0.051729
0.0 0.757180 0.448198 0.043203 0.019188
0.0 0.562492 0.444250 0.038734 0.022125
3.0 0.221352 0.677531 0.165172 0.321354
3.0 0.430117 0.574135 0.088172 0.169271
3.0 0.339664 0.609906 0.095922 0.168729
3.0 0.372234 0.454875 0.020219 0.034750
3.0 0.614383 0.586938 0.065422 0.131875
3.0 0.676320 0.551042 0.050703 0.142708
3.0 0.717523 0.568125 0.041422 0.094625
3.0 0.752391 0.566865 0.037562 0.089396
3.0 0.863797 0.615646 0.106250 0.186167
3.0 0.541258 0.594250 0.099422 0.198042
3.0 0.499602 0.569865 0.060453 0.123604
3.0 0.643258 0.569667 0.030422 0.141500
0.0 0.282672 0.501177 0.075406 0.047063
0.0 0.671602 0.448448 0.066234 0.018646
0.0 0.327227 0.440521 0.037766 0.025833
