4.0 0.235702 0.691098 0.421266 0.617805
0.0 0.135565 0.526163 0.271130 0.591589
4.0 0.569490 0.418548 0.178306 0.412310
4.0 0.370736 0.356100 0.109023 0.246750
4.0 0.494851 0.357065 0.129326 0.326441
4.0 0.433652 0.245594 0.064942 0.167315
0.0 0.897201 0.195904 0.161063 0.391807
1.0 0.278977 0.245672 0.156577 0.246234
0.0 0.441116 0.130412 0.081048 0.098157
4.0 0.738494 0.224246 0.116011 0.240185
4.0 0.601043 0.162442 0.046149 0.087950
0.0 0.142766 0.269475 0.164908 0.215750
4.0 0.644276 0.122658 0.021461 0.053042
4.0 0.534094 0.146394 0.037299 0.067213
3.0 0.978290 0.704741 0.043420 0.240179
