3.0 0.631289 0.825729 0.237984 0.348541
3.0 0.715336 0.805988 0.090766 0.249341
3.0 0.753852 0.789565 0.086391 0.217153
3.0 0.340242 0.644941 0.292484 0.516847
3.0 0.775297 0.716906 0.106187 0.213200
3.0 0.770008 0.665729 0.050734 0.071929
3.0 0.514219 0.543976 0.068625 0.139388
3.0 0.753313 0.744129 0.103750 0.212635
3.0 0.733203 0.789235 0.081969 0.235176
3.0 0.628742 0.614400 0.143609 0.175718
3.0 0.608219 0.841753 0.253531 0.316494
3.0 0.362164 0.867376 0.055078 0.041247
3.0 0.477766 0.589082 0.057063 0.087059
3.0 0.482812 0.722353 0.850000 0.550588
3.0 0.712500 0.565882 0.106250 0.162353
