0.0 0.073734 0.762014 0.144594 0.195269
0.0 0.207727 0.703361 0.139828 0.063068
0.0 0.489961 0.711745 0.073984 0.049672
3.0 0.490820 0.826417 0.048047 0.162904
3.0 0.702508 0.894543 0.075672 0.190632
0.0 0.534539 0.733431 0.315547 0.096370
3.0 0.765680 0.870867 0.102141 0.188244
3.0 0.462961 0.857119 0.052922 0.132693
3.0 0.781508 0.906803 0.061172 0.138665
3.0 0.266047 0.766944 0.024313 0.091920
3.0 0.802273 0.930527 0.067609 0.103817
3.0 0.173180 0.771241 0.044953 0.100703
3.0 0.688781 0.781604 0.056906 0.054731
3.0 0.953195 0.870129 0.073953 0.164660
3.0 0.814469 0.812927 0.056094 0.056721
3.0 0.665562 0.770316 0.027437 0.041944
0.0 0.060883 0.658115 0.098203 0.027471
1.0 0.319602 0.737002 0.080172 0.140328
3.0 0.445312 0.766979 0.171875 0.053864
0.0 0.097656 0.922717 0.195312 0.145199
