1.0 0.481162 0.449101 0.015872 0.024437
1.0 0.253483 0.478490 0.028264 0.030896
1.0 0.103921 0.696933 0.064019 0.106626
1.0 0.272916 0.842651 0.147281 0.133855
0.0 0.431661 0.827761 0.045592 0.099602
1.0 0.529878 0.482023 0.028229 0.050311
1.0 0.574774 0.471563 0.027767 0.062625
4.0 0.560820 0.451448 0.050491 0.061226
4.0 0.574634 0.519779 0.081382 0.095898
4.0 0.618072 0.404125 0.041294 0.048006
4.0 0.607756 0.373850 0.035720 0.035126
4.0 0.378783 0.482805 0.033661 0.080830
1.0 0.338751 0.533870 0.063096 0.071234
4.0 0.591324 0.605692 0.035650 0.073955
1.0 0.916814 0.921509 0.094306 0.111232
1.0 0.726883 0.548345 0.046728 0.078526
