0.0 0.568750 0.615196 0.054688 0.085784
3.0 0.343750 0.539216 0.017188 0.036765
0.0 0.535938 0.460784 0.040625 0.083333
4.0 0.898438 0.661765 0.070312 0.075980
0.0 0.406250 0.477941 0.032813 0.049020
0.0 0.462500 0.419118 0.014063 0.026961
1.0 0.400000 0.384804 0.026562 0.044118
1.0 0.459375 0.375000 0.015625 0.019608
1.0 0.670312 0.436275 0.051562 0.056373
1.0 0.629688 0.404412 0.034375 0.044118
1.0 0.598438 0.384804 0.026562 0.041667
3.0 0.593750 0.431373 0.006250 0.014706
4.0 0.570312 0.387255 0.007812 0.017157
1.0 0.526562 0.372549 0.015625 0.026961
4.0 0.210938 0.563725 0.042188 0.053922
4.0 0.670312 0.480392 0.023438 0.029412
