0.0 0.370312 0.894444 0.156250 0.200000
0.0 0.501563 0.597222 0.100000 0.125000
0.0 0.203125 0.333333 0.018750 0.044444
0.0 0.440625 0.369444 0.025000 0.052778
0.0 0.510938 0.341667 0.023438 0.019444
0.0 0.496875 0.336111 0.018750 0.036111
0.0 0.373437 0.305556 0.012500 0.033333
0.0 0.478125 0.322222 0.021875 0.025000
0.0 0.329688 0.375000 0.021875 0.052778
0.0 0.137500 0.694444 0.204687 0.161111
0.0 0.653125 0.619444 0.181250 0.144444
0.0 0.668750 0.877778 0.265625 0.188889
0.0 0.417187 0.752778 0.201563 0.158333
4.0 0.467187 0.858333 0.106250 0.236111
4.0 0.601562 0.519444 0.067187 0.108333
4.0 0.206250 0.608333 0.046875 0.122222
4.0 0.028125 0.605556 0.054688 0.108333
4.0 0.948438 0.636111 0.078125 0.113889
4.0 0.956250 0.541667 0.059375 0.055556
0.0 0.295312 0.347222 0.035937 0.069444
0.0 0.039844 0.365278 0.079687 0.119444
0.0 0.959375 0.397222 0.073438 0.102778
0.0 0.281250 0.441667 0.046875 0.072222
0.0 0.345313 0.447222 0.045312 0.080556
0.0 0.398438 0.444444 0.042188 0.088889
0.0 0.489063 0.472222 0.056250 0.080556
0.0 0.526563 0.438889 0.050000 0.080556
0.0 0.515625 0.391667 0.034375 0.080556
0.0 0.457813 0.427778 0.040625 0.069444
0.0 0.353125 0.283333 0.018750 0.030556
0.0 0.392188 0.305556 0.023438 0.063889
0.0 0.364063 0.366667 0.034375 0.075000
0.0 0.250000 0.275000 0.023438 0.038889
3.0 0.281250 0.247222 0.006250 0.019444
3.0 0.301563 0.230556 0.004687 0.016667
0.0 0.435937 0.327778 0.028125 0.055556
0.0 0.409375 0.369444 0.034375 0.058333
0.0 0.400000 0.350000 0.028125 0.063889
0.0 0.292187 0.402778 0.043750 0.058333
0.0 0.453125 0.391667 0.037500 0.055556
0.0 0.487500 0.377778 0.020313 0.044444
0.0 0.475000 0.358333 0.029687 0.047222
0.0 0.459375 0.286111 0.023438 0.036111
0.0 0.459375 0.325000 0.017188 0.038889
0.0 0.417187 0.291667 0.020313 0.041667
0.0 0.359375 0.325000 0.026562 0.050000
0.0 0.321875 0.327778 0.023438 0.033333
0.0 0.317188 0.305556 0.023438 0.016667
0.0 0.321875 0.283333 0.025000 0.033333
0.0 0.320312 0.294444 0.021875 0.011111
0.0 0.362500 0.275000 0.018750 0.033333
0.0 0.356250 0.258333 0.015625 0.022222
0.0 0.410938 0.236111 0.021875 0.044444
0.0 0.429688 0.225000 0.015625 0.025000
0.0 0.431250 0.250000 0.012500 0.022222
0.0 0.379688 0.244444 0.010937 0.013889
0.0 0.343750 0.247222 0.014063 0.022222
0.0 0.115625 0.555556 0.084375 0.130556
0.0 0.920312 0.927778 0.150000 0.133333
3.0 0.585938 0.955556 0.076563 0.075000
