0.0 0.120984 0.658189 0.222062 0.193719
0.0 0.449828 0.614037 0.124562 0.092620
0.0 0.780328 0.593931 0.117344 0.067013
0.0 0.867680 0.572042 0.048297 0.028092
1.0 0.545438 0.557437 0.090906 0.141272
1.0 0.621156 0.567582 0.070219 0.035395
0.0 0.843906 0.573834 0.026562 0.030250
1.0 0.442812 0.540636 0.074000 0.057033
0.0 0.879937 0.603256 0.140281 0.093256
0.0 0.674148 0.597360 0.116266 0.062466
0.0 0.643109 0.589403 0.068437 0.050366
0.0 0.957875 0.671435 0.058969 0.106493
0.0 0.946469 0.646195 0.096437 0.066956
0.0 0.400781 0.601137 0.055969 0.070173
0.0 0.899805 0.615443 0.180703 0.108459
3.0 0.789062 0.614644 0.046875 0.069364
