0.0 0.600756 0.775827 0.246125 0.202622
0.0 0.307112 0.604285 0.299895 0.339314
0.0 0.043660 0.622011 0.044061 0.120085
0.0 0.024695 0.579427 0.049390 0.433557
0.0 0.137105 0.602259 0.033976 0.071267
0.0 0.092023 0.586966 0.041369 0.052343
0.0 0.117086 0.583129 0.020191 0.045058
0.0 0.973444 0.892103 0.053112 0.215795
0.0 0.804183 0.781741 0.087973 0.132055
4.0 0.683120 0.735787 0.068555 0.098842
0.0 0.748200 0.716191 0.209422 0.142477
4.0 0.460822 0.665969 0.026403 0.060944
4.0 0.492106 0.675418 0.022326 0.051339
4.0 0.522028 0.678583 0.038644 0.063466
