0.0 0.736711 0.704117 0.266422 0.252729
3.0 0.689656 0.791961 0.090844 0.158188
3.0 0.380133 0.806330 0.083047 0.134404
3.0 0.562008 0.767362 0.086078 0.143899
3.0 0.424711 0.779885 0.027922 0.112064
3.0 0.450820 0.766399 0.031203 0.123257
3.0 0.959742 0.747500 0.058391 0.104037
3.0 0.199594 0.754530 0.041406 0.093142
3.0 0.133156 0.762351 0.051406 0.101950
3.0 0.318750 0.765172 0.027563 0.114610
3.0 0.484898 0.715700 0.030703 0.110894
3.0 0.770430 0.901445 0.101828 0.171468
3.0 0.266195 0.745894 0.036609 0.100688
3.0 0.520094 0.760367 0.027062 0.104771
0.0 0.172656 0.581560 0.071313 0.094817
3.0 0.880469 0.762615 0.032813 0.107798
