0.0 0.314063 0.797917 0.164062 0.393750
0.0 0.543750 0.925000 0.123438 0.145833
0.0 0.157813 0.831250 0.157812 0.187500
3.0 0.120313 0.789583 0.032813 0.068750
3.0 0.207812 0.702083 0.034375 0.060417
3.0 0.253125 0.668750 0.020313 0.062500
4.0 0.262500 0.722917 0.020313 0.054167
3.0 0.271875 0.677083 0.031250 0.052083
3.0 0.279687 0.620833 0.032813 0.043750
0.0 0.526562 0.777083 0.081250 0.137500
4.0 0.435937 0.760417 0.048438 0.106250
0.0 0.459375 0.645833 0.059375 0.129167
0.0 0.517188 0.564583 0.053125 0.091667
0.0 0.379687 0.579167 0.104688 0.189583
0.0 0.464063 0.568750 0.032813 0.029167
0.0 0.335938 0.531250 0.042188 0.054167
4.0 0.457812 0.518750 0.039062 0.083333
0.0 0.493750 0.510417 0.025000 0.043750
0.0 0.495313 0.475000 0.029687 0.041667
0.0 0.356250 0.485417 0.035937 0.039583
0.0 0.446875 0.468750 0.028125 0.025000
0.0 0.390625 0.462500 0.040625 0.045833
0.0 0.412500 0.458333 0.023438 0.031250
0.0 0.321875 0.470833 0.039062 0.037500
0.0 0.287500 0.450000 0.034375 0.031250
0.0 0.478125 0.450000 0.029687 0.050000
0.0 0.445312 0.441667 0.023438 0.031250
0.0 0.343750 0.420833 0.075000 0.062500
0.0 0.407813 0.416667 0.037500 0.056250
0.0 0.464063 0.420833 0.020313 0.025000
0.0 0.425000 0.389583 0.026562 0.027083
0.0 0.471875 0.414583 0.015625 0.016667
0.0 0.459375 0.331250 0.009375 0.010417
0.0 0.384375 0.383333 0.039062 0.012500
0.0 0.481250 0.347917 0.014063 0.018750
0.0 0.848438 0.929167 0.201563 0.139583
0.0 0.876562 0.825000 0.165625 0.156250
0.0 0.848438 0.691667 0.139063 0.135417
0.0 0.676563 0.693750 0.085938 0.100000
0.0 0.703125 0.627083 0.087500 0.075000
0.0 0.746875 0.604167 0.087500 0.068750
0.0 0.615625 0.585417 0.057813 0.056250
0.0 0.635937 0.552083 0.056250 0.045833
0.0 0.684375 0.541667 0.062500 0.045833
0.0 0.895312 0.547917 0.209375 0.160417
0.0 0.645313 0.493750 0.051562 0.047917
0.0 0.698437 0.516667 0.034375 0.043750
0.0 0.759375 0.560417 0.037500 0.047917
3.0 0.815625 0.593750 0.023438 0.033333
0.0 0.620312 0.514583 0.046875 0.037500
0.0 0.564063 0.489583 0.035937 0.045833
0.0 0.593750 0.485417 0.034375 0.031250
0.0 0.581250 0.454167 0.035937 0.031250
0.0 0.540625 0.447917 0.023438 0.025000
0.0 0.579688 0.422917 0.048438 0.043750
0.0 0.607812 0.412500 0.039062 0.027083
0.0 0.590625 0.391667 0.025000 0.014583
0.0 0.539062 0.425000 0.015625 0.016667
0.0 0.548438 0.408333 0.012500 0.016667
0.0 0.532813 0.416667 0.015625 0.016667
0.0 0.523438 0.400000 0.014063 0.012500
0.0 0.528125 0.389583 0.012500 0.018750
0.0 0.535938 0.381250 0.009375 0.010417
3.0 0.551563 0.389583 0.003125 0.006250
0.0 0.568750 0.377083 0.014063 0.012500
