0.0 0.426563 0.608333 0.093750 0.136111
3.0 0.320312 0.613889 0.021875 0.097222
3.0 0.082812 0.588889 0.062500 0.097222
0.0 0.295312 0.488889 0.107813 0.138889
0.0 0.364063 0.505556 0.031250 0.097222
0.0 0.387500 0.505556 0.018750 0.069444
0.0 0.439063 0.530556 0.023438 0.030556
0.0 0.462500 0.533333 0.017188 0.016667
0.0 0.793750 0.663889 0.196875 0.147222
0.0 0.890625 0.652778 0.089063 0.080556
0.0 0.664062 0.588889 0.092188 0.097222
0.0 0.762500 0.577778 0.098437 0.052778
0.0 0.604688 0.577778 0.040625 0.052778
0.0 0.568750 0.566667 0.034375 0.038889
0.0 0.542188 0.550000 0.021875 0.033333
0.0 0.025781 0.536212 0.051562 0.075209
0.0 0.145313 0.526462 0.050000 0.061281
