0.0 0.866289 0.684792 0.021734 0.024917
0.0 0.013883 0.694833 0.027766 0.041542
0.0 0.738430 0.680073 0.022203 0.023938
0.0 0.052609 0.671042 0.033719 0.035167
0.0 0.808383 0.680812 0.021453 0.024792
0.0 0.793266 0.679510 0.022031 0.025396
0.0 0.888852 0.686188 0.037328 0.031125
0.0 0.773734 0.680656 0.022062 0.021771
0.0 0.104984 0.685583 0.040406 0.040458
0.0 0.849680 0.682146 0.024641 0.029375
0.0 0.758711 0.679156 0.012766 0.017021
0.0 0.538281 0.681250 0.910937 0.112500
0.0 0.826563 0.682292 0.025000 0.022917
