0.0 0.592422 0.561673 0.075594 0.074943
0.0 0.649820 0.543527 0.045422 0.047015
0.0 0.252172 0.656920 0.364969 0.252319
0.0 0.053937 0.559819 0.087844 0.075418
0.0 0.259391 0.529240 0.051531 0.014563
1.0 0.351172 0.533983 0.090938 0.069601
0.0 0.438859 0.540941 0.051187 0.035418
0.0 0.127813 0.555551 0.126250 0.071255
0.0 0.406336 0.543108 0.027266 0.036825
0.0 0.468039 0.540941 0.021328 0.025342
0.0 0.670836 0.535884 0.012297 0.017243
0.0 0.770555 0.553165 0.034484 0.085875
0.0 0.553906 0.537072 0.026562 0.024715
