3.0 0.491565 0.730109 0.271455 0.115844
3.0 0.794624 0.555289 0.132817 0.093391
3.0 0.874977 0.504477 0.087856 0.058578
3.0 0.444171 0.562562 0.162269 0.136750
3.0 0.533576 0.713391 0.233130 0.151219
3.0 0.214577 0.683008 0.187214 0.161484
3.0 0.061768 0.778445 0.123536 0.176359
3.0 0.098208 0.720555 0.196416 0.208516
3.0 0.260477 0.662125 0.177793 0.152000
3.0 0.364484 0.625680 0.154538 0.123297
3.0 0.614562 0.670883 0.170094 0.123516
3.0 0.573247 0.683687 0.224617 0.168469
3.0 0.663224 0.634141 0.159687 0.136813
3.0 0.500000 0.549219 0.996870 0.360938
3.0 0.745696 0.584375 0.129890 0.093750
