0.0 0.785938 0.563889 0.010937 0.016667
0.0 0.773438 0.555556 0.010937 0.013889
0.0 0.764063 0.566667 0.009375 0.019444
0.0 0.803125 0.544444 0.012500 0.025000
0.0 0.717187 0.541667 0.017188 0.022222
0.0 0.687500 0.566667 0.017188 0.027778
0.0 0.671875 0.555556 0.012500 0.019444
0.0 0.645313 0.563889 0.021875 0.027778
0.0 0.631250 0.555556 0.009375 0.027778
3.0 0.621875 0.575000 0.009375 0.027778
0.0 0.748437 0.561111 0.020313 0.011111
0.0 0.742188 0.602778 0.076563 0.072222
0.0 0.918750 0.636111 0.085938 0.105556
0.0 0.825000 0.641667 0.093750 0.161111
3.0 0.540625 0.569444 0.006250 0.030556
