0.0 0.063080 0.623448 0.063560 0.093582
0.0 0.106390 0.637104 0.060140 0.083284
0.0 0.474810 0.324299 0.069540 0.076418
3.0 0.712940 0.511060 0.044200 0.043910
0.0 0.199220 0.293522 0.102520 0.166925
3.0 0.644910 0.401433 0.040740 0.054985
3.0 0.197010 0.565239 0.047460 0.055493
3.0 0.220200 0.542925 0.036960 0.044955
3.0 0.267550 0.476896 0.040940 0.043104
3.0 0.837560 0.710463 0.045400 0.060687
3.0 0.814580 0.653821 0.050280 0.065612
3.0 0.442120 0.555090 0.022480 0.046478
3.0 0.377270 0.477522 0.023180 0.059045
3.0 0.236430 0.514030 0.041140 0.053970
3.0 0.458060 0.500537 0.024680 0.041194
3.0 0.617500 0.545269 0.017800 0.049761
1.0 0.056840 0.696328 0.041080 0.060716
3.0 0.638340 0.506463 0.015480 0.057582
3.0 0.466000 0.604478 0.928000 0.516418
3.0 0.534000 0.519403 0.020000 0.041791
3.0 0.733000 0.532836 0.038000 0.050746
3.0 0.354000 0.471642 0.020000 0.047761
