0.0 0.061437 0.575257 0.110813 0.083318
0.0 0.194031 0.508902 0.018313 0.033271
0.0 0.708344 0.537582 0.079500 0.041986
0.0 0.524617 0.514042 0.028141 0.026636
3.0 0.796062 0.553458 0.029906 0.031262
0.0 0.019477 0.598271 0.038953 0.096168
0.0 0.469336 0.502114 0.020953 0.021145
0.0 0.447570 0.495689 0.015578 0.015444
0.0 0.423117 0.490280 0.015953 0.017383
3.0 0.885492 0.559428 0.014297 0.038341
3.0 0.116750 0.561040 0.038375 0.056565
3.0 0.852719 0.553014 0.020281 0.041121
3.0 0.080695 0.524720 0.018203 0.026636
0.0 0.143953 0.539825 0.044844 0.050584
0.0 0.159547 0.521671 0.045062 0.051752
0.0 0.411398 0.490806 0.010016 0.014322
0.0 0.504773 0.505245 0.031172 0.028154
