0.0 0.510937 0.513889 0.023438 0.050000
3.0 0.732812 0.527778 0.026562 0.063889
0.0 0.673438 0.516667 0.037500 0.044444
0.0 0.651562 0.516667 0.021875 0.030556
0.0 0.576562 0.513889 0.015625 0.019444
0.0 0.565625 0.511111 0.009375 0.019444
0.0 0.526562 0.516667 0.014063 0.030556
0.0 0.331250 0.527778 0.085938 0.094444
3.0 0.265625 0.541667 0.032813 0.052778
0.0 0.090625 0.527778 0.179688 0.194444
4.0 0.590625 0.516667 0.012500 0.055556
4.0 0.551563 0.511111 0.010937 0.027778
0.0 0.639062 0.511111 0.031250 0.033333
