0.0 0.096875 0.233333 0.189062 0.261111
0.0 0.068750 0.152778 0.128125 0.130556
0.0 0.868750 0.700000 0.259375 0.594444
0.0 0.626563 0.197222 0.096875 0.163889
0.0 0.409375 0.133333 0.075000 0.180556
0.0 0.128125 0.038889 0.085938 0.075000
0.0 0.282813 0.041667 0.057813 0.083333
0.0 0.242188 0.200000 0.056250 0.086111
0.0 0.218750 0.141667 0.053125 0.105556
0.0 0.157813 0.102778 0.043750 0.041667
0.0 0.279687 0.097222 0.053125 0.077778
0.0 0.321875 0.066667 0.017188 0.047222
0.0 0.328125 0.025000 0.017188 0.047222
3.0 0.704688 0.338889 0.028125 0.047222
4.0 0.687500 0.269444 0.043750 0.100000
0.0 0.190625 0.747222 0.170313 0.313889
0.0 0.364062 0.872222 0.148438 0.252778
0.0 0.690625 0.894444 0.123438 0.208333
0.0 0.704688 0.697222 0.100000 0.236111
0.0 0.625000 0.541667 0.070312 0.186111
0.0 0.554688 0.741667 0.109375 0.283333
0.0 0.264062 0.466667 0.090625 0.172222
0.0 0.350000 0.405556 0.060937 0.138889
0.0 0.426562 0.530556 0.100000 0.269444
0.0 0.535938 0.461111 0.079687 0.152778
0.0 0.665625 0.413889 0.093750 0.136111
0.0 0.621875 0.311111 0.057813 0.133333
0.0 0.579688 0.319444 0.042188 0.113889
0.0 0.521875 0.322222 0.064062 0.108333
0.0 0.435937 0.338889 0.067187 0.130556
0.0 0.367188 0.316667 0.062500 0.094444
0.0 0.310937 0.288889 0.065625 0.119444
0.0 0.385938 0.238889 0.057813 0.069444
0.0 0.335938 0.205556 0.054688 0.075000
0.0 0.350000 0.166667 0.040625 0.075000
0.0 0.364062 0.111111 0.026562 0.063889
0.0 0.453125 0.247222 0.051562 0.105556
0.0 0.512500 0.238889 0.046875 0.080556
0.0 0.548438 0.211111 0.048438 0.083333
0.0 0.517188 0.169444 0.037500 0.066667
0.0 0.532813 0.102778 0.032813 0.066667
0.0 0.495313 0.130556 0.040625 0.052778
0.0 0.467187 0.163889 0.035937 0.058333
0.0 0.467187 0.111111 0.029687 0.052778
0.0 0.498437 0.083333 0.021875 0.050000
0.0 0.490625 0.055556 0.025000 0.033333
0.0 0.465625 0.063889 0.023438 0.036111
0.0 0.425000 0.027778 0.046875 0.041667
0.0 0.381250 0.019444 0.023438 0.030556
0.0 0.535938 0.027778 0.034375 0.033333
0.0 0.492188 0.013889 0.026562 0.025000
0.0 0.532813 0.977778 0.107813 0.036111
