0.0 0.885938 0.355556 0.228124 0.261111
0.0 0.978906 0.168056 0.042188 0.080556
0.0 0.901563 0.183333 0.126562 0.130556
0.0 0.795313 0.155556 0.043750 0.058333
0.0 0.779688 0.227778 0.020313 0.061111
0.0 0.481250 0.205556 0.429688 0.205556
0.0 0.642188 0.366667 0.229687 0.269444
0.0 0.621875 0.394444 0.262500 0.283333
0.0 0.453125 0.327778 0.156250 0.200000
0.0 0.345313 0.327778 0.120313 0.202778
0.0 0.190625 0.455556 0.301563 0.361111
0.0 0.281250 0.380556 0.209375 0.263889
0.0 0.187500 0.266667 0.153125 0.091667
0.0 0.035937 0.338889 0.068750 0.225000
3.0 0.665625 0.788889 0.432812 0.413889
4.0 0.621875 0.661111 0.501563 0.380556
0.0 0.923437 0.225000 0.150000 0.091667
3.0 0.471875 0.709722 0.109375 0.213889
