0.0 0.841883 0.381385 0.034016 0.017729
0.0 0.747188 0.377844 0.039375 0.021937
0.0 0.644195 0.377906 0.037766 0.016521
0.0 0.550078 0.375188 0.045750 0.019708
1.0 0.693648 0.372344 0.052797 0.026146
0.0 0.493539 0.374083 0.044609 0.017625
0.0 0.304586 0.372354 0.044672 0.016500
0.0 0.350125 0.375375 0.050781 0.013625
0.0 0.796078 0.377167 0.049188 0.021375
0.0 0.593938 0.376740 0.038125 0.014229
0.0 0.621039 0.375208 0.020297 0.019917
0.0 0.432469 0.372323 0.045219 0.023021
0.0 0.258602 0.373135 0.046609 0.015354
0.0 0.888195 0.380115 0.037266 0.021646
0.0 0.526562 0.377083 0.862500 0.041667
0.0 0.121094 0.369792 0.051562 0.018750
