4.0 0.357812 0.533333 0.539062 0.719444
4.0 0.454688 0.363889 0.379688 0.519444
3.0 0.467187 0.252778 0.071875 0.188889
4.0 0.887500 0.213889 0.089063 0.341667
4.0 0.639062 0.141667 0.070312 0.183333
4.0 0.731250 0.063889 0.032813 0.061111
4.0 0.976562 0.094444 0.043750 0.183333
4.0 0.928125 0.041667 0.043750 0.066667
4.0 0.828125 0.036111 0.026562 0.047222
0.0 0.068750 0.083333 0.065625 0.133333
3.0 0.163281 0.802778 0.326562 0.377778
3.0 0.542188 0.479167 0.171875 0.297222
0.0 0.272656 0.088889 0.073438 0.077778
3.0 0.922656 0.295833 0.045312 0.158333
3.0 0.750781 0.229167 0.032813 0.091667
0.0 0.384375 0.065278 0.068750 0.063889
