0.0 0.335156 0.726389 0.670312 0.536111
0.0 0.514062 0.450000 0.350000 0.305556
0.0 0.184375 0.452778 0.304688 0.175000
0.0 0.100000 0.597222 0.198437 0.269444
0.0 0.859375 0.355556 0.085938 0.111111
0.0 0.062500 0.352778 0.089063 0.094444
0.0 0.051562 0.291667 0.095312 0.105556
0.0 0.409375 0.286111 0.209375 0.108333
0.0 0.785937 0.477778 0.157812 0.263889
0.0 0.751563 0.405556 0.120313 0.172222
0.0 0.943750 0.366667 0.107813 0.163889
0.0 0.751563 0.305556 0.070312 0.038889
0.0 0.667188 0.330556 0.056250 0.097222
0.0 0.862500 0.288889 0.053125 0.047222
0.0 0.223438 0.352778 0.121875 0.116667
0.0 0.334375 0.352778 0.103125 0.122222
0.0 0.404687 0.341667 0.053125 0.102778
0.0 0.601562 0.288889 0.070312 0.030556
