0.0 0.321570 0.703813 0.079828 0.074875
0.0 0.502297 0.659365 0.030969 0.046354
0.0 0.733117 0.680906 0.065766 0.068146
0.0 0.669641 0.678490 0.055875 0.052813
0.0 0.141297 0.802250 0.278094 0.229208
3.0 0.253273 0.713302 0.022797 0.046687
3.0 0.878336 0.667927 0.038547 0.027229
3.0 0.764336 0.654260 0.011672 0.026562
3.0 0.777867 0.651354 0.019047 0.035208
3.0 0.794797 0.647240 0.020969 0.035604
3.0 0.550266 0.673562 0.011125 0.023250
3.0 0.363602 0.954615 0.053703 0.072021
0.0 0.403117 0.650771 0.021609 0.035333
0.0 0.070484 0.675854 0.057969 0.033708
3.0 0.627234 0.683937 0.018812 0.023542
3.0 0.613187 0.668229 0.018594 0.017208
3.0 0.529938 0.661448 0.008625 0.018312
3.0 0.538578 0.654271 0.007562 0.019750
3.0 0.426070 0.646573 0.005266 0.009229
3.0 0.814195 0.649781 0.022422 0.032604
3.0 0.856250 0.640625 0.062500 0.043750
