3.0 0.423277 0.792327 0.761590 0.415347
0.0 0.916663 0.378662 0.058103 0.087081
4.0 0.808707 0.391994 0.088937 0.190423
0.0 0.781480 0.359840 0.116341 0.123957
0.0 0.676277 0.300318 0.152786 0.196442
0.0 0.575525 0.335065 0.041826 0.088685
0.0 0.583565 0.274337 0.045423 0.045084
3.0 0.027619 0.459923 0.055238 0.157097
3.0 0.066057 0.427275 0.022503 0.042923
3.0 0.122981 0.409285 0.023858 0.033635
4.0 0.145525 0.394534 0.021054 0.049064
4.0 0.169989 0.389072 0.023067 0.061808
4.0 0.227100 0.377376 0.014130 0.035857
0.0 0.325233 0.364970 0.020584 0.033327
0.0 0.349697 0.359508 0.023671 0.027340
0.0 0.372522 0.354200 0.013754 0.023266
0.0 0.344034 0.334791 0.053233 0.033265
0.0 0.275744 0.357010 0.083546 0.064370
0.0 0.201000 0.382992 0.025778 0.043232
4.0 0.282668 0.368982 0.017028 0.023575
4.0 0.302220 0.363983 0.018760 0.026877
4.0 0.245015 0.372531 0.015486 0.026568
