0.0 0.752234 0.460047 0.137313 0.114098
0.0 0.696766 0.447681 0.099562 0.086136
0.0 0.482781 0.456464 0.190281 0.097237
0.0 0.297164 0.419075 0.042578 0.041101
3.0 0.167938 0.662155 0.301844 0.307073
3.0 0.476781 0.642389 0.229875 0.242670
3.0 0.789711 0.652681 0.232984 0.278899
3.0 0.529984 0.476569 0.077156 0.081944
0.0 0.435047 0.418536 0.035125 0.034403
0.0 0.571266 0.420984 0.028687 0.029696
0.0 0.623164 0.432354 0.083109 0.054356
0.0 0.575328 0.435445 0.026656 0.043208
3.0 0.353172 0.600398 0.191344 0.181546
3.0 0.422297 0.467541 0.040625 0.077049
0.0 0.456727 0.418080 0.059109 0.034941
0.0 0.511656 0.405246 0.026375 0.010398
1.0 0.086719 0.403981 0.170313 0.236534
