0.0 0.818240 0.172531 0.363521 0.126375
3.0 0.175677 0.652359 0.240771 0.096844
3.0 0.681385 0.368664 0.322438 0.340391
3.0 0.171177 0.234781 0.166646 0.081687
3.0 0.773802 0.403648 0.196438 0.065359
3.0 0.609125 0.446406 0.191417 0.096844
3.0 0.187823 0.501672 0.195604 0.108375
3.0 0.406646 0.259609 0.169708 0.082312
3.0 0.503510 0.393281 0.185687 0.073563
3.0 0.388406 0.733164 0.107229 0.087734
3.0 0.559281 0.672156 0.087479 0.067719
3.0 0.414813 0.576523 0.247250 0.102391
3.0 0.424396 0.323547 0.167583 0.071375
3.0 0.353406 0.493133 0.191438 0.079141
3.0 0.506250 0.422656 0.958333 0.557813
3.0 0.537500 0.210938 0.154167 0.081250
3.0 0.316667 0.196094 0.158333 0.082812
3.0 0.466667 0.658594 0.258333 0.082812
3.0 0.726042 0.498437 0.227083 0.081250
3.0 0.138542 0.558594 0.222917 0.101562
3.0 0.944792 0.525000 0.106250 0.096875
3.0 0.155208 0.428906 0.197917 0.092188
3.0 0.864583 0.452344 0.116667 0.101562
3.0 0.183333 0.378906 0.179167 0.089063
3.0 0.388542 0.431250 0.135417 0.112500
