0.0 0.212453 0.298536 0.143406 0.071639
3.0 0.596219 0.569778 0.489406 0.396323
3.0 0.350289 0.407049 0.142203 0.208337
3.0 0.309102 0.416265 0.118703 0.214965
3.0 0.418234 0.498162 0.159000 0.273044
3.0 0.353500 0.490995 0.135781 0.238431
3.0 0.257844 0.414614 0.116937 0.195504
3.0 0.390031 0.468560 0.122969 0.249297
0.0 0.134344 0.300422 0.100531 0.077705
0.0 0.133055 0.255714 0.120953 0.051194
3.0 0.436875 0.485234 0.099187 0.142178
3.0 0.219156 0.400164 0.074813 0.170539
0.0 0.246875 0.269321 0.078125 0.023419
