0.0 0.911672 0.642904 0.170094 0.109977
0.0 0.811836 0.579766 0.103453 0.098876
0.0 0.701016 0.627026 0.176406 0.140656
0.0 0.527766 0.637026 0.218031 0.138501
0.0 0.334805 0.633220 0.048453 0.081897
0.0 0.730664 0.541557 0.112203 0.038806
0.0 0.373828 0.641792 0.077125 0.115621
0.0 0.161617 0.610410 0.064922 0.056745
0.0 0.655203 0.487635 0.092500 0.072600
0.0 0.642336 0.548794 0.083297 0.064754
0.0 0.917086 0.572155 0.142953 0.108712
0.0 0.248203 0.604731 0.026438 0.106183
0.0 0.294203 0.628946 0.023406 0.069789
0.0 0.842523 0.581347 0.175703 0.119836
