4.0 0.512390 0.575514 0.143718 0.352461
4.0 0.395460 0.478331 0.058867 0.183846
0.0 0.190369 0.511381 0.380737 0.756719
0.0 0.594076 0.379419 0.221483 0.225663
0.0 0.745258 0.434546 0.133418 0.142810
3.0 0.805672 0.380641 0.031866 0.083507
0.0 0.981940 0.468357 0.036119 0.228898
0.0 0.945054 0.384870 0.058855 0.110126
0.0 0.919472 0.347350 0.055973 0.063219
0.0 0.976112 0.312605 0.047775 0.076596
0.0 0.934248 0.301837 0.037843 0.039729
0.0 0.893948 0.312291 0.029398 0.053832
3.0 0.991059 0.331899 0.017882 0.040989
0.0 0.825490 0.324881 0.011032 0.020495
4.0 0.734569 0.356436 0.029221 0.046447
0.0 0.708230 0.360900 0.022417 0.055760
0.0 0.767947 0.351440 0.032799 0.049176
0.0 0.797332 0.327016 0.014551 0.020761
0.0 0.402487 0.403810 0.054567 0.077856
0.0 0.837750 0.321485 0.010973 0.018033
