0.0 0.634375 0.830556 0.110937 0.138889
3.0 0.543750 0.916667 0.078125 0.094444
0.0 0.936719 0.806944 0.126562 0.152778
0.0 0.245313 0.463889 0.196875 0.152778
0.0 0.182813 0.805556 0.362500 0.286111
0.0 0.796875 0.341667 0.243750 0.177778
0.0 0.609375 0.572222 0.179688 0.125000
0.0 0.328125 0.580556 0.142187 0.100000
0.0 0.129687 0.561111 0.146875 0.130556
0.0 0.292188 0.341667 0.137500 0.102778
4.0 0.104688 0.411111 0.075000 0.102778
3.0 0.548438 0.416667 0.054688 0.069444
3.0 0.403125 0.436111 0.057813 0.091667
0.0 0.920313 0.472222 0.140625 0.122222
0.0 0.851562 0.572222 0.187500 0.138889
0.0 0.728906 0.505556 0.145313 0.105556
0.0 0.025000 0.515278 0.046875 0.102778
0.0 0.671875 0.576389 0.059375 0.102778
0.0 0.550000 0.497222 0.131250 0.105556
0.0 0.416406 0.666667 0.054688 0.083333
