1.0 0.513289 0.671643 0.024578 0.020047
1.0 0.545516 0.657289 0.025406 0.018099
0.0 0.567719 0.870106 0.008969 0.029225
0.0 0.459859 0.905622 0.020813 0.034014
0.0 0.400859 0.899636 0.019031 0.031432
0.0 0.370289 0.920622 0.023359 0.040399
0.0 0.106930 0.608897 0.015859 0.013944
0.0 0.061539 0.713286 0.024047 0.014695
0.0 0.881727 0.879237 0.041516 0.022136
0.0 0.667000 0.878310 0.014875 0.032254
0.0 0.899461 0.935704 0.035391 0.022629
0.0 0.762844 0.890728 0.020531 0.037418
0.0 0.514445 0.857711 0.019766 0.029131
0.0 0.706062 0.945387 0.019062 0.038615
0.0 0.621109 0.929660 0.020313 0.033122
0.0 0.500000 0.725352 0.996875 0.544601
