0.0 0.274852 0.459941 0.062641 0.089225
0.0 0.172109 0.448357 0.045625 0.048169
0.0 0.795133 0.501467 0.148391 0.122277
0.0 0.078211 0.455869 0.100078 0.065399
0.0 0.722398 0.484061 0.075047 0.108826
0.0 0.955523 0.529038 0.088953 0.154554
0.0 0.829953 0.459413 0.111688 0.084554
0.0 0.969180 0.554871 0.060141 0.163122
0.0 0.944328 0.405622 0.109187 0.132840
1.0 0.461461 0.409437 0.078609 0.083897
1.0 0.163937 0.415235 0.053344 0.063991
3.0 0.828062 0.770927 0.110344 0.316549
3.0 0.905148 0.586796 0.070266 0.184718
3.0 0.495156 0.650493 0.088000 0.207418
3.0 0.398336 0.538498 0.055828 0.125822
3.0 0.309695 0.514847 0.040453 0.096690
3.0 0.593422 0.554190 0.050531 0.150681
3.0 0.233508 0.463662 0.024922 0.056150
3.0 0.533258 0.483721 0.033109 0.078803
3.0 0.668547 0.527418 0.053469 0.132911
3.0 0.344523 0.503803 0.038078 0.085493
3.0 0.445023 0.487007 0.034578 0.075329
3.0 0.369117 0.473486 0.026203 0.066925
3.0 0.422617 0.500117 0.023984 0.069155
3.0 0.290742 0.501279 0.012766 0.076737
3.0 0.206250 0.454225 0.018750 0.039906
