4.0 0.495313 0.869444 0.125000 0.194444
4.0 0.689063 0.872222 0.132812 0.177778
4.0 0.834375 0.900000 0.145313 0.177778
4.0 0.850000 0.811111 0.120313 0.155556
4.0 0.929688 0.769444 0.068750 0.158333
0.0 0.757812 0.736111 0.142187 0.144444
0.0 0.906250 0.702778 0.114062 0.111111
0.0 0.862500 0.661111 0.101562 0.100000
0.0 0.900000 0.566667 0.075000 0.077778
0.0 0.767187 0.427778 0.032813 0.038889
4.0 0.884375 0.463889 0.021875 0.055556
4.0 0.948438 0.461111 0.096875 0.108333
0.0 0.701562 0.541667 0.045312 0.077778
0.0 0.640625 0.547222 0.045312 0.080556
3.0 0.828125 0.408333 0.015625 0.036111
4.0 0.139062 0.675000 0.048438 0.105556
4.0 0.154687 0.608333 0.067187 0.100000
0.0 0.587500 0.538889 0.043750 0.094444
0.0 0.496875 0.563889 0.054688 0.091667
0.0 0.456250 0.530556 0.053125 0.083333
0.0 0.468750 0.480556 0.035937 0.072222
0.0 0.525000 0.519444 0.040625 0.069444
0.0 0.531250 0.483333 0.037500 0.047222
0.0 0.507812 0.452778 0.026562 0.050000
0.0 0.573437 0.500000 0.040625 0.061111
0.0 0.620312 0.461111 0.031250 0.075000
0.0 0.487500 0.427778 0.017188 0.033333
0.0 0.582813 0.444444 0.032813 0.063889
0.0 0.543750 0.461111 0.020313 0.050000
0.0 0.548438 0.425000 0.028125 0.063889
0.0 0.590625 0.397222 0.021875 0.058333
0.0 0.623437 0.413889 0.031250 0.036111
0.0 0.628125 0.383333 0.017188 0.033333
0.0 0.607812 0.397222 0.012500 0.025000
0.0 0.565625 0.386111 0.017188 0.036111
0.0 0.550000 0.377778 0.010937 0.019444
0.0 0.523438 0.416667 0.017188 0.038889
0.0 0.506250 0.419444 0.020313 0.030556
0.0 0.475000 0.436111 0.021875 0.019444
0.0 0.521875 0.383333 0.021875 0.033333
0.0 0.690625 0.500000 0.039062 0.061111
0.0 0.687500 0.444444 0.035937 0.075000
0.0 0.653125 0.472222 0.023438 0.052778
0.0 0.660938 0.422222 0.020313 0.033333
0.0 0.657813 0.380556 0.025000 0.033333
3.0 0.657813 0.886111 0.065625 0.094444
3.0 0.239844 0.740278 0.023438 0.075000
