0.0 0.585055 0.703227 0.178019 0.485019
0.0 0.337307 0.747884 0.174896 0.360871
0.0 0.291147 0.313048 0.109185 0.231211
0.0 0.511019 0.370235 0.098163 0.224724
0.0 0.531762 0.213604 0.081917 0.175678
0.0 0.629510 0.153901 0.075321 0.148191
0.0 0.480233 0.081353 0.059189 0.108226
0.0 0.514098 0.023558 0.040234 0.047117
0.0 0.436028 0.012231 0.046222 0.024461
0.0 0.406778 0.075405 0.051180 0.092783
0.0 0.328254 0.223684 0.079821 0.133245
0.0 0.401059 0.156933 0.063918 0.111439
0.0 0.327794 0.135853 0.049541 0.086668
0.0 0.367457 0.092011 0.038746 0.098339
0.0 0.419104 0.339330 0.069560 0.187287
0.0 0.675169 0.379786 0.066547 0.196243
0.0 0.776501 0.283890 0.095569 0.266970
0.0 0.716772 0.181593 0.062468 0.120456
0.0 0.691140 0.104875 0.054269 0.089881
0.0 0.624169 0.081017 0.047634 0.059368
0.0 0.545642 0.105148 0.055948 0.099022
0.0 0.476078 0.162943 0.060866 0.117368
0.0 0.958330 0.215499 0.083340 0.121450
3.0 0.876912 0.023771 0.021204 0.047543
3.0 0.826950 0.018963 0.018038 0.037925
0.0 0.687097 0.053238 0.047786 0.071473
0.0 0.682825 0.024676 0.042943 0.049351
0.0 0.676836 0.017726 0.041569 0.035452
0.0 0.628095 0.032605 0.037144 0.065210
0.0 0.592017 0.031766 0.024407 0.063532
0.0 0.901252 0.969612 0.187526 0.060777
0.0 0.363973 0.972698 0.173072 0.054605
4.0 0.022690 0.387163 0.036989 0.207168
0.0 0.431986 0.061267 0.036916 0.077091
3.0 0.454107 0.043978 0.013537 0.082212
0.0 0.413756 0.020056 0.039625 0.040113
0.0 0.560591 0.051018 0.045420 0.102037
0.0 0.648462 0.023665 0.010181 0.047331
0.0 0.617672 0.286662 0.084778 0.154618
