0.0 0.285289 0.781589 0.145859 0.095374
0.0 0.702602 0.788236 0.066078 0.065864
0.0 0.327852 0.731776 0.148641 0.072710
0.0 0.402953 0.682465 0.072000 0.065631
0.0 0.416922 0.617161 0.123562 0.083481
0.0 0.428172 0.574673 0.104813 0.052944
0.0 0.707078 0.743166 0.063844 0.060210
0.0 0.464805 0.518657 0.098859 0.075771
0.0 0.516633 0.473551 0.083141 0.044206
0.0 0.720234 0.712944 0.058750 0.040047
0.0 0.726586 0.676495 0.059578 0.076542
0.0 0.363320 0.769708 0.033703 0.055537
0.0 0.380055 0.634988 0.145922 0.076893
0.0 0.537500 0.591121 0.471875 0.327103
0.0 0.746094 0.461449 0.039062 0.044393
