0.0 0.879687 0.830986 0.093750 0.157277
0.0 0.251563 0.840376 0.150000 0.140845
0.0 0.484375 0.704225 0.054688 0.096244
3.0 0.301563 0.685446 0.032813 0.056338
0.0 0.381250 0.704225 0.043750 0.119718
4.0 0.353125 0.671362 0.014063 0.070423
0.0 0.503125 0.643192 0.037500 0.025822
0.0 0.473438 0.619718 0.056250 0.039906
3.0 0.459375 0.582160 0.021875 0.035211
0.0 0.548438 0.600939 0.048438 0.049296
0.0 0.501563 0.582160 0.045312 0.032864
0.0 0.575000 0.553991 0.018750 0.042254
0.0 0.523438 0.546948 0.043750 0.039906
3.0 0.493750 0.556338 0.010937 0.014085
0.0 0.554688 0.535211 0.018750 0.044601
0.0 0.503125 0.504695 0.017188 0.030516
0.0 0.540625 0.488263 0.017188 0.028169
0.0 0.568750 0.483568 0.015625 0.025822
0.0 0.590625 0.478873 0.012500 0.025822
0.0 0.603125 0.483568 0.012500 0.025822
0.0 0.706250 0.471831 0.010937 0.023474
0.0 0.787500 0.572770 0.023438 0.051643
0.0 0.621875 0.471831 0.015625 0.018779
0.0 0.609375 0.462441 0.012500 0.016432
0.0 0.634375 0.460094 0.007812 0.016432
0.0 0.720313 0.481221 0.014063 0.021127
0.0 0.737500 0.495305 0.009375 0.028169
0.0 0.679688 0.443662 0.009375 0.011737
0.0 0.664062 0.464789 0.014063 0.007042
3.0 0.656250 0.523474 0.014063 0.025822
0.0 0.689063 0.460094 0.017188 0.016432
0.0 0.678125 0.476526 0.017188 0.016432
0.0 0.681250 0.516432 0.031250 0.061033
0.0 0.714063 0.434272 0.009375 0.014085
