3.0 0.171883 0.831187 0.235391 0.337626
3.0 0.574102 0.847455 0.326797 0.305090
0.0 0.453063 0.662734 0.079000 0.070252
0.0 0.336445 0.672401 0.061234 0.056637
0.0 0.780539 0.663067 0.050172 0.036996
0.0 0.865180 0.660881 0.269641 0.040288
0.0 0.286000 0.665081 0.019781 0.028687
0.0 0.260961 0.666547 0.044359 0.089065
0.0 0.923438 0.661871 0.071875 0.039568
0.0 0.972656 0.660971 0.051562 0.041367
0.0 0.750781 0.660971 0.032813 0.034173
3.0 0.301563 0.684353 0.021875 0.041367
0.0 0.825781 0.660971 0.048438 0.037770
