4.0 0.274603 0.738098 0.080687 0.464238
4.0 0.856128 0.107140 0.052212 0.214281
4.0 0.827401 0.068576 0.041084 0.137152
4.0 0.349012 0.253037 0.052771 0.267575
4.0 0.271821 0.247368 0.049780 0.243034
3.0 0.246351 0.521370 0.043461 0.169635
3.0 0.211474 0.402581 0.030796 0.213098
4.0 0.217261 0.243849 0.038932 0.225927
0.0 0.899547 0.356784 0.045712 0.428906
4.0 0.308655 0.122537 0.036877 0.173128
0.0 0.188869 0.209723 0.079988 0.221290
0.0 0.152663 0.091046 0.158550 0.146947
0.0 0.197481 0.065166 0.110630 0.130331
4.0 0.277217 0.062409 0.042902 0.124819
3.0 0.093966 0.173085 0.046550 0.105126
