1.0 0.016667 0.479687 0.030556 0.065625
1.0 0.050000 0.476562 0.047222 0.051562
1.0 0.047222 0.440625 0.088889 0.054688
4.0 0.119444 0.510938 0.113889 0.090625
4.0 0.272222 0.503125 0.108333 0.096875
0.0 0.258333 0.475000 0.100000 0.054688
0.0 0.194444 0.462500 0.025000 0.026562
0.0 0.602778 0.454688 0.227778 0.095312
0.0 0.700000 0.500000 0.225000 0.096875
0.0 0.847222 0.453125 0.144444 0.037500
0.0 0.797222 0.484375 0.058333 0.048438
3.0 0.900000 0.518750 0.100000 0.103125
3.0 0.972222 0.542188 0.044444 0.112500
4.0 0.905556 0.470313 0.075000 0.034375
