0.0 0.907055 0.566073 0.022328 0.022729
0.0 0.751523 0.559948 0.014703 0.020188
3.0 0.386516 0.849438 0.252812 0.274167
0.0 0.970078 0.579083 0.023625 0.036792
3.0 0.561539 0.749396 0.129484 0.291167
3.0 0.675531 0.643792 0.060750 0.141500
3.0 0.717164 0.633146 0.048234 0.087083
3.0 0.756945 0.617333 0.039359 0.080125
3.0 0.783445 0.614260 0.023078 0.048646
3.0 0.804836 0.590646 0.009828 0.028250
3.0 0.630852 0.681938 0.062953 0.198875
3.0 0.812789 0.579365 0.006609 0.017313
3.0 0.818047 0.575052 0.006906 0.020562
3.0 0.822398 0.569479 0.006672 0.018042
0.0 0.891187 0.567312 0.012750 0.015625
0.0 0.930359 0.573823 0.015469 0.023271
0.0 0.939594 0.577135 0.013688 0.028604
0.0 0.960180 0.575365 0.032672 0.037312
0.0 0.988320 0.582729 0.023297 0.049292
0.0 0.031062 0.849385 0.062124 0.274646
