3.0 0.753125 0.772948 0.121469 0.224979
3.0 0.943672 0.768240 0.112656 0.270396
3.0 0.822578 0.689240 0.090312 0.264521
3.0 0.491531 0.612573 0.040125 0.092104
0.0 0.744437 0.589438 0.251094 0.202583
0.0 0.549422 0.590438 0.083344 0.112125
0.0 0.927266 0.695073 0.145468 0.251104
0.0 0.959219 0.588604 0.079406 0.080792
0.0 0.913820 0.576396 0.102609 0.077458
0.0 0.395711 0.562167 0.051422 0.068167
0.0 0.581469 0.508708 0.146750 0.087667
0.0 0.329727 0.546302 0.052891 0.028396
0.0 0.505258 0.546167 0.036609 0.035625
0.0 0.363352 0.562979 0.035859 0.052292
0.0 0.424875 0.574323 0.057781 0.067562
0.0 0.493031 0.574500 0.112344 0.119458
3.0 0.660648 0.714958 0.097891 0.126042
0.0 0.450289 0.535677 0.020391 0.026937
