0.0 0.395162 0.909295 0.167923 0.068226
0.0 0.463672 0.848922 0.145820 0.092170
0.0 0.533038 0.798832 0.097367 0.069715
0.0 0.617507 0.733857 0.078932 0.060539
0.0 0.637135 0.694803 0.064870 0.045987
4.0 0.709553 0.838476 0.077860 0.105577
4.0 0.696165 0.716887 0.047383 0.067492
4.0 0.754770 0.694569 0.044142 0.067159
3.0 0.800959 0.797974 0.030936 0.062890
3.0 0.813680 0.715184 0.019014 0.035450
0.0 0.706716 0.588394 0.024884 0.028772
0.0 0.745113 0.578523 0.021643 0.028439
0.0 0.825606 0.583587 0.026871 0.033345
0.0 0.863116 0.582696 0.044571 0.033707
0.0 0.890936 0.563541 0.024884 0.028772
0.0 0.806194 0.566322 0.024884 0.028772
3.0 0.795554 0.595563 0.014307 0.017490
4.0 0.763914 0.588443 0.021277 0.024032
0.0 0.688313 0.563618 0.016172 0.020594
0.0 0.675107 0.562011 0.016172 0.020594
0.0 0.705280 0.551504 0.016050 0.019125
4.0 0.693265 0.583849 0.011922 0.027440
0.0 0.756793 0.522507 0.063403 0.028360
