3.0 0.383445 0.661885 0.349797 0.342646
3.0 0.705234 0.561938 0.258437 0.344583
3.0 0.828906 0.683937 0.342187 0.609667
3.0 0.585922 0.401260 0.080937 0.212063
3.0 0.573703 0.814063 0.313812 0.371874
3.0 0.256977 0.428344 0.120766 0.172271
3.0 0.058406 0.631490 0.116812 0.343104
3.0 0.515906 0.375615 0.031062 0.119271
3.0 0.913195 0.354625 0.081422 0.169208
3.0 0.175664 0.489698 0.116422 0.195062
3.0 0.465602 0.434229 0.068797 0.116333
3.0 0.959172 0.498781 0.081375 0.148896
3.0 0.166187 0.779615 0.332375 0.440771
3.0 0.113930 0.422208 0.092859 0.191708
3.0 0.492969 0.404167 0.945312 0.308333
3.0 0.046094 0.473958 0.092188 0.177083
