0.0 0.857812 0.897959 0.220312 0.193878
0.0 0.675000 0.642857 0.090625 0.275510
0.0 0.245312 0.500000 0.042188 0.061224
0.0 0.293750 0.465986 0.035937 0.054422
0.0 0.560937 0.527211 0.029687 0.091837
0.0 0.570312 0.455782 0.018750 0.047619
0.0 0.548438 0.445578 0.012500 0.034014
0.0 0.528125 0.418367 0.012500 0.017007
0.0 0.354687 0.506803 0.018750 0.044218
0.0 0.356250 0.557823 0.023438 0.040816
0.0 0.303125 0.530612 0.015625 0.037415
0.0 0.293750 0.517007 0.015625 0.030612
0.0 0.275000 0.493197 0.018750 0.040816
0.0 0.334375 0.520408 0.018750 0.057823
0.0 0.542188 0.812925 0.060937 0.197279
0.0 0.610938 0.836735 0.048438 0.159864
3.0 0.654687 0.846939 0.021875 0.085034
0.0 0.793750 0.700680 0.107813 0.088435
3.0 0.842187 0.653061 0.020313 0.044218
4.0 0.751563 0.564626 0.017188 0.037415
4.0 0.817187 0.639456 0.028125 0.064626
3.0 0.621875 0.758503 0.021875 0.030612
0.0 0.457813 0.772109 0.046875 0.112245
0.0 0.473438 0.687075 0.037500 0.081633
0.0 0.523438 0.693878 0.028125 0.068027
0.0 0.571875 0.666667 0.040625 0.105442
0.0 0.520312 0.625850 0.029687 0.068027
0.0 0.470313 0.625850 0.029687 0.047619
0.0 0.621875 0.608844 0.021875 0.064626
0.0 0.615625 0.578231 0.029687 0.044218
3.0 0.576562 0.585034 0.012500 0.040816
4.0 0.596875 0.520408 0.007812 0.027211
0.0 0.514062 0.544218 0.025000 0.074830
0.0 0.468750 0.551020 0.020313 0.051020
3.0 0.481250 0.540816 0.007812 0.027211
3.0 0.537500 0.489796 0.006250 0.023810
0.0 0.506250 0.486395 0.020313 0.044218
0.0 0.448437 0.489796 0.017188 0.027211
0.0 0.426563 0.476190 0.015625 0.030612
0.0 0.450000 0.452381 0.017188 0.037415
0.0 0.251563 0.843537 0.084375 0.146259
0.0 0.315625 0.670068 0.043750 0.112245
0.0 0.225000 0.663265 0.042188 0.112245
0.0 0.014844 0.688776 0.029687 0.071429
0.0 0.121875 0.585034 0.039062 0.047619
0.0 0.153125 0.557823 0.018750 0.044218
0.0 0.315625 0.506803 0.015625 0.023810
0.0 0.387500 0.459184 0.023438 0.017007
4.0 0.954688 0.761905 0.039062 0.105442
4.0 0.920312 0.731293 0.034375 0.105442
3.0 0.721875 0.707483 0.014063 0.054422
