0.0 0.718836 0.386651 0.022203 0.021358
0.0 0.695570 0.367693 0.027609 0.030187
0.0 0.327141 0.434122 0.033313 0.024028
0.0 0.292719 0.443923 0.035000 0.027096
0.0 0.217211 0.468525 0.025297 0.021358
0.0 0.383578 0.420667 0.024469 0.019696
0.0 0.804406 0.434625 0.025781 0.026066
0.0 0.495016 0.389368 0.021906 0.019157
0.0 0.161094 0.484297 0.031125 0.023489
0.0 0.827703 0.446710 0.024500 0.025035
0.0 0.721398 0.364567 0.017484 0.019485
0.0 0.945219 0.450363 0.019406 0.016323
0.0 0.928305 0.457295 0.022891 0.023443
0.0 0.657031 0.402810 0.682813 0.145199
