4.0 0.652378 0.651252 0.317277 0.486782
4.0 0.408498 0.645357 0.151608 0.412208
0.0 0.126038 0.539029 0.252075 0.555742
4.0 0.784717 0.224897 0.123482 0.240214
4.0 0.431420 0.265806 0.073589 0.164874
4.0 0.451454 0.392843 0.050086 0.146626
0.0 0.433344 0.149417 0.089770 0.107614
0.0 0.494411 0.187757 0.113271 0.125862
0.0 0.246871 0.251230 0.162973 0.175713
0.0 0.943407 0.188818 0.113185 0.377635
3.0 0.849926 0.235913 0.057984 0.115407
3.0 0.489212 0.437980 0.101713 0.153677
3.0 0.811977 0.259328 0.064149 0.129578
3.0 0.586494 0.500742 0.182622 0.210865
1.0 0.088234 0.288529 0.153919 0.168495
