0.0 0.317183 0.782870 0.265912 0.147265
4.0 0.110308 0.737129 0.115259 0.063649
4.0 0.108917 0.787421 0.103200 0.073513
0.0 0.241913 0.656054 0.117351 0.055013
3.0 0.373812 0.698179 0.065644 0.035433
4.0 0.438336 0.628694 0.064162 0.046697
4.0 0.306596 0.652907 0.059626 0.044822
0.0 0.348485 0.598608 0.129716 0.046462
0.0 0.283848 0.620708 0.151785 0.053204
0.0 0.573675 0.591816 0.094083 0.051932
4.0 0.463020 0.584797 0.038450 0.033105
4.0 0.498065 0.576095 0.036334 0.032825
0.0 0.457217 0.559835 0.086775 0.029316
3.0 0.146699 0.659180 0.045384 0.027656
0.0 0.656694 0.545613 0.056266 0.030371
0.0 0.611943 0.540704 0.055350 0.026430
0.0 0.682927 0.517764 0.042047 0.022121
4.0 0.653267 0.502731 0.018473 0.017726
3.0 0.778356 0.478044 0.008484 0.010037
0.0 0.810064 0.464365 0.018755 0.010124
0.0 0.782259 0.466692 0.018755 0.010124
0.0 0.937358 0.477306 0.074671 0.021347
0.0 0.970430 0.489064 0.059140 0.023501
0.0 0.841975 0.535979 0.094760 0.081309
3.0 0.866044 0.742705 0.053935 0.064443
4.0 0.846093 0.488034 0.020588 0.018006
3.0 0.821930 0.496651 0.008178 0.008723
0.0 0.917777 0.505629 0.053846 0.028776
0.0 0.898479 0.525790 0.039061 0.035733
