0.0 0.142187 0.347926 0.240625 0.493088
0.0 0.618750 0.771889 0.220312 0.341014
0.0 0.895312 0.887097 0.198437 0.214286
4.0 0.339062 0.580645 0.090625 0.230415
4.0 0.426563 0.546083 0.079687 0.207373
3.0 0.610938 0.525346 0.104688 0.099078
0.0 0.323437 0.437788 0.098437 0.168203
0.0 0.532813 0.463134 0.181250 0.131336
0.0 0.437500 0.370968 0.176563 0.085253
0.0 0.385937 0.301843 0.200000 0.117512
0.0 0.096875 0.092166 0.062500 0.034562
0.0 0.164062 0.055300 0.045312 0.043779
0.0 0.008594 0.276498 0.017188 0.225806
