0.0 0.076562 0.302778 0.150000 0.211111
0.0 0.514062 0.444444 0.228125 0.450000
0.0 0.179688 0.725000 0.356250 0.538889
0.0 0.423438 0.788889 0.196875 0.416667
0.0 0.728125 0.797222 0.225000 0.400000
0.0 0.659375 0.391667 0.064062 0.119444
0.0 0.251563 0.400000 0.156250 0.125000
3.0 0.879687 0.844444 0.120313 0.305556
4.0 0.685937 0.522222 0.085938 0.163889
4.0 0.770313 0.511111 0.084375 0.172222
0.0 0.360938 0.369444 0.078125 0.108333
0.0 0.315625 0.258333 0.078125 0.066667
3.0 0.728906 0.527778 0.048438 0.161111
