0.0 0.539062 0.306250 0.076563 0.129167
0.0 0.712500 0.347917 0.068750 0.102083
0.0 0.040625 0.710417 0.073438 0.125000
0.0 0.407813 0.452083 0.076563 0.087500
0.0 0.040625 0.862500 0.076563 0.195833
0.0 0.100000 0.933333 0.150000 0.118750
0.0 0.204687 0.858333 0.212500 0.072917
0.0 0.242188 0.818750 0.214062 0.106250
0.0 0.331250 0.662500 0.209375 0.154167
0.0 0.379688 0.597917 0.146875 0.095833
0.0 0.518750 0.714583 0.157812 0.181250
0.0 0.681250 0.508333 0.085938 0.114583
0.0 0.503125 0.487500 0.096875 0.139583
0.0 0.598437 0.645833 0.207813 0.102083
0.0 0.584375 0.729167 0.062500 0.135417
0.0 0.807813 0.516667 0.076563 0.114583
0.0 0.832812 0.481250 0.075000 0.079167
0.0 0.475000 0.375000 0.051562 0.045833
0.0 0.045312 0.458333 0.085938 0.058333
0.0 0.157812 0.418750 0.153125 0.093750
0.0 0.787500 0.425000 0.064062 0.072917
0.0 0.870313 0.418750 0.062500 0.087500
0.0 0.793750 0.364583 0.065625 0.068750
0.0 0.839063 0.339583 0.039062 0.060417
0.0 0.885938 0.372917 0.073438 0.056250
0.0 0.906250 0.329167 0.062500 0.081250
0.0 0.937500 0.297917 0.026562 0.058333
0.0 0.960938 0.285417 0.032813 0.043750
0.0 0.850000 0.306250 0.029687 0.025000
0.0 0.834375 0.291667 0.035937 0.029167
0.0 0.837500 0.268750 0.023438 0.014583
0.0 0.718750 0.331250 0.079687 0.131250
0.0 0.725000 0.258333 0.051562 0.016667
0.0 0.740625 0.243750 0.068750 0.031250
0.0 0.887500 0.283333 0.051562 0.043750
0.0 0.923438 0.250000 0.031250 0.033333
0.0 0.787500 0.310417 0.040625 0.041667
0.0 0.946875 0.185417 0.103125 0.037500
0.0 0.810937 0.172917 0.123438 0.050000
0.0 0.951562 0.160417 0.090625 0.010417
0.0 0.696875 0.195833 0.090625 0.035417
0.0 0.776563 0.214583 0.054688 0.029167
0.0 0.737500 0.216667 0.053125 0.016667
0.0 0.792188 0.233333 0.034375 0.054167
0.0 0.839063 0.243750 0.028125 0.031250
0.0 0.878125 0.239583 0.029687 0.025000
0.0 0.950000 0.191667 0.025000 0.020833
0.0 0.976562 0.247917 0.026562 0.022917
0.0 0.589063 0.283333 0.157812 0.152083
3.0 0.607812 0.508333 0.037500 0.050000
0.0 0.246875 0.395833 0.051562 0.047917
0.0 0.335938 0.366667 0.093750 0.045833
0.0 0.446875 0.314583 0.089063 0.039583
0.0 0.373437 0.335417 0.100000 0.050000
0.0 0.937500 0.233333 0.026562 0.029167
4.0 0.850000 0.229167 0.012500 0.020833
0.0 0.700000 0.172917 0.028125 0.010417
0.0 0.184375 0.878125 0.356250 0.239583
0.0 0.342969 0.925000 0.342187 0.145833
