0.0 0.643750 0.279687 0.141667 0.071875
0.0 0.164583 0.415625 0.322917 0.293750
0.0 0.937500 0.267188 0.070833 0.039062
0.0 0.837500 0.259375 0.043750 0.032813
3.0 0.810417 0.262500 0.027083 0.045312
3.0 0.785417 0.267188 0.025000 0.050000
0.0 0.764583 0.264062 0.043750 0.037500
0.0 0.743750 0.257812 0.033333 0.026562
0.0 0.908333 0.259375 0.043750 0.040625
0.0 0.843750 0.239063 0.045833 0.025000
3.0 0.870833 0.253125 0.014583 0.026562
0.0 0.908333 0.234375 0.027083 0.010937
0.0 0.935417 0.235937 0.022917 0.009375
3.0 0.989583 0.262500 0.018750 0.040625
0.0 0.602083 0.266406 0.070833 0.045312
