0.0 0.698198 0.860586 0.187063 0.098484
0.0 0.645125 0.758086 0.092125 0.058953
0.0 0.680750 0.731305 0.081375 0.047984
0.0 0.737240 0.695031 0.073021 0.038125
0.0 0.661302 0.745805 0.084021 0.050672
0.0 0.802594 0.603570 0.059063 0.018266
0.0 0.942354 0.602383 0.041250 0.021547
0.0 0.949354 0.685438 0.027792 0.045937
0.0 0.761281 0.669180 0.083062 0.050547
0.0 0.744000 0.850219 0.130292 0.089625
0.0 0.122208 0.851742 0.087208 0.145422
0.0 0.796083 0.659680 0.050042 0.039328
0.0 0.831469 0.629438 0.053146 0.032594
