0.0 0.479953 0.437063 0.229125 0.129250
0.0 0.965094 0.384844 0.050500 0.051896
0.0 0.954070 0.372677 0.045016 0.048104
3.0 0.373305 0.548802 0.284453 0.278062
3.0 0.084078 0.740260 0.168156 0.354438
3.0 0.636969 0.456719 0.146313 0.142812
3.0 0.156445 0.429073 0.122391 0.075813
3.0 0.101453 0.429219 0.040000 0.050104
3.0 0.547172 0.380958 0.026375 0.028875
3.0 0.728391 0.374240 0.015906 0.032646
3.0 0.908680 0.375927 0.006203 0.016188
0.0 0.905367 0.362083 0.017766 0.018083
0.0 0.832523 0.364896 0.025703 0.024042
1.0 0.833227 0.363198 0.029078 0.026562
1.0 0.378367 0.346531 0.128391 0.090979
1.0 0.281594 0.329573 0.178000 0.136938
3.0 0.932375 0.365958 0.007781 0.017417
3.0 0.070891 0.398729 0.059000 0.063042
0.0 0.930859 0.359479 0.019031 0.018875
