0.0 0.731133 0.758430 0.132578 0.167578
0.0 0.449078 0.851078 0.075031 0.088688
0.0 0.723117 0.881961 0.104172 0.104172
0.0 0.308922 0.826961 0.090969 0.093359
0.0 0.441250 0.795352 0.076313 0.070234
0.0 0.535094 0.742711 0.065500 0.061641
0.0 0.615398 0.711094 0.060734 0.053062
0.0 0.353391 0.697695 0.057500 0.045859
0.0 0.275234 0.695125 0.059875 0.062687
0.0 0.595969 0.803773 0.077469 0.063891
0.0 0.523094 0.693688 0.059031 0.060719
0.0 0.502820 0.641094 0.034453 0.024156
0.0 0.438609 0.698906 0.053125 0.051438
0.0 0.302289 0.888875 0.089078 0.094000
0.0 0.501563 0.747656 0.981250 0.464062
0.0 0.636719 0.903906 0.164062 0.117188
0.0 0.340625 0.750781 0.065625 0.067187
0.0 0.925781 0.926562 0.110937 0.071875
0.0 0.579688 0.660156 0.056250 0.048438
