0.0 0.289062 0.611111 0.084375 0.177778
0.0 0.384375 0.638889 0.089063 0.197222
0.0 0.481250 0.755556 0.117188 0.263889
0.0 0.598437 0.711111 0.109375 0.225000
0.0 0.628125 0.527778 0.078125 0.158333
0.0 0.506250 0.447222 0.053125 0.091667
0.0 0.385937 0.458333 0.060937 0.100000
0.0 0.567187 0.352778 0.045312 0.088889
0.0 0.509375 0.380556 0.045312 0.066667
0.0 0.459375 0.347222 0.037500 0.083333
0.0 0.414062 0.369444 0.046875 0.097222
0.0 0.381250 0.347222 0.025000 0.066667
0.0 0.345313 0.322222 0.039062 0.091667
0.0 0.325000 0.438889 0.054688 0.094444
0.0 0.525000 0.313889 0.028125 0.047222
0.0 0.493750 0.338889 0.028125 0.066667
0.0 0.451562 0.311111 0.032813 0.063889
0.0 0.410938 0.280556 0.031250 0.050000
0.0 0.409375 0.313889 0.034375 0.047222
0.0 0.373437 0.283333 0.025000 0.041667
0.0 0.406250 0.238889 0.018750 0.030556
0.0 0.442188 0.258333 0.021875 0.061111
0.0 0.468750 0.247222 0.021875 0.041667
0.0 0.559375 0.297222 0.020313 0.022222
0.0 0.546875 0.288889 0.018750 0.036111
0.0 0.526563 0.280556 0.023438 0.033333
0.0 0.510938 0.247222 0.023438 0.038889
0.0 0.492188 0.305556 0.028125 0.047222
0.0 0.487500 0.283333 0.034375 0.058333
0.0 0.462500 0.197222 0.021875 0.041667
0.0 0.481250 0.188889 0.020313 0.044444
0.0 0.457813 0.163889 0.017188 0.030556
0.0 0.432812 0.163889 0.014063 0.022222
0.0 0.409375 0.211111 0.015625 0.022222
0.0 0.401562 0.188889 0.012500 0.016667
0.0 0.376563 0.241667 0.021875 0.036111
0.0 0.373437 0.261111 0.021875 0.019444
0.0 0.368750 0.302778 0.012500 0.044444
0.0 0.387500 0.222222 0.017188 0.022222
0.0 0.385937 0.230556 0.015625 0.025000
0.0 0.432812 0.202778 0.012500 0.022222
4.0 0.095312 0.311111 0.095312 0.111111
0.0 0.268750 0.280556 0.029687 0.038889
0.0 0.306250 0.247222 0.015625 0.033333
0.0 0.340625 0.208333 0.010937 0.019444
3.0 0.296875 0.213889 0.006250 0.022222
3.0 0.320312 0.227778 0.006250 0.025000
3.0 0.210938 0.308333 0.014063 0.047222
3.0 0.225000 0.291667 0.012500 0.044444
3.0 0.195312 0.347222 0.020313 0.066667
3.0 0.239063 0.347222 0.014063 0.063889
3.0 0.162500 0.344444 0.017188 0.063889
4.0 0.759375 0.458333 0.059375 0.111111
4.0 0.818750 0.472222 0.064062 0.119444
4.0 0.870313 0.475000 0.054688 0.102778
4.0 0.892188 0.511111 0.043750 0.108333
0.0 0.023438 0.366667 0.042188 0.055556
3.0 0.276562 0.250000 0.009375 0.030556
4.0 0.342187 0.183333 0.006250 0.016667
