0.0 0.487195 0.700240 0.070672 0.100671
0.0 0.383602 0.720671 0.045703 0.097252
3.0 0.240031 0.756134 0.117031 0.215399
3.0 0.321820 0.756645 0.071859 0.200831
3.0 0.481797 0.762396 0.208188 0.322620
3.0 0.369445 0.747827 0.032828 0.103578
3.0 0.096164 0.745703 0.132984 0.274153
0.0 0.569516 0.730942 0.098094 0.126294
0.0 0.681859 0.718642 0.083687 0.118882
0.0 0.731891 0.731502 0.038156 0.085942
0.0 0.862164 0.698514 0.031859 0.037604
0.0 0.203977 0.703882 0.070016 0.177157
1.0 0.981250 0.752396 0.034375 0.207668
