0.0 0.444656 0.206194 0.017094 0.032951
3.0 0.750922 0.660585 0.498156 0.534379
3.0 0.275125 0.837096 0.550250 0.325808
3.0 0.281305 0.427143 0.179734 0.166511
3.0 0.775852 0.925843 0.448296 0.148314
3.0 0.701797 0.541956 0.436906 0.358946
3.0 0.637375 0.530925 0.355812 0.188501
3.0 0.644578 0.401499 0.290063 0.222155
3.0 0.217398 0.521499 0.256672 0.122763
0.0 0.757039 0.321581 0.199266 0.158806
3.0 0.260109 0.465995 0.045937 0.034426
3.0 0.442516 0.338712 0.069312 0.102014
3.0 0.600648 0.408326 0.257984 0.136464
3.0 0.604391 0.356054 0.029625 0.080398
3.0 0.466187 0.814766 0.182625 0.340960
3.0 0.443750 0.576112 0.750000 0.674473
