3.0 0.267039 0.601625 0.009266 0.038292
0.0 0.354125 0.602146 0.143906 0.153500
0.0 0.742133 0.628417 0.515734 0.232500
0.0 0.472875 0.641490 0.072688 0.069562
0.0 0.088766 0.775844 0.177531 0.422479
0.0 0.949656 0.730146 0.100687 0.174083
0.0 0.248195 0.552135 0.028453 0.029187
0.0 0.229820 0.534146 0.027141 0.032792
0.0 0.451586 0.620250 0.061234 0.083667
0.0 0.269047 0.564437 0.039563 0.031875
0.0 0.213852 0.529042 0.022109 0.033167
0.0 0.129039 0.524417 0.021734 0.017208
0.0 0.090914 0.524708 0.008047 0.027792
