3.0 0.328984 0.796273 0.116250 0.383762
3.0 0.103164 0.606974 0.064891 0.181379
3.0 0.222781 0.658376 0.087281 0.263715
3.0 0.947852 0.690432 0.104297 0.110491
3.0 0.549414 0.587629 0.055672 0.158762
3.0 0.941148 0.650339 0.114422 0.109416
3.0 0.962516 0.862780 0.074969 0.274439
3.0 0.832063 0.826904 0.266906 0.346192
3.0 0.166594 0.580467 0.054406 0.141121
3.0 0.616242 0.544860 0.040141 0.083318
3.0 0.500117 0.507535 0.022453 0.044743
3.0 0.946547 0.775000 0.106375 0.162290
3.0 0.036109 0.591904 0.072218 0.115537
3.0 0.010156 0.650701 0.017188 0.095794
