0.0 0.259516 0.394182 0.142719 0.140607
0.0 0.133539 0.382780 0.157328 0.132710
0.0 0.642578 0.400035 0.042094 0.043902
0.0 0.458586 0.388376 0.039297 0.047593
0.0 0.792828 0.404708 0.058937 0.046846
0.0 0.417391 0.387675 0.041250 0.045958
0.0 0.687008 0.394895 0.048266 0.056659
0.0 0.546984 0.393143 0.035187 0.041472
0.0 0.601406 0.395432 0.014313 0.040724
0.0 0.485016 0.389498 0.021344 0.038621
0.0 0.894602 0.411717 0.033578 0.027967
0.0 0.616352 0.395012 0.020578 0.031005
0.0 0.717961 0.399182 0.017953 0.016542
0.0 0.442187 0.238318 0.881250 0.448598
0.0 0.741406 0.401869 0.023438 0.028037
