0.0 0.312500 0.306075 0.117188 0.268692
0.0 0.200000 0.119159 0.100000 0.203271
0.0 0.081250 0.855140 0.159375 0.280374
4.0 0.295312 0.876168 0.165625 0.240654
4.0 0.345313 0.775701 0.146875 0.336449
0.0 0.340625 0.630841 0.157812 0.133178
4.0 0.685937 0.352804 0.118750 0.175234
4.0 0.685937 0.432243 0.118750 0.189252
4.0 0.682812 0.563084 0.128125 0.254673
4.0 0.710938 0.684579 0.175000 0.275701
4.0 0.703125 0.768692 0.148438 0.254673
4.0 0.725000 0.878505 0.168750 0.156542
4.0 0.907812 0.731308 0.145313 0.261682
4.0 0.826563 0.558411 0.101562 0.240654
4.0 0.890625 0.677570 0.140625 0.310748
4.0 0.737500 0.207944 0.073438 0.172897
4.0 0.671875 0.317757 0.093750 0.191589
4.0 0.800000 0.285047 0.100000 0.228972
4.0 0.740625 0.196262 0.076563 0.177570
0.0 0.515625 0.114486 0.085938 0.182243
4.0 0.489062 0.154206 0.062500 0.140187
4.0 0.412500 0.413551 0.093750 0.224299
4.0 0.195312 0.497664 0.118750 0.228972
4.0 0.176562 0.626168 0.137500 0.247664
3.0 0.093750 0.558411 0.043750 0.266355
4.0 0.540625 0.362150 0.101562 0.156542
4.0 0.581250 0.282710 0.085938 0.198598
4.0 0.706250 0.072430 0.070312 0.140187
0.0 0.356250 0.165888 0.168750 0.238318
4.0 0.520313 0.848131 0.170313 0.254673
4.0 0.531250 0.672897 0.151562 0.191589
4.0 0.521875 0.579439 0.137500 0.165888
4.0 0.228125 0.359813 0.112500 0.193925
