0.0 0.125864 0.609595 0.236697 0.303163
0.0 0.223454 0.488753 0.119455 0.173099
0.0 0.066435 0.576220 0.132870 0.276925
4.0 0.533278 0.384717 0.027295 0.053935
0.0 0.477887 0.390558 0.030863 0.054047
0.0 0.410133 0.383364 0.086757 0.113939
0.0 0.557004 0.332357 0.047225 0.084892
0.0 0.733098 0.393545 0.048732 0.057138
0.0 0.704952 0.352195 0.043732 0.092364
0.0 0.808594 0.340288 0.034381 0.049104
4.0 0.894690 0.477037 0.036418 0.074442
4.0 0.943119 0.453274 0.036367 0.069385
4.0 0.900598 0.421586 0.025510 0.053878
0.0 0.901077 0.373551 0.032521 0.041463
0.0 0.444692 0.318701 0.054160 0.064891
