0.0 0.353125 0.786111 0.218750 0.213889
0.0 0.540625 0.533333 0.046875 0.119444
3.0 0.584375 0.433333 0.026562 0.066667
3.0 0.785938 0.705556 0.054688 0.152778
3.0 0.851562 0.550000 0.059375 0.091667
3.0 0.967187 0.869444 0.062500 0.141667
3.0 0.537500 0.394444 0.018750 0.063889
0.0 0.392188 0.419444 0.045312 0.075000
0.0 0.329688 0.430556 0.043750 0.083333
0.0 0.175000 0.463889 0.059375 0.091667
0.0 0.184375 0.338889 0.035937 0.047222
0.0 0.171875 0.358333 0.026562 0.047222
0.0 0.503125 0.344444 0.023438 0.050000
0.0 0.381250 0.383333 0.040625 0.061111
0.0 0.376563 0.330556 0.035937 0.075000
0.0 0.342187 0.355556 0.023438 0.052778
0.0 0.309375 0.350000 0.039062 0.083333
0.0 0.275000 0.433333 0.048438 0.102778
0.0 0.659375 0.383333 0.045312 0.052778
4.0 0.595313 0.338889 0.078125 0.100000
0.0 0.129687 0.430556 0.062500 0.097222
4.0 0.031250 0.502778 0.053125 0.122222
0.0 0.209375 0.416667 0.048438 0.083333
0.0 0.262500 0.388889 0.046875 0.069444
0.0 0.212500 0.366667 0.042188 0.038889
0.0 0.229688 0.305556 0.028125 0.055556
0.0 0.268750 0.330556 0.034375 0.072222
0.0 0.314063 0.266667 0.018750 0.041667
0.0 0.254687 0.180556 0.020313 0.025000
0.0 0.248437 0.269444 0.023438 0.044444
0.0 0.310937 0.236111 0.015625 0.022222
0.0 0.304688 0.255556 0.018750 0.033333
0.0 0.317187 0.213889 0.012500 0.016667
0.0 0.343750 0.263889 0.021875 0.036111
0.0 0.350000 0.305556 0.018750 0.027778
0.0 0.346875 0.291667 0.021875 0.025000
0.0 0.285937 0.225000 0.015625 0.019444
0.0 0.275000 0.280556 0.028125 0.061111
0.0 0.295312 0.286111 0.012500 0.044444
0.0 0.251563 0.219444 0.025000 0.044444
0.0 0.231250 0.205556 0.021875 0.041667
0.0 0.198438 0.263889 0.029687 0.041667
0.0 0.185937 0.280556 0.021875 0.022222
0.0 0.201562 0.302778 0.025000 0.041667
0.0 0.303125 0.222222 0.012500 0.016667
0.0 0.332812 0.247222 0.017188 0.022222
0.0 0.323438 0.227778 0.015625 0.022222
0.0 0.278125 0.216667 0.010937 0.016667
0.0 0.157813 0.311111 0.021875 0.038889
0.0 0.142188 0.322222 0.026562 0.025000
4.0 0.392188 0.225000 0.006250 0.016667
0.0 0.345313 0.191667 0.007812 0.019444
0.0 0.139062 0.361111 0.042188 0.061111
0.0 0.226562 0.338889 0.023438 0.036111
0.0 0.260938 0.344444 0.039062 0.044444
