0.0 0.959375 0.916667 0.067187 0.154472
0.0 0.831250 0.717480 0.046875 0.107724
0.0 0.323438 0.859756 0.107813 0.162602
4.0 0.391406 0.923780 0.076563 0.144309
4.0 0.228125 0.918699 0.085938 0.154472
4.0 0.496875 0.772358 0.053125 0.115854
4.0 0.979687 0.798780 0.028125 0.052846
4.0 0.981250 0.723577 0.028125 0.111789
3.0 0.564063 0.802846 0.032813 0.075203
3.0 0.046875 0.910569 0.065625 0.095528
0.0 0.159375 0.851626 0.204687 0.093496
0.0 0.217187 0.782520 0.167187 0.071138
0.0 0.282813 0.727642 0.178125 0.081301
0.0 0.648438 0.605691 0.093750 0.211382
0.0 0.546875 0.654472 0.060937 0.071138
3.0 0.951562 0.656504 0.014063 0.034553
3.0 0.976562 0.630081 0.012500 0.040650
4.0 0.990625 0.524390 0.015625 0.036585
0.0 0.962500 0.522358 0.020313 0.034553
0.0 0.950000 0.508130 0.014063 0.032520
0.0 0.942187 0.491870 0.015625 0.026423
0.0 0.734375 0.500000 0.020313 0.030488
0.0 0.986719 0.443089 0.026562 0.024390
4.0 0.492188 0.695122 0.025000 0.050813
0.0 0.532813 0.605691 0.043750 0.050813
4.0 0.548438 0.573171 0.023438 0.050813
4.0 0.503125 0.587398 0.023438 0.044715
0.0 0.562500 0.530488 0.067187 0.024390
0.0 0.748437 0.504065 0.014063 0.026423
4.0 0.493750 0.534553 0.029687 0.034553
3.0 0.460938 0.634146 0.029687 0.032520
3.0 0.483594 0.794297 0.020313 0.081466
