0.0 0.934320 0.599696 0.029141 0.099662
0.0 0.095203 0.605372 0.044656 0.132905
0.0 0.242914 0.606926 0.023766 0.102770
0.0 0.965555 0.598514 0.025016 0.115541
0.0 0.814867 0.616318 0.054359 0.132770
0.0 0.983242 0.618581 0.033516 0.138378
0.0 0.158062 0.541351 0.012438 0.031486
0.0 0.201797 0.551419 0.009094 0.035270
0.0 0.226164 0.575541 0.018859 0.066757
3.0 0.067031 0.587804 0.021188 0.113716
0.0 0.554297 0.596284 0.447656 0.706081
0.0 0.291859 0.576926 0.082937 0.280878
1.0 0.902086 0.532500 0.014891 0.075811
0.0 0.849039 0.591182 0.025734 0.087365
0.0 0.860156 0.578649 0.018656 0.066622
3.0 0.047281 0.577399 0.014031 0.089257
0.0 0.213820 0.564155 0.014359 0.059122
0.0 0.525781 0.584459 0.864062 0.763514
