3.0 0.566738 0.385647 0.078700 0.336824
0.0 0.314413 0.278458 0.166300 0.230527
0.0 0.228323 0.190535 0.119937 0.116576
0.0 0.248586 0.154674 0.162150 0.148970
4.0 0.411024 0.250790 0.046252 0.132144
4.0 0.486306 0.274824 0.047185 0.106318
4.0 0.446756 0.250352 0.022860 0.062112
3.0 0.667943 0.350921 0.072153 0.140251
0.0 0.681969 0.305700 0.097409 0.158631
3.0 0.883424 0.434211 0.107774 0.173847
4.0 0.770478 0.378071 0.027809 0.076176
0.0 0.913564 0.435262 0.053133 0.115389
3.0 0.830158 0.409500 0.034933 0.082895
0.0 0.551712 0.261948 0.042989 0.063787
0.0 0.523925 0.266754 0.013605 0.023711
3.0 0.934215 0.465091 0.018621 0.058608
