3.0 0.552260 0.546016 0.154104 0.095625
3.0 0.599615 0.566672 0.155937 0.089750
3.0 0.623531 0.634836 0.148146 0.072578
3.0 0.737813 0.759078 0.171583 0.073875
3.0 0.406354 0.329398 0.150792 0.081172
3.0 0.445979 0.438656 0.141792 0.053781
3.0 0.544917 0.490469 0.142750 0.085844
3.0 0.635167 0.586547 0.163875 0.085219
3.0 0.735115 0.714586 0.152062 0.080828
3.0 0.816021 0.838086 0.177875 0.090172
3.0 0.863969 0.859703 0.153979 0.093875
3.0 0.893271 0.948219 0.190792 0.103562
3.0 0.509990 0.460945 0.123563 0.088859
3.0 0.721396 0.689961 0.160917 0.102609
0.0 0.422615 0.177047 0.273813 0.238844
0.0 0.743531 0.507672 0.368854 0.328813
0.0 0.962677 0.784766 0.074646 0.152938
3.0 0.477083 0.623437 0.854167 0.668750
3.0 0.081250 0.715625 0.062500 0.115625
