0.0 0.448766 0.703860 0.027906 0.047494
0.0 0.409273 0.692246 0.016453 0.030451
0.0 0.398336 0.689650 0.012359 0.024853
3.0 0.515062 0.799458 0.040031 0.111512
0.0 0.433320 0.700226 0.018047 0.036117
0.0 0.388039 0.686919 0.015516 0.025395
0.0 0.421148 0.697664 0.017578 0.033837
3.0 0.488820 0.728567 0.039922 0.052935
3.0 0.556508 0.765135 0.027797 0.049323
3.0 0.641477 0.765350 0.082984 0.120451
3.0 0.613766 0.755418 0.081687 0.091693
3.0 0.585008 0.754819 0.059391 0.082957
0.0 0.354672 0.680722 0.016406 0.017427
0.0 0.369234 0.683296 0.010719 0.014537
3.0 0.890625 0.782167 0.196875 0.214447
