3.0 0.353313 0.857741 0.139250 0.090965
3.0 0.461133 0.808494 0.044672 0.096376
3.0 0.504914 0.818282 0.026016 0.101459
3.0 0.188945 0.842129 0.055859 0.088212
3.0 0.103437 0.920800 0.093594 0.132000
3.0 0.094594 0.874153 0.150688 0.215224
3.0 0.306445 0.816812 0.083359 0.125529
3.0 0.334211 0.793518 0.051828 0.091224
3.0 0.408766 0.811447 0.079375 0.091600
3.0 0.527094 0.809765 0.032969 0.062918
3.0 0.233211 0.850094 0.024266 0.040282
3.0 0.245680 0.804553 0.080797 0.149765
3.0 0.536555 0.780188 0.060734 0.070965
3.0 0.577344 0.776471 0.057813 0.094118
