0.0 0.827383 0.729814 0.257984 0.120420
0.0 0.392773 0.680291 0.047859 0.052284
0.0 0.422078 0.676410 0.033875 0.048858
0.0 0.902758 0.680455 0.056266 0.030513
0.0 0.576773 0.676527 0.071422 0.086340
1.0 0.733453 0.683065 0.068469 0.066084
1.0 0.514109 0.677681 0.039813 0.055221
0.0 0.668047 0.671434 0.038406 0.013636
0.0 0.623570 0.699510 0.078266 0.086014
0.0 0.856742 0.671352 0.025516 0.018415
0.0 0.334945 0.661818 0.016641 0.014079
0.0 0.538938 0.678415 0.011781 0.029604
1.0 0.423422 0.675874 0.030656 0.044149
0.0 0.104937 0.645117 0.019594 0.023054
