0.0 0.123305 0.619073 0.246609 0.327313
0.0 0.433516 0.409958 0.161031 0.169000
0.0 0.671664 0.285062 0.069172 0.080792
0.0 0.560430 0.262167 0.073172 0.069375
0.0 0.300852 0.404781 0.076297 0.060813
0.0 0.513578 0.316167 0.045656 0.036625
0.0 0.469437 0.312292 0.044500 0.036708
0.0 0.573992 0.288510 0.032891 0.047688
0.0 0.603141 0.282250 0.029469 0.033542
0.0 0.661727 0.225260 0.040391 0.054938
0.0 0.624734 0.239979 0.050531 0.054292
0.0 0.732859 0.226094 0.019594 0.018562
0.0 0.274695 0.385490 0.064578 0.057979
0.0 0.790586 0.226531 0.017016 0.021521
0.0 0.036203 0.503885 0.071469 0.045271
0.0 0.760008 0.212406 0.010547 0.013562
0.0 0.616703 0.271302 0.032219 0.028104
0.0 0.847055 0.198469 0.016359 0.015688
0.0 0.663117 0.248365 0.019484 0.014563
0.0 0.764063 0.240625 0.359375 0.218750
