0.0 0.285938 0.597222 0.568750 0.802778
0.0 0.453125 0.327778 0.276562 0.347222
0.0 0.790625 0.394444 0.250000 0.341667
0.0 0.675000 0.277778 0.125000 0.175000
0.0 0.778125 0.197222 0.089063 0.100000
0.0 0.853125 0.219444 0.115625 0.136111
0.0 0.960938 0.188889 0.070312 0.125000
0.0 0.693750 0.180556 0.071875 0.094444
0.0 0.612500 0.200000 0.093750 0.158333
0.0 0.701562 0.130556 0.171875 0.136111
0.0 0.073438 0.169444 0.143750 0.061111
0.0 0.256250 0.172222 0.126562 0.047222
0.0 0.375000 0.155556 0.120313 0.047222
