0.0 0.086693 0.896768 0.173386 0.206465
0.0 0.787225 0.742992 0.174698 0.282562
4.0 0.050584 0.575261 0.077893 0.153951
4.0 0.675793 0.747962 0.056860 0.203610
0.0 0.611877 0.823549 0.180422 0.352902
0.0 0.227674 0.550412 0.097267 0.101015
0.0 0.428532 0.829360 0.162278 0.277968
0.0 0.288500 0.774993 0.184386 0.256094
0.0 0.494722 0.676163 0.089836 0.146194
0.0 0.410164 0.625486 0.090416 0.121684
0.0 0.517820 0.598341 0.053972 0.089569
0.0 0.458568 0.572475 0.066752 0.103424
0.0 0.582882 0.593899 0.041790 0.091150
0.0 0.614353 0.579140 0.030668 0.080570
0.0 0.587887 0.504555 0.044969 0.054667
0.0 0.562464 0.482832 0.026277 0.046234
