0.0 0.426562 0.894886 0.089063 0.193182
0.0 0.318750 0.889205 0.103125 0.164773
0.0 0.478125 0.775568 0.051562 0.099432
0.0 0.554688 0.741477 0.050000 0.105114
0.0 0.412500 0.713068 0.048438 0.076705
0.0 0.482812 0.667614 0.035937 0.065341
3.0 0.409375 0.653409 0.009375 0.039773
3.0 0.442187 0.642045 0.007812 0.034091
3.0 0.421875 0.633523 0.007812 0.031250
0.0 0.515625 0.605114 0.042188 0.048295
0.0 0.456250 0.607955 0.045312 0.048295
0.0 0.390625 0.590909 0.059375 0.048295
0.0 0.912500 0.866477 0.114062 0.170455
3.0 0.940625 0.772727 0.025000 0.039773
0.0 0.692188 0.627841 0.045312 0.053977
0.0 0.634375 0.613636 0.046875 0.048295
3.0 0.659375 0.605114 0.014063 0.031250
0.0 0.706250 0.528409 0.015625 0.031250
0.0 0.450000 0.582386 0.057813 0.042614
0.0 0.478125 0.559659 0.040625 0.048295
0.0 0.431250 0.562500 0.045312 0.031250
0.0 0.551563 0.562500 0.053125 0.045455
0.0 0.554688 0.525568 0.015625 0.028409
0.0 0.570312 0.528409 0.014063 0.022727
