0.0 0.564063 0.688889 0.212500 0.422222
0.0 0.857813 0.775000 0.237500 0.444444
0.0 0.121875 0.772222 0.235937 0.450000
0.0 0.232812 0.383333 0.148438 0.311111
0.0 0.412500 0.272222 0.148438 0.263889
0.0 0.584375 0.350000 0.159375 0.288889
0.0 0.746875 0.175000 0.128125 0.216667
0.0 0.784375 0.380556 0.168750 0.291667
0.0 0.148438 0.269444 0.190625 0.300000
0.0 0.359375 0.072222 0.101562 0.141667
0.0 0.462500 0.100000 0.121875 0.200000
0.0 0.051562 0.141667 0.100000 0.283333
0.0 0.569531 0.044444 0.092188 0.088888
0.0 0.232031 0.126389 0.129688 0.230556
0.0 0.690625 0.054167 0.093750 0.108333
0.0 0.961719 0.072222 0.076563 0.144444
