3.0 0.421625 0.626909 0.076125 0.190164
3.0 0.828727 0.677026 0.275547 0.297518
3.0 0.353906 0.604286 0.057719 0.123747
3.0 0.313914 0.590960 0.036203 0.087307
3.0 0.276727 0.560867 0.038016 0.080328
0.0 0.038109 0.537763 0.076218 0.089063
1.0 0.455906 0.530644 0.169031 0.063583
0.0 0.208695 0.552400 0.040016 0.027471
0.0 0.055547 0.524637 0.111094 0.084543
0.0 0.123953 0.531429 0.026875 0.028431
3.0 0.601703 0.538841 0.032469 0.042131
3.0 0.733242 0.534204 0.031609 0.078009
3.0 0.665656 0.537307 0.014469 0.043653
3.0 0.635070 0.540703 0.009672 0.043513
3.0 0.681016 0.538384 0.014594 0.047260
0.0 0.113539 0.546897 0.050203 0.038946
0.0 0.761750 0.544028 0.029156 0.027400
0.0 0.985937 0.546838 0.028125 0.016393
