0.0 0.296875 0.757009 0.353125 0.429907
0.0 0.671875 0.649533 0.395313 0.334112
0.0 0.778125 0.364486 0.290625 0.320093
0.0 0.782812 0.901869 0.153125 0.177570
0.0 0.947656 0.817757 0.104688 0.130841
0.0 0.456250 0.971963 0.114062 0.039720
0.0 0.623437 0.946262 0.150000 0.091121
4.0 0.951562 0.684579 0.079687 0.165888
0.0 0.871875 0.516355 0.093750 0.091121
4.0 0.937500 0.469626 0.051562 0.193925
4.0 0.982812 0.469626 0.031250 0.142523
4.0 0.037500 0.703271 0.060937 0.081776
4.0 0.065625 0.640187 0.056250 0.051402
4.0 0.225000 0.539720 0.062500 0.107477
4.0 0.278125 0.497664 0.045312 0.147196
0.0 0.318750 0.457944 0.053125 0.144860
0.0 0.395312 0.476636 0.114062 0.065421
0.0 0.523438 0.441589 0.109375 0.079439
0.0 0.434375 0.399533 0.095312 0.072430
0.0 0.534375 0.252336 0.087500 0.112150
0.0 0.382812 0.247664 0.095312 0.116822
0.0 0.615625 0.182243 0.065625 0.056075
0.0 0.721875 0.072430 0.032813 0.067757
0.0 0.884375 0.149533 0.057813 0.084112
0.0 0.953125 0.119159 0.068750 0.081776
0.0 0.956250 0.053738 0.068750 0.037383
0.0 0.764063 0.046729 0.034375 0.021028
0.0 0.971875 0.014019 0.026562 0.028037
0.0 0.196875 0.198598 0.026562 0.044393
0.0 0.154687 0.158879 0.070312 0.044393
0.0 0.126563 0.413551 0.076563 0.095794
4.0 0.935938 0.016355 0.028125 0.032710
4.0 0.870312 0.063084 0.034375 0.060748
4.0 0.854687 0.021028 0.032813 0.035047
4.0 0.712500 0.021028 0.040625 0.032710
4.0 0.754688 0.095794 0.042188 0.053738
4.0 0.734375 0.142523 0.040625 0.044393
4.0 0.731250 0.177570 0.023438 0.028037
4.0 0.851562 0.098131 0.015625 0.074766
4.0 0.809375 0.070093 0.034375 0.051402
4.0 0.809375 0.144860 0.021875 0.063084
4.0 0.225000 0.390187 0.053125 0.154206
4.0 0.540625 0.116822 0.040625 0.058411
4.0 0.514062 0.165888 0.039062 0.056075
4.0 0.676563 0.214953 0.032813 0.084112
4.0 0.715625 0.259346 0.034375 0.044393
4.0 0.634375 0.245327 0.042188 0.074766
4.0 0.521875 0.343458 0.046875 0.079439
4.0 0.471875 0.329439 0.029687 0.100467
4.0 0.592187 0.415888 0.039062 0.098131
3.0 0.129687 0.649533 0.062500 0.128505
4.0 0.387500 0.355140 0.051562 0.072430
0.0 0.932813 0.927570 0.134374 0.130841
0.0 0.025000 0.210280 0.045312 0.149533
0.0 0.290625 0.282710 0.153125 0.186916
0.0 0.223437 0.128505 0.150000 0.126168
0.0 0.110938 0.046729 0.131250 0.091121
0.0 0.160937 0.282710 0.150000 0.142523
4.0 0.901563 0.182243 0.037500 0.067757
0.0 0.628125 0.121495 0.117188 0.079439
4.0 0.076562 0.175234 0.064062 0.100467
1.0 0.058594 0.863850 0.114062 0.258216
