0.0 0.054328 0.383980 0.033500 0.071642
0.0 0.849867 0.427363 0.047484 0.137512
0.0 0.936422 0.422363 0.055906 0.116567
0.0 0.406438 0.378209 0.056281 0.092239
0.0 0.235633 0.370622 0.055859 0.060746
0.0 0.272141 0.396219 0.066156 0.111244
0.0 0.165047 0.430522 0.035219 0.133582
3.0 0.367453 0.651244 0.139125 0.444378
3.0 0.691250 0.644403 0.126438 0.330597
3.0 0.264109 0.583682 0.092937 0.378507
3.0 0.848258 0.527338 0.057547 0.236169
3.0 0.767094 0.573259 0.079812 0.339751
3.0 0.598594 0.680174 0.076687 0.458458
3.0 0.474469 0.663532 0.099469 0.492438
3.0 0.214867 0.577935 0.075359 0.226119
3.0 0.815016 0.575572 0.074000 0.255821
3.0 0.179172 0.534254 0.066625 0.235075
0.0 0.194219 0.453831 0.088094 0.152040
0.0 0.031203 0.379080 0.018812 0.040547
