0.0 0.643688 0.479836 0.100969 0.132834
3.0 0.763867 0.642693 0.370328 0.319110
3.0 0.230109 0.675281 0.439281 0.397775
3.0 0.486102 0.586639 0.043922 0.176792
3.0 0.419766 0.553384 0.091563 0.154215
3.0 0.611922 0.510691 0.064656 0.095480
3.0 0.538266 0.557869 0.029375 0.061452
3.0 0.638477 0.523806 0.038172 0.072623
3.0 0.541789 0.535386 0.043109 0.095878
3.0 0.597406 0.530105 0.022187 0.062834
3.0 0.525625 0.545070 0.019125 0.087049
3.0 0.587805 0.534824 0.023234 0.070679
3.0 0.554656 0.526206 0.044625 0.100000
0.0 0.926445 0.465714 0.017578 0.023138
0.0 0.893172 0.466464 0.020438 0.019297
