1.0 0.767109 0.472167 0.076906 0.082125
1.0 0.871102 0.460646 0.081266 0.084792
1.0 0.701187 0.315125 0.172812 0.060583
1.0 0.767820 0.760073 0.094109 0.080563
1.0 0.530031 0.756875 0.084094 0.086500
1.0 0.683602 0.759635 0.086109 0.079729
1.0 0.163766 0.679760 0.053438 0.061771
1.0 0.299398 0.559937 0.058234 0.065292
1.0 0.466242 0.713615 0.048766 0.068312
1.0 0.625523 0.748135 0.103172 0.102813
1.0 0.164477 0.749219 0.079766 0.085812
0.0 0.551383 0.721135 0.056578 0.066146
1.0 0.931406 0.447979 0.072906 0.068042
0.0 0.346875 0.760417 0.287500 0.079167
1.0 0.896875 0.330208 0.081250 0.068750
1.0 0.627344 0.927083 0.289062 0.141667
1.0 0.278906 0.370833 0.114062 0.075000
1.0 0.958594 0.509375 0.079687 0.085417
