0.0 0.542187 0.919444 0.154688 0.150000
0.0 0.298438 0.741667 0.106250 0.180556
0.0 0.246875 0.594444 0.095312 0.116667
0.0 0.417188 0.641667 0.059375 0.116667
0.0 0.587500 0.563889 0.050000 0.086111
0.0 0.567188 0.494444 0.043750 0.063889
0.0 0.426562 0.450000 0.031250 0.058333
0.0 0.443750 0.408333 0.023438 0.041667
0.0 0.396875 0.433333 0.026562 0.044444
0.0 0.439063 0.380556 0.021875 0.030556
0.0 0.517188 0.386111 0.021875 0.036111
0.0 0.579688 0.822222 0.107813 0.205556
0.0 0.789062 0.680556 0.106250 0.116667
0.0 0.684375 0.508333 0.054688 0.069444
0.0 0.807812 0.530556 0.073438 0.063889
0.0 0.671875 0.436111 0.039062 0.036111
0.0 0.932813 0.625000 0.112500 0.108333
0.0 0.932813 0.894444 0.126562 0.191667
0.0 0.431250 0.358333 0.018750 0.019444
0.0 0.443750 0.355556 0.014063 0.019444
0.0 0.479688 0.325000 0.012500 0.016667
0.0 0.543750 0.311111 0.009375 0.008333
0.0 0.554688 0.425000 0.028125 0.047222
0.0 0.481250 0.397222 0.021875 0.033333
0.0 0.360938 0.916667 0.090625 0.158333
0.0 0.443750 0.816667 0.065625 0.205556
0.0 0.451562 0.569444 0.037500 0.097222
0.0 0.456250 0.458333 0.023438 0.058333
0.0 0.545312 0.400000 0.015625 0.027778
0.0 0.509375 0.413889 0.017188 0.044444
0.0 0.485938 0.408333 0.017188 0.033333
0.0 0.464063 0.422222 0.018750 0.044444
0.0 0.456250 0.366667 0.012500 0.027778
0.0 0.471875 0.361111 0.010937 0.030556
0.0 0.487500 0.366667 0.012500 0.027778
0.0 0.490625 0.361111 0.012500 0.025000
0.0 0.890625 0.655556 0.068750 0.119444
0.0 0.789062 0.561111 0.045312 0.086111
0.0 0.743750 0.580556 0.048438 0.094444
0.0 0.743750 0.511111 0.040625 0.055556
0.0 0.684375 0.408333 0.018750 0.036111
0.0 0.718750 0.477778 0.046875 0.052778
0.0 0.654687 0.466667 0.039062 0.050000
0.0 0.632812 0.369444 0.043750 0.063889
0.0 0.606250 0.361111 0.010937 0.022222
0.0 0.532813 0.361111 0.014063 0.027778
0.0 0.459375 0.294444 0.017188 0.027778
0.0 0.456250 0.333333 0.018750 0.041667
0.0 0.439063 0.313889 0.020313 0.044444
0.0 0.484375 0.294444 0.012500 0.019444
0.0 0.506250 0.291667 0.010937 0.022222
0.0 0.515625 0.325000 0.010937 0.027778
0.0 0.525000 0.344444 0.015625 0.025000
0.0 0.512500 0.363889 0.018750 0.030556
0.0 0.506250 0.344444 0.014063 0.027778
0.0 0.485938 0.336111 0.014063 0.025000
0.0 0.571875 0.341667 0.014063 0.022222
0.0 0.498437 0.586111 0.056250 0.138889
0.0 0.393750 0.544444 0.062500 0.122222
0.0 0.342187 0.488889 0.056250 0.097222
4.0 0.148438 0.586111 0.068750 0.113889
4.0 0.078125 0.602778 0.067187 0.119444
0.0 0.406250 0.386111 0.025000 0.038889
0.0 0.414062 0.369444 0.017188 0.025000
0.0 0.435937 0.333333 0.014063 0.022222
0.0 0.496875 0.311111 0.012500 0.011111
0.0 0.614063 0.644444 0.078125 0.166667
0.0 0.540625 0.450000 0.031250 0.072222
0.0 0.709375 0.433333 0.043750 0.050000
0.0 0.984375 0.730556 0.029687 0.072222
0.0 0.406250 0.463889 0.026562 0.041667
3.0 0.382812 0.452778 0.015625 0.055556
3.0 0.512500 0.675000 0.039062 0.111111
3.0 0.690625 0.650000 0.012500 0.052778
4.0 0.803125 0.444444 0.089063 0.105556
0.0 0.607812 0.386111 0.021875 0.022222
0.0 0.875000 0.500000 0.051562 0.055556
3.0 0.634375 0.411111 0.012500 0.036111
3.0 0.256250 0.930556 0.056250 0.125000
1.0 0.495313 0.462500 0.040625 0.080556
