4.0 0.792203 0.869995 0.239899 0.260010
4.0 0.668577 0.318409 0.097207 0.162010
0.0 0.139457 0.126002 0.148557 0.185825
0.0 0.410706 0.323516 0.309738 0.318431
4.0 0.469310 0.654062 0.167371 0.270795
4.0 0.623082 0.690961 0.193632 0.332890
0.0 0.145304 0.031957 0.075345 0.063914
0.0 0.621314 0.249774 0.214209 0.227383
4.0 0.948596 0.469238 0.102808 0.168081
4.0 0.777156 0.337562 0.091261 0.148937
4.0 0.362308 0.470105 0.124249 0.215234
0.0 0.106797 0.320214 0.155448 0.121867
4.0 0.273471 0.399132 0.096066 0.184419
4.0 0.216159 0.349171 0.049815 0.164338
4.0 0.073060 0.471006 0.101359 0.242776
4.0 0.152563 0.589599 0.116250 0.197026
4.0 0.385430 0.804849 0.144793 0.214303
4.0 0.547071 0.865559 0.225124 0.207776
4.0 0.304282 0.630700 0.208833 0.203106
4.0 0.526212 0.524279 0.108040 0.176484
4.0 0.652242 0.627470 0.175369 0.289003
4.0 0.907209 0.396401 0.079222 0.138665
4.0 0.201052 0.055046 0.026195 0.043887
4.0 0.016041 0.131124 0.032082 0.055093
4.0 0.045686 0.127859 0.035188 0.055560
0.0 0.070169 0.066618 0.133764 0.133237
4.0 0.459631 0.502797 0.134335 0.134003
4.0 0.201204 0.311354 0.069512 0.154070
4.0 0.022181 0.341680 0.044362 0.096646
0.0 0.871535 0.730174 0.256931 0.539651
3.0 0.695048 0.717580 0.069936 0.158738
0.0 0.271350 0.182974 0.084973 0.097116
