0.0 0.782633 0.551647 0.025203 0.079576
0.0 0.732875 0.516518 0.034437 0.026400
0.0 0.413266 0.486635 0.025156 0.016000
3.0 0.111930 0.678671 0.157641 0.461106
3.0 0.642656 0.562553 0.072063 0.135553
3.0 0.448539 0.545035 0.062984 0.099247
3.0 0.486547 0.529835 0.027062 0.057600
3.0 0.142234 0.510188 0.043562 0.035341
3.0 0.162250 0.502565 0.020344 0.047576
3.0 0.559109 0.521953 0.046031 0.065694
3.0 0.895000 0.633247 0.210000 0.428565
3.0 0.366766 0.572165 0.074219 0.183953
3.0 0.683539 0.524565 0.013172 0.033976
3.0 0.247117 0.522106 0.058234 0.033953
3.0 0.755695 0.528188 0.019109 0.026306
3.0 0.498734 0.519682 0.020906 0.059553
3.0 0.572656 0.627059 0.542188 0.261176
3.0 0.600781 0.522353 0.032813 0.065882
