0.0 0.330650 0.730548 0.175940 0.211178
0.0 0.420910 0.657411 0.090980 0.144356
0.0 0.421110 0.690767 0.066980 0.135562
0.0 0.442710 0.633521 0.089460 0.143096
0.0 0.087050 0.729630 0.167620 0.204959
0.0 0.605290 0.707342 0.173380 0.181644
0.0 0.465570 0.668973 0.672460 0.183425
0.0 0.281200 0.618055 0.052160 0.037808
0.0 0.319880 0.609000 0.047600 0.037562
0.0 0.927370 0.675452 0.145260 0.134137
0.0 0.845210 0.636027 0.116540 0.136822
0.0 0.566190 0.642808 0.104540 0.094986
0.0 0.195000 0.689041 0.134000 0.145205
0.0 0.767000 0.624658 0.074000 0.082192
