0.0 0.542188 0.666667 0.106250 0.086111
0.0 0.310937 0.680556 0.092188 0.102778
0.0 0.167187 0.605556 0.018750 0.027778
0.0 0.256250 0.622222 0.023438 0.044444
3.0 0.151562 0.641667 0.014063 0.044444
0.0 0.456250 0.633333 0.048438 0.044444
0.0 0.393750 0.625000 0.031250 0.022222
0.0 0.596875 0.630556 0.095312 0.091667
0.0 0.479687 0.613889 0.021875 0.030556
0.0 0.206250 0.588889 0.017188 0.027778
0.0 0.206250 0.616667 0.015625 0.033333
0.0 0.228125 0.622222 0.032813 0.061111
0.0 0.343750 0.613889 0.032813 0.022222
0.0 0.307812 0.616667 0.017188 0.016667
0.0 0.839844 0.630919 0.060937 0.058496
