0.0 0.586320 0.321250 0.364328 0.107958
0.0 0.156742 0.392135 0.313484 0.321354
3.0 0.329227 0.659365 0.164734 0.278313
3.0 0.105656 0.557458 0.118469 0.202500
3.0 0.461797 0.826969 0.121344 0.319104
3.0 0.221641 0.520510 0.078500 0.151604
3.0 0.630641 0.609687 0.056750 0.184958
3.0 0.595281 0.479771 0.029594 0.130458
3.0 0.015883 0.922354 0.031766 0.131750
3.0 0.707711 0.469104 0.017672 0.114708
3.0 0.030000 0.655302 0.056469 0.152938
3.0 0.272266 0.527594 0.033781 0.134187
3.0 0.727938 0.545875 0.044125 0.070583
3.0 0.549227 0.538146 0.029672 0.119167
3.0 0.708234 0.872771 0.087594 0.254458
3.0 0.485156 0.626042 0.410938 0.468750
3.0 0.307812 0.569792 0.050000 0.097917
