0.0 0.818475 0.488507 0.363051 0.434036
0.0 0.413398 0.642903 0.350872 0.444617
0.0 0.132340 0.496977 0.110918 0.138515
0.0 0.045344 0.475956 0.056590 0.102536
0.0 0.476592 0.420531 0.101088 0.101286
0.0 0.414769 0.378589 0.048068 0.053391
0.0 0.628380 0.367792 0.117795 0.139253
0.0 0.880398 0.775991 0.239204 0.448018
0.0 0.562662 0.414324 0.112020 0.120547
0.0 0.246535 0.505968 0.112460 0.183894
4.0 0.309992 0.392877 0.032902 0.060806
0.0 0.009996 0.486623 0.019993 0.118288
0.0 0.158792 0.412153 0.025305 0.038889
0.0 0.425503 0.491300 0.240103 0.209660
0.0 0.972179 0.461576 0.055642 0.198652
