0.0 0.263023 0.931187 0.101016 0.119833
0.0 0.260070 0.953979 0.076609 0.092042
0.0 0.934602 0.956406 0.050641 0.080104
0.0 0.642016 0.768802 0.056344 0.055646
0.0 0.613687 0.730906 0.052094 0.062604
0.0 0.569133 0.622125 0.041641 0.046917
0.0 0.552820 0.570625 0.036078 0.040708
0.0 0.593750 0.668594 0.051125 0.064021
0.0 0.546852 0.543896 0.037828 0.029625
0.0 0.524414 0.473667 0.035141 0.034625
1.0 0.400281 0.495698 0.050781 0.104021
1.0 0.469398 0.574438 0.057609 0.124542
1.0 0.521773 0.720938 0.069578 0.108917
1.0 0.481398 0.518219 0.044672 0.070896
1.0 0.581312 0.827125 0.198844 0.109875
1.0 0.492945 0.629406 0.061453 0.140146
1.0 0.461336 0.459229 0.048672 0.116292
0.0 0.479313 0.481969 0.051031 0.068021
0.0 0.260469 0.934417 0.098687 0.123250
0.0 0.749766 0.927823 0.077563 0.096854
0.0 0.293016 0.665917 0.038594 0.047750
1.0 0.521188 0.674938 0.072094 0.093458
0.0 0.821437 0.940219 0.096531 0.086021
1.0 0.421687 0.871156 0.207437 0.127396
0.0 0.511719 0.429167 0.092188 0.208333
0.0 0.975000 0.942708 0.050000 0.110417
0.0 0.367969 0.401042 0.064062 0.031250
0.0 0.111719 0.936458 0.185938 0.122917
