0.0 0.429688 0.708333 0.048438 0.055556
0.0 0.878125 0.563889 0.240625 0.411111
0.0 0.043750 0.783333 0.079687 0.427778
0.0 0.248438 0.683333 0.053125 0.055556
0.0 0.570312 0.691667 0.029687 0.019444
0.0 0.542188 0.675000 0.012500 0.016667
0.0 0.521875 0.675000 0.014063 0.016667
0.0 0.501563 0.661111 0.007812 0.008333
0.0 0.570312 0.669444 0.039062 0.050000
0.0 0.479687 0.677778 0.012500 0.022222
0.0 0.473438 0.672222 0.010937 0.019444
0.0 0.484375 0.669444 0.007812 0.013889
0.0 0.453125 0.669444 0.012500 0.019444
