0.0 0.947891 0.498178 0.104218 0.112257
0.0 0.783008 0.473199 0.054141 0.054679
0.0 0.873109 0.471480 0.125937 0.097205
0.0 0.754664 0.467930 0.016797 0.036977
3.0 0.096664 0.657298 0.122109 0.204493
3.0 0.284266 0.593654 0.037719 0.100849
3.0 0.527797 0.575652 0.052250 0.133251
0.0 0.959289 0.416004 0.081422 0.053251
3.0 0.420047 0.593458 0.039563 0.124017
3.0 0.247094 0.572919 0.046781 0.121822
3.0 0.488039 0.546563 0.027359 0.097391
3.0 0.318266 0.602712 0.056531 0.138178
3.0 0.390648 0.592681 0.027297 0.104948
3.0 0.508992 0.562774 0.012172 0.058178
3.0 0.597625 0.557867 0.035094 0.101159
3.0 0.736992 0.574731 0.051922 0.154058
3.0 0.647250 0.590663 0.051906 0.132588
3.0 0.787742 0.574865 0.047828 0.113251
3.0 0.530469 0.552795 0.389062 0.149068
3.0 0.680469 0.564182 0.032813 0.105590
3.0 0.560156 0.540373 0.032813 0.091097
