0.0 0.039242 0.777442 0.078484 0.117442
0.0 0.070602 0.702954 0.039734 0.050972
0.0 0.864773 0.849437 0.130422 0.166292
0.0 0.102023 0.674373 0.021547 0.036317
0.0 0.176461 0.692864 0.036453 0.046957
0.0 0.191352 0.683581 0.022109 0.036624
0.0 0.129289 0.684693 0.019578 0.019616
0.0 0.034070 0.673056 0.031266 0.031125
0.0 0.943219 0.861176 0.113563 0.249412
0.0 0.203469 0.682673 0.009312 0.025754
0.0 0.459961 0.709872 0.232297 0.348133
0.0 0.299063 0.689642 0.110875 0.234169
0.0 0.608008 0.752251 0.071984 0.061586
0.0 0.069812 0.734744 0.028094 0.074859
