0.0 0.156577 0.914959 0.174712 0.170082
0.0 0.311323 0.887294 0.200455 0.225412
0.0 0.643264 0.674790 0.134288 0.364084
0.0 0.467340 0.697499 0.136444 0.347773
0.0 0.366747 0.637608 0.108327 0.183716
0.0 0.279501 0.612346 0.087624 0.181448
3.0 0.235842 0.736742 0.063434 0.178326
4.0 0.112012 0.583427 0.079509 0.142974
4.0 0.191303 0.529011 0.066607 0.108940
4.0 0.051869 0.609828 0.058363 0.134985
0.0 0.782156 0.678649 0.162284 0.283943
0.0 0.863977 0.885989 0.168598 0.122710
0.0 0.551380 0.921807 0.149067 0.156387
0.0 0.575897 0.516382 0.095136 0.256260
0.0 0.536941 0.243147 0.041499 0.071914
0.0 0.557963 0.147621 0.015724 0.026306
0.0 0.474452 0.308021 0.045873 0.084212
0.0 0.558181 0.310823 0.048948 0.101806
0.0 0.571150 0.226018 0.034079 0.064484
0.0 0.551464 0.178367 0.019877 0.035744
0.0 0.447538 0.235905 0.028596 0.037881
0.0 0.652847 0.340098 0.066194 0.125678
0.0 0.635125 0.294881 0.048473 0.073624
0.0 0.608242 0.246079 0.038867 0.060043
0.0 0.594008 0.200008 0.023808 0.042320
0.0 0.573909 0.169950 0.014424 0.031601
0.0 0.582437 0.188267 0.017912 0.032456
0.0 0.566269 0.163076 0.017912 0.032456
0.0 0.491450 0.137684 0.021843 0.039032
0.0 0.430066 0.377206 0.049582 0.087928
0.0 0.494170 0.378986 0.048916 0.079346
0.0 0.516110 0.318220 0.033002 0.072639
0.0 0.533672 0.407204 0.040420 0.080069
0.0 0.485797 0.477243 0.052244 0.122259
0.0 0.396017 0.350566 0.055004 0.069612
0.0 0.423188 0.288518 0.043242 0.072342
0.0 0.462849 0.272966 0.022509 0.047615
0.0 0.503590 0.248405 0.020543 0.044326
0.0 0.535579 0.202666 0.015281 0.020585
0.0 0.518808 0.215522 0.015724 0.026306
0.0 0.505302 0.224663 0.015281 0.020585
0.0 0.529239 0.189644 0.013536 0.020157
0.0 0.513102 0.187769 0.013758 0.023017
0.0 0.817991 0.247149 0.045207 0.075630
0.0 0.871824 0.231041 0.044763 0.069908
0.0 0.718476 0.178249 0.024474 0.050902
0.0 0.964506 0.508230 0.070988 0.198411
0.0 0.875498 0.370074 0.122849 0.128337
0.0 0.892398 0.290135 0.100150 0.100321
0.0 0.964366 0.272352 0.071269 0.136066
3.0 0.789680 0.271579 0.026249 0.073791
0.0 0.739303 0.263519 0.058492 0.070467
0.0 0.770215 0.226790 0.047807 0.065041
0.0 0.711121 0.220866 0.030593 0.063629
0.0 0.679894 0.184790 0.026408 0.031731
0.0 0.787146 0.170166 0.090797 0.112062
3.0 0.688137 0.153616 0.009193 0.030319
0.0 0.980464 0.195404 0.039072 0.066454
4.0 0.902482 0.168137 0.114795 0.134783
0.0 0.704709 0.481899 0.102842 0.157113
0.0 0.554760 0.197966 0.020956 0.027588
0.0 0.477815 0.213908 0.019655 0.032883
0.0 0.492652 0.221933 0.021400 0.033310
0.0 0.510945 0.205788 0.018990 0.024299
0.0 0.489102 0.176158 0.026218 0.051330
0.0 0.447348 0.256359 0.023365 0.036599
0.0 0.480921 0.253961 0.029040 0.043602
0.0 0.468844 0.189869 0.019434 0.030022
0.0 0.516558 0.163598 0.011793 0.019730
0.0 0.468369 0.160832 0.025109 0.037026
0.0 0.456891 0.219036 0.022921 0.030876
0.0 0.462756 0.203022 0.018546 0.018578
0.0 0.542935 0.160050 0.013758 0.023017
0.0 0.536373 0.144166 0.013536 0.020157
0.0 0.520679 0.148012 0.013315 0.017296
0.0 0.613761 0.133946 0.015281 0.020585
0.0 0.543095 0.116280 0.015724 0.026306
3.0 0.764790 0.408868 0.052373 0.057740
0.0 0.610028 0.440966 0.066415 0.128539
