0.0 0.836719 0.708594 0.131250 0.237500
0.0 0.491406 0.789062 0.103125 0.270313
0.0 0.178125 0.887500 0.168750 0.225000
0.0 0.246875 0.396094 0.082812 0.129688
0.0 0.493750 0.566406 0.065625 0.162500
0.0 0.482031 0.433594 0.062500 0.121875
0.0 0.468750 0.315625 0.060937 0.110937
0.0 0.446875 0.246094 0.048438 0.071875
0.0 0.419531 0.203125 0.037500 0.060937
0.0 0.281250 0.247656 0.042188 0.081250
0.0 0.337500 0.317188 0.053125 0.092188
0.0 0.345313 0.189062 0.039062 0.076563
0.0 0.289062 0.161719 0.039062 0.065625
0.0 0.241406 0.159375 0.043750 0.065625
0.0 0.339062 0.118750 0.031250 0.054688
0.0 0.392188 0.139844 0.042188 0.053125
0.0 0.379688 0.096875 0.032813 0.048438
0.0 0.334375 0.075000 0.029687 0.042188
