0.0 0.633070 0.939145 0.033422 0.054122
0.0 0.911906 0.925773 0.029031 0.038665
3.0 0.321289 0.946487 0.032141 0.064215
3.0 0.282977 0.959906 0.057797 0.057752
3.0 0.193047 0.955445 0.051594 0.056136
3.0 0.060187 0.956850 0.036219 0.063208
0.0 0.837320 0.922155 0.009391 0.024496
0.0 0.849031 0.910749 0.013469 0.022717
0.0 0.819625 0.931944 0.036937 0.052787
3.0 0.115625 0.958384 0.056469 0.058782
3.0 0.680594 0.964040 0.094656 0.069859
3.0 0.149789 0.955340 0.020141 0.050304
1.0 0.877266 0.916148 0.027594 0.053607
3.0 0.083594 0.959016 0.045312 0.058548
3.0 0.816406 0.966042 0.020313 0.053864
