0.0 0.834114 0.953106 0.293623 0.093788
0.0 0.493979 0.943793 0.260795 0.112415
0.0 0.476340 0.854030 0.204328 0.219453
0.0 0.259584 0.697416 0.165678 0.231963
0.0 0.124457 0.730656 0.154202 0.206687
0.0 0.252743 0.913277 0.199370 0.173446
0.0 0.096802 0.572275 0.115095 0.130522
4.0 0.042635 0.835055 0.085270 0.278416
4.0 0.027161 0.928264 0.054322 0.143473
0.0 0.023802 0.484240 0.042991 0.110066
3.0 0.866224 0.817600 0.093465 0.138140
4.0 0.532581 0.579002 0.071903 0.148821
0.0 0.566907 0.443467 0.076962 0.097220
3.0 0.506757 0.546484 0.018411 0.056340
0.0 0.445093 0.440862 0.067046 0.072056
4.0 0.427895 0.510161 0.035361 0.048387
0.0 0.979295 0.620248 0.038380 0.112792
0.0 0.983442 0.540814 0.031167 0.069482
0.0 0.013217 0.553986 0.026435 0.099763
0.0 0.012036 0.647365 0.024072 0.078331
