0.0 0.742266 0.826499 0.174563 0.186253
0.0 0.570500 0.773384 0.117469 0.134122
0.0 0.306211 0.885878 0.405266 0.228244
0.0 0.146570 0.796979 0.166047 0.168150
0.0 0.069688 0.782026 0.085469 0.116838
0.0 0.058469 0.758852 0.098437 0.110913
0.0 0.680281 0.747178 0.037312 0.051452
0.0 0.448391 0.759426 0.055375 0.064473
3.0 0.494352 0.767237 0.033547 0.067775
1.0 0.931258 0.721920 0.059047 0.107588
0.0 0.904328 0.763162 0.063094 0.070211
0.0 0.824531 0.757799 0.055969 0.072927
0.0 0.826680 0.927541 0.346640 0.143138
0.0 0.309609 0.755000 0.206281 0.140351
0.0 0.404461 0.741417 0.044203 0.047283
0.0 0.642188 0.756440 0.050000 0.079625
0.0 0.944531 0.814988 0.110937 0.084309
0.0 0.989844 0.761124 0.020312 0.037471
