0.0 0.860070 0.439984 0.163271 0.077406
0.0 0.092687 0.473523 0.182383 0.080672
0.0 0.760327 0.416984 0.093785 0.056344
3.0 0.459883 0.663070 0.317804 0.426547
3.0 0.212103 0.606766 0.254813 0.275781
3.0 0.663750 0.614312 0.173388 0.275813
3.0 0.740748 0.565094 0.083645 0.073813
0.0 0.354241 0.442023 0.094790 0.032391
0.0 0.967068 0.442578 0.065864 0.120687
0.0 0.545234 0.403328 0.040888 0.020844
0.0 0.362991 0.422328 0.102336 0.027094
0.0 0.030152 0.667437 0.060304 0.103594
3.0 0.097687 0.581203 0.195374 0.151438
0.0 0.214953 0.450000 0.373832 0.046875
