0.0 0.952805 0.344927 0.094391 0.103688
0.0 0.706047 0.334208 0.119000 0.082667
0.0 0.907305 0.315135 0.049953 0.019813
0.0 0.933305 0.332833 0.133390 0.128708
0.0 0.902969 0.314000 0.078750 0.056542
0.0 0.883922 0.294323 0.052719 0.026396
0.0 0.674797 0.311042 0.048969 0.019292
0.0 0.582367 0.334188 0.037516 0.048250
0.0 0.659398 0.330823 0.033797 0.020979
0.0 0.650086 0.317531 0.026359 0.017937
0.0 0.798344 0.363594 0.040969 0.050188
0.0 0.657031 0.329167 0.323437 0.091667
0.0 0.770313 0.328125 0.087500 0.081250
