0.0 0.595932 0.654918 0.193630 0.451354
0.0 0.362655 0.754313 0.184627 0.343315
0.0 0.287062 0.389525 0.115548 0.219456
0.0 0.501111 0.385058 0.104700 0.211894
0.0 0.509558 0.244492 0.086798 0.166562
0.0 0.598546 0.168877 0.079162 0.141599
0.0 0.450778 0.142742 0.061808 0.104150
0.0 0.477277 0.064885 0.042925 0.087057
0.0 0.401864 0.073493 0.047632 0.069987
0.0 0.380222 0.155615 0.053406 0.089365
0.0 0.316008 0.303128 0.082738 0.129453
0.0 0.380673 0.227535 0.066483 0.107766
0.0 0.309202 0.227272 0.051543 0.083782
0.0 0.343887 0.179622 0.041794 0.091981
0.0 0.411123 0.380872 0.075551 0.174432
0.0 0.658511 0.353055 0.073106 0.181654
0.0 0.748297 0.245256 0.104270 0.248013
0.0 0.683860 0.171425 0.065534 0.115317
0.0 0.653828 0.111355 0.056218 0.087398
0.0 0.588163 0.107146 0.048398 0.059808
0.0 0.514946 0.147279 0.058265 0.095609
0.0 0.452726 0.214332 0.063855 0.112361
0.0 0.918903 0.140993 0.089492 0.120594
3.0 0.776188 0.010878 0.020499 0.021756
0.0 0.646224 0.067683 0.049130 0.070317
0.0 0.639719 0.039775 0.043906 0.058819
0.0 0.632447 0.029258 0.043324 0.058517
0.0 0.587313 0.051318 0.040113 0.089024
0.0 0.553425 0.066784 0.027037 0.070623
0.0 0.913386 0.834419 0.173228 0.139075
0.0 0.405751 0.951647 0.169829 0.096705
4.0 0.036151 0.519478 0.045390 0.185896
0.0 0.403262 0.137203 0.039014 0.073261
3.0 0.423127 0.116823 0.016922 0.073569
0.0 0.382732 0.104381 0.039995 0.045024
0.0 0.449411 0.057686 0.025389 0.046980
0.0 0.524211 0.083888 0.049797 0.122198
0.0 0.606595 0.044403 0.012829 0.057147
0.0 0.596870 0.286611 0.088511 0.148833
