0.0 0.793281 0.397303 0.111817 0.179502
0.0 0.513484 0.522610 0.137625 0.239323
0.0 0.171848 0.809612 0.298195 0.380775
4.0 0.090099 0.564180 0.155753 0.242577
0.0 0.179846 0.451079 0.347075 0.267716
0.0 0.507425 0.442348 0.139231 0.135366
0.0 0.605680 0.452874 0.094454 0.216246
4.0 0.669236 0.416437 0.076437 0.188483
4.0 0.932700 0.643194 0.134600 0.679819
4.0 0.961611 0.284178 0.033774 0.094977
4.0 0.890294 0.304800 0.036621 0.092422
4.0 0.735926 0.354406 0.063700 0.121810
4.0 0.394416 0.440729 0.078981 0.127619
4.0 0.461519 0.413041 0.052427 0.107523
4.0 0.517173 0.371764 0.038179 0.040579
0.0 0.655036 0.300089 0.126032 0.087006
0.0 0.748869 0.286378 0.052188 0.076819
0.0 0.925261 0.248462 0.064733 0.060674
0.0 0.868207 0.264960 0.054859 0.071167
0.0 0.806798 0.285367 0.071365 0.098658
0.0 0.589269 0.324408 0.017444 0.070584
3.0 0.334660 0.598508 0.100226 0.318461
3.0 0.353918 0.642307 0.049274 0.184095
