0.0 0.433824 0.401550 0.173157 0.407267
4.0 0.228701 0.452771 0.117108 0.222762
4.0 0.074573 0.535719 0.149146 0.324594
0.0 0.209988 0.338343 0.166229 0.137000
0.0 0.961127 0.429264 0.067894 0.140012
0.0 0.972496 0.473753 0.055008 0.194048
0.0 0.983064 0.317911 0.033873 0.098691
0.0 0.915291 0.321240 0.101793 0.120994
0.0 0.818659 0.337302 0.018678 0.050903
0.0 0.793220 0.324628 0.044147 0.120895
1.0 0.627110 0.407578 0.305460 0.512414
3.0 0.204143 0.502096 0.056010 0.111376
0.0 0.944141 0.372063 0.088212 0.089176
