0.0 0.801336 0.935802 0.118547 0.128396
0.0 0.938797 0.949623 0.122406 0.100754
0.0 0.729789 0.678656 0.531484 0.256179
0.0 0.113039 0.601851 0.226078 0.112948
0.0 0.718828 0.483007 0.202250 0.050684
0.0 0.689508 0.538420 0.203109 0.085943
0.0 0.275500 0.505979 0.226281 0.056722
0.0 0.114000 0.626533 0.159125 0.078679
0.0 0.496305 0.928113 0.150891 0.143774
0.0 0.072984 0.499540 0.067281 0.035401
0.0 0.127680 0.493125 0.037078 0.033042
0.0 0.405711 0.509446 0.185766 0.069033
0.0 0.986125 0.493325 0.027750 0.091509
0.0 0.493695 0.928526 0.146078 0.142948
