3.0 0.173437 0.761111 0.078125 0.266667
0.0 0.309375 0.744444 0.139063 0.258333
1.0 0.390625 0.677778 0.045312 0.177778
0.0 0.428125 0.702778 0.035937 0.075000
0.0 0.523438 0.700000 0.054688 0.100000
0.0 0.581250 0.697222 0.060937 0.086111
0.0 0.429688 0.652778 0.037500 0.091667
0.0 0.457813 0.686111 0.023438 0.041667
0.0 0.659375 0.700000 0.045312 0.058333
0.0 0.621875 0.680556 0.021875 0.036111
0.0 0.635938 0.691667 0.021875 0.041667
1.0 0.692187 0.658333 0.048438 0.061111
0.0 0.754687 0.680556 0.050000 0.036111
0.0 0.712500 0.683333 0.029687 0.013889
0.0 0.895312 0.655556 0.068750 0.091667
0.0 0.960938 0.625000 0.076563 0.608333
0.0 0.912500 0.723611 0.040625 0.141667
0.0 0.816406 0.688889 0.076563 0.027778
