0.0 0.729687 0.877778 0.215625 0.230556
3.0 0.600000 0.908333 0.064062 0.169444
0.0 0.523438 0.733333 0.120313 0.161111
0.0 0.426562 0.833333 0.132812 0.200000
0.0 0.392188 0.677778 0.100000 0.161111
0.0 0.414062 0.608333 0.096875 0.113889
0.0 0.251563 0.788889 0.057813 0.169444
4.0 0.340625 0.886111 0.068750 0.222222
0.0 0.331250 0.569444 0.045312 0.100000
0.0 0.273438 0.541667 0.035937 0.072222
0.0 0.298438 0.516667 0.050000 0.072222
1.0 0.210938 0.500000 0.064062 0.144444
1.0 0.257812 0.636111 0.103125 0.130556
4.0 0.296875 0.708333 0.043750 0.136111
4.0 0.192187 0.661111 0.035937 0.147222
4.0 0.814062 0.750000 0.067187 0.111111
4.0 0.843750 0.655556 0.087500 0.108333
0.0 0.876562 0.538889 0.089063 0.083333
4.0 0.715625 0.588889 0.037500 0.047222
0.0 0.251563 0.486111 0.031250 0.069444
0.0 0.223437 0.566667 0.057813 0.058333
0.0 0.173438 0.436111 0.031250 0.038889
0.0 0.156250 0.416667 0.021875 0.033333
0.0 0.151563 0.522222 0.034375 0.063889
0.0 0.331250 0.425000 0.045312 0.038889
0.0 0.732812 0.519444 0.071875 0.063889
