4.0 0.471875 0.613889 0.282813 0.497222
4.0 0.165625 0.716667 0.209375 0.561111
3.0 0.267188 0.522222 0.131250 0.372222
3.0 0.207813 0.388889 0.071875 0.205556
0.0 0.410938 0.400000 0.220312 0.172222
0.0 0.504687 0.416667 0.093750 0.155556
0.0 0.662500 0.433333 0.289062 0.316667
3.0 0.829688 0.413889 0.032813 0.108333
4.0 0.882812 0.438889 0.084375 0.250000
4.0 0.951562 0.477778 0.079687 0.283333
4.0 0.946875 0.355556 0.059375 0.141667
0.0 0.890625 0.311111 0.082812 0.077778
0.0 0.083594 0.241667 0.167187 0.383333
3.0 0.389844 0.713889 0.107813 0.288889
3.0 0.856250 0.481944 0.040625 0.152778
3.0 0.192969 0.895833 0.139063 0.197222
