0.0 0.140625 0.852273 0.110937 0.110795
0.0 0.331250 0.718750 0.084375 0.102273
0.0 0.271875 0.690341 0.068750 0.079545
0.0 0.215625 0.678977 0.065625 0.085227
0.0 0.245312 0.642045 0.073438 0.056818
0.0 0.282813 0.622159 0.046875 0.048295
0.0 0.145313 0.636364 0.065625 0.065341
0.0 0.681250 0.707386 0.098437 0.073864
0.0 0.546875 0.676136 0.079687 0.062500
1.0 0.585938 0.761364 0.112500 0.173295
4.0 0.256250 0.795455 0.025000 0.045455
4.0 0.331250 0.781250 0.043750 0.051136
3.0 0.021094 0.892045 0.042188 0.068182
