0.0 0.489631 0.734370 0.289262 0.058020
0.0 0.065470 0.762870 0.130940 0.086420
0.0 0.225520 0.653390 0.102919 0.035580
0.0 0.250117 0.640320 0.092114 0.051440
0.0 0.264178 0.608650 0.088356 0.036940
0.0 0.224463 0.688410 0.115906 0.060620
0.0 0.482534 0.669340 0.103054 0.066360
0.0 0.807970 0.739290 0.158423 0.082740
0.0 0.105587 0.745920 0.169564 0.084680
0.0 0.983658 0.776280 0.032685 0.090920
0.0 0.888826 0.755810 0.181275 0.078180
0.0 0.667399 0.713490 0.089698 0.052060
0.0 0.578205 0.601230 0.083456 0.040700
0.0 0.562081 0.646000 0.399329 0.252000
