3.0 0.471875 0.837500 0.367188 0.314583
3.0 0.621875 0.608333 0.029687 0.072917
3.0 0.651562 0.560417 0.010937 0.027083
3.0 0.600000 0.541667 0.006250 0.016667
4.0 0.579688 0.560417 0.032813 0.068750
4.0 0.256250 0.591667 0.121875 0.170833
3.0 0.190625 0.591667 0.067187 0.047917
0.0 0.437500 0.579167 0.092188 0.129167
0.0 0.517188 0.558333 0.045312 0.068750
0.0 0.564063 0.547917 0.025000 0.054167
3.0 0.398438 0.568750 0.026562 0.035417
0.0 0.657813 0.531250 0.010937 0.018750
0.0 0.646875 0.533333 0.014063 0.027083
0.0 0.629688 0.533333 0.009375 0.025000
0.0 0.614063 0.537500 0.017188 0.029167
