0.0 0.504320 0.344458 0.043203 0.030958
0.0 0.370914 0.320604 0.028609 0.036542
0.0 0.414711 0.322729 0.024766 0.016833
0.0 0.838977 0.328417 0.017328 0.018208
0.0 0.820453 0.331594 0.019219 0.014104
3.0 0.745211 0.431542 0.114484 0.093792
3.0 0.591422 0.513458 0.182812 0.204458
3.0 0.405719 0.602031 0.290906 0.323104
3.0 0.199437 0.738198 0.303375 0.474146
3.0 0.657086 0.475729 0.147859 0.167458
3.0 0.281703 0.646094 0.247781 0.410396
3.0 0.778188 0.416687 0.085500 0.092042
0.0 0.403281 0.308146 0.035000 0.015542
3.0 0.801711 0.399760 0.060641 0.085896
3.0 0.889609 0.356260 0.026500 0.023813
3.0 0.910602 0.344531 0.017391 0.021396
0.0 0.477953 0.325844 0.023375 0.023604
0.0 0.519586 0.327396 0.020078 0.033250
0.0 0.372289 0.296969 0.027141 0.018104
0.0 0.354320 0.300500 0.025359 0.023167
