0.0 0.180620 0.786120 0.302040 0.266640
0.0 0.197970 0.639400 0.055820 0.042533
0.0 0.339300 0.635613 0.041880 0.070320
0.0 0.275880 0.643587 0.082880 0.095493
3.0 0.398300 0.701093 0.152680 0.140960
3.0 0.494990 0.667440 0.041700 0.057493
0.0 0.360350 0.621213 0.058300 0.046267
0.0 0.397120 0.614493 0.032840 0.028453
0.0 0.067920 0.662080 0.135840 0.143733
0.0 0.161120 0.625827 0.056200 0.032613
0.0 0.591720 0.623587 0.038160 0.030907
0.0 0.274900 0.591667 0.100520 0.121947
0.0 0.349140 0.583933 0.055960 0.061840
3.0 0.560540 0.631947 0.017520 0.032853
