0.0 0.142188 0.897959 0.220312 0.193878
0.0 0.325000 0.642857 0.090625 0.275510
0.0 0.754688 0.500000 0.042188 0.061224
0.0 0.706250 0.465986 0.035937 0.054422
0.0 0.439063 0.527211 0.029687 0.091837
0.0 0.429688 0.455782 0.018750 0.047619
0.0 0.451562 0.445578 0.012500 0.034014
0.0 0.471875 0.418367 0.012500 0.017007
0.0 0.645313 0.506803 0.018750 0.044218
0.0 0.643750 0.557823 0.023438 0.040816
0.0 0.696875 0.530612 0.015625 0.037415
0.0 0.706250 0.517007 0.015625 0.030612
0.0 0.725000 0.493197 0.018750 0.040816
0.0 0.665625 0.520408 0.018750 0.057823
0.0 0.457812 0.812925 0.060937 0.197279
0.0 0.389062 0.836735 0.048438 0.159864
3.0 0.345313 0.846939 0.021875 0.085034
0.0 0.206250 0.700680 0.107813 0.088435
3.0 0.157813 0.653061 0.020313 0.044218
4.0 0.248437 0.564626 0.017188 0.037415
4.0 0.182813 0.639456 0.028125 0.064626
3.0 0.378125 0.758503 0.021875 0.030612
0.0 0.542187 0.772109 0.046875 0.112245
0.0 0.526562 0.687075 0.037500 0.081633
0.0 0.476562 0.693878 0.028125 0.068027
0.0 0.428125 0.666667 0.040625 0.105442
0.0 0.479688 0.625850 0.029687 0.068027
0.0 0.529687 0.625850 0.029687 0.047619
0.0 0.378125 0.608844 0.021875 0.064626
0.0 0.384375 0.578231 0.029687 0.044218
3.0 0.423438 0.585034 0.012500 0.040816
4.0 0.403125 0.520408 0.007812 0.027211
0.0 0.485938 0.544218 0.025000 0.074830
0.0 0.531250 0.551020 0.020313 0.051020
3.0 0.518750 0.540816 0.007812 0.027211
3.0 0.462500 0.489796 0.006250 0.023810
0.0 0.493750 0.486395 0.020313 0.044218
0.0 0.551563 0.489796 0.017188 0.027211
0.0 0.573437 0.476190 0.015625 0.030612
0.0 0.550000 0.452381 0.017188 0.037415
0.0 0.748437 0.843537 0.084375 0.146259
0.0 0.684375 0.670068 0.043750 0.112245
0.0 0.775000 0.663265 0.042188 0.112245
0.0 0.985156 0.688776 0.029687 0.071429
0.0 0.878125 0.585034 0.039062 0.047619
0.0 0.846875 0.557823 0.018750 0.044218
0.0 0.684375 0.506803 0.015625 0.023810
0.0 0.612500 0.459184 0.023438 0.017007
4.0 0.045312 0.761905 0.039062 0.105442
4.0 0.079688 0.731293 0.034375 0.105442
3.0 0.278125 0.707483 0.014063 0.054422
