0.0 0.617874 0.605092 0.190472 0.261276
0.0 0.427467 0.571340 0.382403 0.470504
0.0 0.172818 0.714589 0.189608 0.285878
0.0 0.619563 0.248030 0.148207 0.185125
4.0 0.497773 0.831626 0.186986 0.336748
4.0 0.677759 0.417701 0.099801 0.178959
0.0 0.774122 0.312943 0.079369 0.131425
4.0 0.772429 0.509263 0.121843 0.243548
0.0 0.688880 0.303323 0.115726 0.145042
0.0 0.913464 0.163205 0.089510 0.120641
0.0 0.969892 0.147926 0.060217 0.109079
4.0 0.304656 0.916953 0.163927 0.166093
4.0 0.604790 0.907082 0.162136 0.185836
4.0 0.657371 0.844643 0.183553 0.306169
4.0 0.732024 0.813587 0.186805 0.323712
4.0 0.762445 0.760665 0.181528 0.369096
4.0 0.848517 0.600527 0.121365 0.204733
4.0 0.977308 0.443635 0.045384 0.138483
4.0 0.929282 0.509195 0.130788 0.135727
4.0 0.908703 0.559177 0.132160 0.133375
4.0 0.870847 0.319136 0.058552 0.147308
4.0 0.842751 0.289530 0.055866 0.118884
4.0 0.983061 0.270544 0.033878 0.143976
0.0 0.085333 0.491589 0.170666 0.199520
4.0 0.298465 0.419886 0.050945 0.117414
4.0 0.516218 0.278885 0.038149 0.083208
4.0 0.341443 0.374906 0.037880 0.080366
0.0 0.013817 0.831880 0.027633 0.206806
0.0 0.815758 0.253751 0.080770 0.112508
