3.0 0.241625 0.704739 0.088406 0.095498
0.0 0.190203 0.594775 0.184563 0.132773
0.0 0.177500 0.436884 0.066875 0.049171
0.0 0.053898 0.439668 0.107734 0.032464
0.0 0.916180 0.412441 0.033234 0.025213
0.0 0.548039 0.412915 0.026234 0.023744
0.0 0.558000 0.401078 0.045406 0.025806
0.0 0.984008 0.401066 0.014328 0.012227
0.0 0.614570 0.562571 0.350859 0.278081
0.0 0.815125 0.485273 0.147187 0.151872
0.0 0.753109 0.395735 0.020188 0.027536
0.0 0.106648 0.436813 0.090641 0.062393
3.0 0.724313 0.418827 0.017094 0.019076
0.0 0.640070 0.391363 0.016391 0.014147
0.0 0.711125 0.387073 0.011906 0.014953
0.0 0.994531 0.409953 0.010937 0.052133
