0.0 0.506830 0.916536 0.023410 0.050134
0.0 0.400897 0.470693 0.009273 0.017824
0.0 0.386949 0.410851 0.007727 0.014853
0.0 0.353888 0.305838 0.004749 0.011699
0.0 0.486587 0.948138 0.037132 0.103724
0.0 0.460048 0.863708 0.036605 0.129454
0.0 0.490243 0.862635 0.014363 0.037884
0.0 0.467586 0.801109 0.028800 0.042509
0.0 0.449867 0.719340 0.030270 0.078738
0.0 0.425327 0.646850 0.019904 0.069091
0.0 0.454955 0.631843 0.024089 0.066856
0.0 0.440253 0.588907 0.022317 0.058311
4.0 0.439237 0.670278 0.006409 0.017457
3.0 0.439312 0.636652 0.005089 0.020059
0.0 0.409305 0.606884 0.009613 0.026185
0.0 0.400258 0.596839 0.008180 0.026001
4.0 0.515387 0.985473 0.012478 0.026552
3.0 0.406590 0.539998 0.004976 0.017273
3.0 0.404667 0.492621 0.003431 0.014302
4.0 0.388005 0.472347 0.004976 0.017273
0.0 0.380917 0.439639 0.014702 0.046244
0.0 0.365347 0.304367 0.007954 0.020427
