3.0 0.564359 0.295059 0.038469 0.055859
3.0 0.580820 0.306765 0.013797 0.041529
0.0 0.593945 0.281447 0.101766 0.077906
0.0 0.670594 0.274141 0.096594 0.070729
0.0 0.072297 0.231588 0.053062 0.040353
0.0 0.122586 0.263271 0.136453 0.093271
0.0 0.279852 0.237176 0.095859 0.038682
0.0 0.444125 0.529224 0.741656 0.564047
0.0 0.025609 0.271412 0.051219 0.126306
0.0 0.060586 0.255094 0.022391 0.010706
0.0 0.927039 0.307412 0.106578 0.101224
0.0 0.039969 0.214753 0.053531 0.033318
0.0 0.798406 0.382812 0.389250 0.324165
1.0 0.340484 0.230682 0.036031 0.041176
0.0 0.630891 0.283659 0.098062 0.079082
0.0 0.501563 0.264706 0.993750 0.143529
