0.0 0.834865 0.481867 0.330271 0.178297
0.0 0.573688 0.506711 0.226625 0.102859
0.0 0.085594 0.456086 0.136021 0.032172
0.0 0.461313 0.455383 0.068833 0.032266
0.0 0.475875 0.452969 0.058667 0.023406
3.0 0.476906 0.595906 0.304896 0.260437
3.0 0.160010 0.585305 0.306688 0.216766
3.0 0.847573 0.605969 0.220396 0.292281
3.0 0.019708 0.547367 0.039416 0.113828
0.0 0.020802 0.481945 0.041604 0.039203
0.0 0.283000 0.499219 0.402250 0.143406
1.0 0.612396 0.442703 0.101667 0.026656
1.0 0.666146 0.442906 0.096417 0.034000
1.0 0.113271 0.456156 0.077375 0.032188
0.0 0.164969 0.462328 0.165271 0.032000
