0.0 0.314031 0.842543 0.519090 0.199261
0.0 0.799348 0.747167 0.115483 0.145716
0.0 0.298402 0.705209 0.046831 0.077747
4.0 0.095905 0.715845 0.083332 0.108009
4.0 0.184662 0.749078 0.181056 0.156287
3.0 0.315824 0.725322 0.042390 0.052764
3.0 0.589648 0.730300 0.030767 0.062636
4.0 0.703323 0.708880 0.042476 0.082697
4.0 0.518298 0.722169 0.046910 0.105186
0.0 0.171626 0.724015 0.083281 0.090549
0.0 0.442494 0.743931 0.147633 0.183422
0.0 0.347954 0.695680 0.042454 0.075213
0.0 0.041203 0.744035 0.016201 0.062504
3.0 0.930130 0.855613 0.067474 0.165234
