0.0 0.867221 0.730124 0.187910 0.449553
0.0 0.554808 0.558255 0.325064 0.407346
0.0 0.239849 0.277586 0.209626 0.259700
0.0 0.118306 0.172011 0.071845 0.136329
0.0 0.091474 0.099514 0.089059 0.085182
0.0 0.267367 0.084781 0.042723 0.030426
0.0 0.721778 0.841819 0.190253 0.238678
0.0 0.431931 0.739632 0.215050 0.248219
0.0 0.232287 0.481928 0.127365 0.160768
0.0 0.273126 0.425478 0.074881 0.141414
0.0 0.134741 0.349672 0.102353 0.144011
0.0 0.074582 0.276437 0.061657 0.084990
0.0 0.083755 0.212168 0.073298 0.088489
0.0 0.193082 0.338300 0.042135 0.107132
0.0 0.280427 0.423756 0.080376 0.132337
0.0 0.369479 0.306729 0.046184 0.097920
0.0 0.693251 0.535156 0.087096 0.164158
0.0 0.455372 0.343798 0.096648 0.097894
0.0 0.398484 0.403555 0.031725 0.096553
4.0 0.385463 0.354075 0.023416 0.059786
0.0 0.200429 0.141176 0.044313 0.035374
0.0 0.186402 0.125376 0.050601 0.052761
0.0 0.253058 0.126852 0.056097 0.043684
