0.0 0.285164 0.548212 0.059203 0.086118
1.0 0.299602 0.417012 0.026047 0.044753
0.0 0.295352 0.486671 0.050859 0.048682
0.0 0.433477 0.476871 0.040141 0.044282
0.0 0.500305 0.492118 0.067297 0.038918
0.0 0.354695 0.470706 0.020016 0.034871
0.0 0.338250 0.456259 0.025781 0.033835
0.0 0.377563 0.437129 0.022125 0.012894
0.0 0.375148 0.478141 0.036578 0.050729
0.0 0.305703 0.431059 0.020469 0.032047
0.0 0.251688 0.534353 0.028594 0.060518
0.0 0.650586 0.483976 0.074328 0.046918
0.0 0.230367 0.408647 0.014266 0.018282
0.0 0.013898 0.505635 0.027766 0.038188
0.0 0.334375 0.440000 0.178125 0.103529
