0.0 0.952844 0.501816 0.094312 0.255991
0.0 0.459320 0.281344 0.049516 0.041132
0.0 0.959797 0.282017 0.041688 0.029222
3.0 0.333891 0.446297 0.118219 0.175472
0.0 0.506891 0.270224 0.077000 0.043231
0.0 0.638203 0.276557 0.055719 0.045000
3.0 0.533750 0.402677 0.048562 0.123325
3.0 0.807031 0.478774 0.174781 0.285094
3.0 0.728297 0.493255 0.029156 0.127170
1.0 0.811055 0.268502 0.051109 0.039269
0.0 0.952125 0.500967 0.095750 0.269528
0.0 0.774070 0.272182 0.038578 0.031675
0.0 0.580844 0.287417 0.073406 0.059458
0.0 0.843844 0.287877 0.056719 0.044198
0.0 0.732891 0.267028 0.028063 0.017925
0.0 0.922938 0.270318 0.029187 0.025873
0.0 0.511945 0.304210 0.094422 0.068797
3.0 0.522773 0.525153 0.066141 0.145448
0.0 0.959828 0.257677 0.032844 0.014976
0.0 0.894531 0.262972 0.035937 0.054245
