4.0 0.282813 0.647222 0.206250 0.630556
0.0 0.517188 0.580556 0.290625 0.513889
0.0 0.192187 0.311111 0.135937 0.255556
0.0 0.275000 0.288889 0.056250 0.108333
0.0 0.414062 0.352778 0.121875 0.177778
4.0 0.109375 0.325000 0.048438 0.161111
0.0 0.681250 0.486111 0.089063 0.172222
0.0 0.825781 0.330556 0.348438 0.200000
4.0 0.928125 0.261111 0.078125 0.127778
4.0 0.537500 0.236111 0.017188 0.063889
4.0 0.015625 0.355556 0.029687 0.161111
0.0 0.326562 0.333333 0.071875 0.125000
3.0 0.330469 0.766667 0.104688 0.355556
3.0 0.829687 0.818056 0.250000 0.347222
0.0 0.389062 0.244444 0.087500 0.061111
0.0 0.239062 0.418056 0.106250 0.158333
