4.0 0.375374 0.436380 0.048917 0.059575
4.0 0.447856 0.450478 0.041149 0.056471
4.0 0.409621 0.536738 0.050059 0.122262
4.0 0.637953 0.440494 0.043108 0.083846
1.0 0.766643 0.406463 0.035353 0.038528
1.0 0.688662 0.483230 0.070705 0.077056
1.0 0.526322 0.444104 0.019213 0.027143
1.0 0.478111 0.489013 0.030658 0.051181
1.0 0.431067 0.510804 0.032523 0.056587
0.0 0.643428 0.791016 0.056270 0.101443
1.0 0.812393 0.765502 0.159523 0.150660
4.0 0.459853 0.569869 0.032321 0.054862
1.0 0.154799 0.974270 0.124922 0.051460
1.0 0.291867 0.609300 0.049065 0.071423
0.0 0.345378 0.637430 0.034239 0.050146
