0.0 0.687359 0.913479 0.055625 0.042708
0.0 0.255875 0.915208 0.256719 0.031333
0.0 0.416008 0.915104 0.328578 0.041458
0.0 0.470883 0.914406 0.029609 0.029021
0.0 0.408039 0.914156 0.047141 0.039229
0.0 0.210063 0.907219 0.028625 0.030771
0.0 0.720086 0.908604 0.024953 0.025792
0.0 0.643742 0.912802 0.054828 0.042729
0.0 0.606328 0.914104 0.046469 0.036125
0.0 0.194172 0.906667 0.053938 0.043750
0.0 0.757109 0.911635 0.037937 0.029813
0.0 0.523422 0.913198 0.035750 0.033771
0.0 0.578578 0.910531 0.026469 0.027271
0.0 0.104688 0.908333 0.065625 0.037500
0.0 0.275781 0.912500 0.045312 0.029167
