3.0 0.093133 0.832480 0.186266 0.265524
1.0 0.523453 0.653770 0.287250 0.314315
0.0 0.809375 0.760403 0.178281 0.158508
0.0 0.927687 0.755665 0.144625 0.238185
0.0 0.189297 0.719103 0.120156 0.121351
0.0 0.364273 0.573165 0.056109 0.086008
0.0 0.256750 0.345242 0.065094 0.065887
0.0 0.217688 0.281855 0.039000 0.049355
0.0 0.167781 0.180534 0.026219 0.033004
0.0 0.158789 0.170302 0.023859 0.034073
0.0 0.325742 0.703942 0.116516 0.121391
0.0 0.056180 0.630161 0.111078 0.073226
0.0 0.049281 0.583548 0.098562 0.056694
1.0 0.055391 0.299657 0.037875 0.027702
0.0 0.057289 0.541220 0.114578 0.069738
3.0 0.081562 0.835292 0.163125 0.204012
0.0 0.710852 0.744123 0.116609 0.133367
0.0 0.446875 0.439516 0.890625 0.697581
0.0 0.333594 0.393145 0.123438 0.052419
0.0 0.044531 0.709677 0.085938 0.092742
0.0 0.182031 0.207661 0.035937 0.040323
