3.0 0.751680 0.586635 0.312078 0.302021
3.0 0.242266 0.527302 0.209656 0.155937
3.0 0.452953 0.529406 0.121344 0.205229
3.0 0.359531 0.472302 0.136688 0.092604
3.0 0.834023 0.518583 0.148109 0.088417
3.0 0.614594 0.545854 0.312063 0.224750
3.0 0.457062 0.480542 0.146687 0.156250
3.0 0.053133 0.469156 0.100641 0.104104
0.0 0.899695 0.438990 0.116422 0.060604
3.0 0.917437 0.637979 0.165125 0.352375
3.0 0.261898 0.501167 0.055766 0.039625
3.0 0.160297 0.508813 0.056500 0.104167
3.0 0.112883 0.479010 0.067016 0.095229
3.0 0.760156 0.438542 0.051562 0.056250
