0.0 0.372547 0.759177 0.164344 0.192604
0.0 0.687719 0.722427 0.054562 0.052229
0.0 0.615648 0.686063 0.017234 0.026042
0.0 0.597281 0.677635 0.022531 0.021896
0.0 0.682719 0.702990 0.047969 0.049729
0.0 0.457273 0.750583 0.050391 0.106917
0.0 0.813844 0.722302 0.061156 0.070187
0.0 0.622055 0.693240 0.013891 0.027146
0.0 0.732938 0.699344 0.021031 0.059813
0.0 0.574969 0.678865 0.024656 0.029854
1.0 0.474273 0.683833 0.039797 0.040500
0.0 0.281195 0.738760 0.064828 0.099271
0.0 0.812648 0.724562 0.066172 0.071833
0.0 0.553336 0.674563 0.016203 0.018000
1.0 0.780758 0.714135 0.042641 0.065396
1.0 0.463578 0.650885 0.035875 0.017146
1.0 0.660766 0.690948 0.045719 0.063854
1.0 0.576312 0.671802 0.021250 0.030354
1.0 0.078055 0.651802 0.014984 0.014771
0.0 0.011719 0.742708 0.020313 0.035417
