3.0 0.102711 0.783344 0.126234 0.168313
3.0 0.230477 0.764292 0.119141 0.136667
3.0 0.337180 0.736458 0.105828 0.171708
3.0 0.441602 0.748563 0.114234 0.120667
3.0 0.522609 0.736427 0.083531 0.110646
3.0 0.607883 0.727187 0.107922 0.107292
3.0 0.673547 0.720437 0.082937 0.097167
3.0 0.694992 0.696156 0.108766 0.106771
3.0 0.927055 0.672510 0.075953 0.082604
3.0 0.748648 0.686604 0.051984 0.110708
3.0 0.890437 0.685198 0.045531 0.065271
3.0 0.876219 0.697833 0.026156 0.050292
3.0 0.971875 0.666667 0.056250 0.079167
