4.0 0.962500 0.808333 0.070312 0.206250
4.0 0.870313 0.962500 0.098437 0.070833
4.0 0.765625 0.895833 0.090625 0.202083
4.0 0.826562 0.766667 0.070312 0.087500
4.0 0.750000 0.727083 0.079687 0.133333
3.0 0.823438 0.683333 0.046875 0.085417
3.0 0.757812 0.541667 0.031250 0.075000
4.0 0.714063 0.520833 0.046875 0.147917
4.0 0.953125 0.627083 0.085938 0.081250
4.0 0.970313 0.447917 0.054688 0.104167
3.0 0.910937 0.447917 0.056250 0.058333
4.0 0.823438 0.443750 0.040625 0.064583
4.0 0.753125 0.366667 0.035937 0.068750
4.0 0.657813 0.256250 0.020313 0.033333
4.0 0.643750 0.227083 0.017188 0.018750
4.0 0.614062 0.175000 0.014063 0.033333
4.0 0.635938 0.210417 0.015625 0.014583
4.0 0.600000 0.175000 0.010937 0.022917
4.0 0.582812 0.145833 0.009375 0.020833
0.0 0.585938 0.687500 0.200000 0.610417
0.0 0.375000 0.883333 0.168750 0.227083
0.0 0.150000 0.937500 0.203125 0.114583
0.0 0.276562 0.752083 0.143750 0.239583
0.0 0.434375 0.595833 0.125000 0.227083
0.0 0.315625 0.579167 0.085938 0.122917
3.0 0.670312 0.362500 0.037500 0.041667
0.0 0.596875 0.318750 0.101562 0.116667
0.0 0.471875 0.420833 0.062500 0.114583
0.0 0.523438 0.368750 0.028125 0.110417
0.0 0.501563 0.295833 0.042188 0.031250
0.0 0.507812 0.250000 0.035937 0.054167
0.0 0.568750 0.227083 0.053125 0.068750
0.0 0.557813 0.177083 0.035937 0.031250
0.0 0.554688 0.147917 0.039062 0.022917
0.0 0.515625 0.170833 0.031250 0.066667
0.0 0.381250 0.379167 0.107813 0.208333
0.0 0.453125 0.310417 0.015625 0.072917
0.0 0.462500 0.260417 0.035937 0.022917
0.0 0.464062 0.202083 0.051562 0.083333
0.0 0.492188 0.154167 0.015625 0.012500
0.0 0.326562 0.293750 0.054688 0.045833
0.0 0.071094 0.660417 0.142187 0.241667
0.0 0.182812 0.458333 0.120313 0.125000
