0.0 0.501538 0.659812 0.056596 0.038687
0.0 0.159636 0.673148 0.160915 0.060984
0.0 0.254671 0.648172 0.041596 0.020969
0.0 0.670857 0.676859 0.135986 0.051062
0.0 0.648415 0.664680 0.135939 0.043984
0.0 0.614777 0.658281 0.091808 0.036750
0.0 0.048040 0.650195 0.047207 0.013578
0.0 0.574977 0.642805 0.024648 0.008328
0.0 0.250411 0.655531 0.500775 0.046875
0.0 0.090998 0.650211 0.039319 0.028203
0.0 0.513345 0.637805 0.041009 0.011703
0.0 0.320669 0.646125 0.046831 0.027937
0.0 0.328815 0.633398 0.095047 0.041797
0.0 0.434272 0.651563 0.098592 0.031250
0.0 0.011737 0.657813 0.018779 0.040625
