0.0 0.295312 0.886111 0.554688 0.222222
0.0 0.443750 0.777778 0.171875 0.225000
0.0 0.821875 0.772222 0.132812 0.172222
3.0 0.595313 0.738889 0.031250 0.100000
4.0 0.720313 0.733333 0.043750 0.094444
4.0 0.520312 0.747222 0.054688 0.122222
0.0 0.146875 0.747222 0.092188 0.111111
4.0 0.165625 0.791667 0.212500 0.169444
0.0 0.282813 0.733333 0.045312 0.088889
0.0 0.329688 0.719444 0.059375 0.086111
0.0 0.153125 0.750000 0.084375 0.133333
3.0 0.304688 0.738889 0.045312 0.091667
0.0 0.276562 0.675000 0.018750 0.022222
4.0 0.067187 0.741667 0.090625 0.141667
0.0 0.106250 0.697222 0.018750 0.030556
3.0 0.962500 0.894444 0.071875 0.177778
0.0 0.007812 0.776389 0.015624 0.058333
