3.0 0.754477 0.894988 0.032953 0.101318
3.0 0.840828 0.939471 0.040688 0.091035
0.0 0.297023 0.844565 0.169047 0.222353
0.0 0.104859 0.707212 0.180969 0.204965
0.0 0.418555 0.668965 0.127109 0.146306
0.0 0.262531 0.582588 0.122687 0.133553
0.0 0.557539 0.859553 0.159672 0.191012
0.0 0.834781 0.698694 0.132250 0.199976
0.0 0.377672 0.439176 0.074406 0.107482
0.0 0.055984 0.449165 0.087344 0.145671
0.0 0.085367 0.427376 0.076453 0.117624
0.0 0.518930 0.504459 0.050047 0.112400
0.0 0.668375 0.549376 0.077312 0.126235
1.0 0.022805 0.162565 0.045422 0.116800
0.0 0.838562 0.474612 0.090719 0.130400
3.0 0.730031 0.623247 0.043750 0.109788
0.0 0.672141 0.231506 0.046531 0.067576
0.0 0.031375 0.469259 0.062750 0.160306
1.0 0.810445 0.048388 0.025016 0.050894
3.0 0.843977 0.101541 0.007391 0.021247
1.0 0.587516 0.206200 0.057906 0.067788
0.0 0.042383 0.298294 0.084766 0.110329
0.0 0.459375 0.267059 0.915625 0.534118
0.0 0.675000 0.472941 0.081250 0.112941
0.0 0.035156 0.957647 0.067187 0.080000
3.0 0.960938 0.290588 0.040625 0.044706
