3.0 0.239062 0.808333 0.198437 0.377778
3.0 0.810156 0.894444 0.379688 0.205556
0.0 0.917188 0.341667 0.160938 0.336111
0.0 0.678125 0.344444 0.253125 0.308333
0.0 0.418750 0.358333 0.270313 0.336111
0.0 0.137500 0.455556 0.267188 0.388889
0.0 0.135938 0.330556 0.254688 0.236111
0.0 0.031250 0.216667 0.060937 0.102778
0.0 0.085938 0.169444 0.046875 0.077778
0.0 0.175000 0.244444 0.150000 0.188889
0.0 0.232812 0.241667 0.090625 0.202778
0.0 0.032813 0.108333 0.062500 0.147222
0.0 0.495313 0.255556 0.123438 0.205556
0.0 0.414062 0.191667 0.164062 0.052778
0.0 0.390625 0.161111 0.103125 0.044444
0.0 0.725000 0.283333 0.167187 0.250000
0.0 0.896875 0.191667 0.162500 0.075000
0.0 0.871094 0.134722 0.257812 0.175000
0.0 0.390625 0.152778 0.092188 0.063889
4.0 0.668750 0.141667 0.021875 0.050000
4.0 0.645313 0.147222 0.025000 0.052778
4.0 0.617188 0.147222 0.025000 0.066667
4.0 0.543750 0.152778 0.031250 0.061111
4.0 0.478125 0.150000 0.028125 0.033333
