0.0 0.559817 0.405445 0.197062 0.366294
4.0 0.767197 0.396564 0.130085 0.205719
4.0 0.920843 0.422853 0.158313 0.299541
0.0 0.778774 0.300773 0.173797 0.149101
0.0 0.037287 0.555382 0.074575 0.127931
0.0 0.030610 0.594156 0.061220 0.168999
0.0 0.013842 0.476842 0.027683 0.096599
0.0 0.075514 0.458123 0.108674 0.120891
0.0 0.172712 0.447506 0.021679 0.045071
0.0 0.197257 0.431231 0.051275 0.106994
1.0 0.367751 0.457111 0.335152 0.481861
3.0 0.794687 0.429946 0.062509 0.102246
0.0 0.049922 0.505648 0.093226 0.092261
