4.0 0.528125 0.613889 0.282813 0.497222
4.0 0.834375 0.716667 0.209375 0.561111
3.0 0.732812 0.522222 0.131250 0.372222
3.0 0.792187 0.388889 0.071875 0.205556
0.0 0.589062 0.400000 0.220312 0.172222
0.0 0.495313 0.416667 0.093750 0.155556
0.0 0.337500 0.433333 0.289062 0.316667
3.0 0.170312 0.413889 0.032813 0.108333
4.0 0.117188 0.438889 0.084375 0.250000
4.0 0.048438 0.477778 0.079687 0.283333
4.0 0.053125 0.355556 0.059375 0.141667
0.0 0.109375 0.311111 0.082812 0.077778
0.0 0.916406 0.241667 0.167187 0.383333
3.0 0.610156 0.713889 0.107813 0.288889
3.0 0.143750 0.481944 0.040625 0.152778
3.0 0.807031 0.895833 0.139063 0.197222
