0.0 0.808594 0.793056 0.382812 0.413888
0.0 0.595313 0.694444 0.071875 0.230556
0.0 0.312500 0.622222 0.162500 0.150000
0.0 0.562500 0.588889 0.040625 0.075000
0.0 0.103125 0.938889 0.203125 0.116667
0.0 0.478125 0.822222 0.128125 0.213889
0.0 0.140625 0.783333 0.129688 0.144444
0.0 0.175000 0.691667 0.092188 0.066667
0.0 0.307813 0.858333 0.181250 0.211111
0.0 0.409375 0.738889 0.085938 0.116667
0.0 0.462500 0.669444 0.048438 0.066667
0.0 0.123437 0.705556 0.051562 0.083333
0.0 0.522656 0.688889 0.051562 0.077778
