0.0 0.409375 0.692935 0.332813 0.521739
0.0 0.139063 0.521739 0.260937 0.423913
0.0 0.543750 0.451087 0.184375 0.668478
0.0 0.735938 0.383152 0.170313 0.440217
0.0 0.370312 0.317935 0.162500 0.258152
0.0 0.259375 0.173913 0.351562 0.179348
0.0 0.962500 0.711957 0.068750 0.103261
0.0 0.968750 0.875000 0.056250 0.230978
3.0 0.800000 0.054348 0.021875 0.070652
4.0 0.848437 0.051630 0.028125 0.070652
4.0 0.871875 0.046196 0.026562 0.073370
0.0 0.233594 0.333333 0.132812 0.169399
0.0 0.067969 0.312842 0.135937 0.117486
0.0 0.027344 0.419399 0.054688 0.133880
0.0 0.783594 0.180328 0.364063 0.185792
0.0 0.858594 0.251366 0.139063 0.114754
0.0 0.834375 0.957650 0.159375 0.084699
