3.0 0.547758 0.474156 0.562922 0.629229
3.0 0.822227 0.305510 0.355546 0.451729
3.0 0.626516 0.164344 0.237750 0.185896
3.0 0.082367 0.272625 0.108859 0.258042
3.0 0.296008 0.202479 0.086859 0.237375
3.0 0.385016 0.195729 0.102875 0.099458
3.0 0.421148 0.145427 0.100891 0.136479
3.0 0.753602 0.122958 0.061453 0.143708
3.0 0.155438 0.153323 0.037000 0.086979
3.0 0.336945 0.131260 0.042297 0.064021
3.0 0.973109 0.100156 0.053781 0.108812
3.0 0.559453 0.111469 0.103219 0.071771
3.0 0.474102 0.153646 0.048391 0.089500
