0.0 0.935828 0.708323 0.055563 0.056266
0.0 0.859859 0.701076 0.076156 0.053734
0.0 0.079297 0.687896 0.033594 0.075601
0.0 0.106430 0.666883 0.025734 0.047816
3.0 0.115594 0.720665 0.015125 0.043861
0.0 0.803531 0.695111 0.034500 0.035158
0.0 0.718586 0.682389 0.056828 0.046487
0.0 0.898531 0.704684 0.031656 0.055443
0.0 0.445617 0.656535 0.023484 0.017437
0.0 0.836016 0.665839 0.087250 0.087753
0.0 0.746766 0.645791 0.069219 0.047658
1.0 0.775563 0.682627 0.058625 0.048544
1.0 0.921758 0.651788 0.078203 0.058829
0.0 0.389234 0.675396 0.035875 0.041487
0.0 0.630859 0.675475 0.029531 0.023165
0.0 0.770000 0.674051 0.048344 0.036392
0.0 0.771875 0.689051 0.021313 0.035000
3.0 0.155367 0.868671 0.017609 0.117532
