0.0 0.948570 0.783302 0.054359 0.050521
0.0 0.381578 0.751406 0.062969 0.036396
0.0 0.173789 0.746344 0.056953 0.030062
0.0 0.895703 0.762302 0.050062 0.025396
0.0 0.793672 0.763281 0.027687 0.018729
0.0 0.813586 0.763646 0.042016 0.017625
0.0 0.662258 0.756271 0.022641 0.017583
1.0 0.738484 0.756375 0.038094 0.068875
1.0 0.380961 0.752417 0.063734 0.031542
1.0 0.173828 0.745854 0.057719 0.029500
0.0 0.689805 0.766250 0.041422 0.042042
0.0 0.344797 0.754896 0.012406 0.008167
0.0 0.663258 0.769094 0.015047 0.026854
1.0 0.687625 0.765990 0.039062 0.043479
