4.0 0.536392 0.601836 0.168504 0.302889
0.0 0.228208 0.502750 0.139226 0.138933
0.0 0.084587 0.429564 0.082429 0.242037
3.0 0.383714 0.509520 0.070256 0.110650
0.0 0.791572 0.530712 0.052527 0.065533
4.0 0.750182 0.529257 0.029409 0.081813
4.0 0.707997 0.515031 0.032247 0.082259
0.0 0.677412 0.497571 0.029453 0.054432
0.0 0.728439 0.477781 0.041134 0.091127
0.0 0.765449 0.481076 0.033041 0.069935
4.0 0.835801 0.532615 0.034959 0.080196
0.0 0.797953 0.488721 0.016355 0.017513
4.0 0.940031 0.564193 0.032247 0.082259
0.0 0.482058 0.487060 0.037547 0.075624
4.0 0.611654 0.497339 0.048683 0.129663
4.0 0.554283 0.500956 0.060407 0.138977
0.0 0.549440 0.454669 0.075350 0.071615
0.0 0.421724 0.492740 0.085781 0.083215
4.0 0.327343 0.493060 0.070256 0.110650
0.0 0.284572 0.433217 0.128965 0.102461
4.0 0.195240 0.446978 0.074306 0.078920
4.0 0.149718 0.442344 0.037671 0.078134
3.0 0.562578 0.650217 0.103091 0.148185
