0.0 0.832812 0.472222 0.228125 0.244444
0.0 0.989062 0.455556 0.017188 0.075000
0.0 0.510938 0.497222 0.050000 0.055556
0.0 0.593750 0.500000 0.064062 0.058333
4.0 0.648438 0.477778 0.026562 0.038889
4.0 0.664062 0.472222 0.018750 0.041667
0.0 0.420312 0.511111 0.031250 0.058333
0.0 0.268750 0.525000 0.053125 0.069444
0.0 0.326562 0.594444 0.264062 0.155556
4.0 0.214062 0.544444 0.037500 0.102778
4.0 0.157812 0.547222 0.028125 0.091667
0.0 0.071875 0.727778 0.143750 0.538889
0.0 0.282031 0.483333 0.242188 0.116667
