0.0 0.125602 0.342471 0.067516 0.082927
1.0 0.419008 0.282658 0.059578 0.029813
1.0 0.400570 0.317658 0.063141 0.040562
0.0 0.813664 0.277799 0.038172 0.044122
0.0 0.016383 0.353372 0.032766 0.046979
0.0 0.621031 0.293337 0.072594 0.038384
0.0 0.564312 0.297436 0.030375 0.043068
0.0 0.464031 0.300948 0.061313 0.044286
0.0 0.356000 0.341827 0.072250 0.041171
0.0 0.439625 0.311475 0.049312 0.039813
0.0 0.775734 0.279941 0.043156 0.042459
0.0 0.065125 0.349251 0.052969 0.054801
0.0 0.179852 0.354953 0.032297 0.042037
0.0 0.505758 0.299941 0.036641 0.035574
0.0 0.897930 0.271874 0.036234 0.049087
0.0 0.375656 0.327155 0.045937 0.034871
0.0 0.506250 0.426230 0.978125 0.341920
