0.0 0.433305 0.665271 0.180436 0.203054
0.0 0.281362 0.628643 0.100982 0.128619
0.0 0.192001 0.623889 0.077521 0.104154
0.0 0.094612 0.673109 0.182147 0.374734
3.0 0.727602 0.709983 0.082673 0.080247
0.0 0.881129 0.702878 0.039664 0.056264
0.0 0.947327 0.718700 0.024255 0.046331
4.0 0.915988 0.704129 0.011768 0.034012
4.0 0.971606 0.718739 0.013577 0.042386
3.0 0.833166 0.686402 0.006739 0.019826
0.0 0.842333 0.684708 0.006541 0.014360
3.0 0.621691 0.659417 0.008250 0.019999
0.0 0.964383 0.771432 0.026337 0.103732
