3.0 0.494680 0.873454 0.031297 0.137400
0.0 0.529188 0.682541 0.079563 0.084473
0.0 0.661156 0.740445 0.146937 0.101124
0.0 0.172391 0.846077 0.206906 0.249438
0.0 0.322727 0.788946 0.045453 0.104075
0.0 0.331086 0.781159 0.052859 0.092201
0.0 0.280234 0.791897 0.088375 0.145808
0.0 0.405328 0.714625 0.036531 0.055714
0.0 0.450766 0.729227 0.069500 0.063794
0.0 0.910437 0.747646 0.072688 0.063817
0.0 0.339406 0.755550 0.075781 0.103700
0.0 0.362234 0.723595 0.023062 0.037026
0.0 0.731313 0.709098 0.028937 0.030749
0.0 0.972648 0.745164 0.054703 0.098759
0.0 0.804563 0.727084 0.046062 0.050047
0.0 0.467305 0.673630 0.040734 0.057143
0.0 0.778906 0.721311 0.029687 0.042155
0.0 0.761719 0.711944 0.035937 0.046838
0.0 0.370313 0.747073 0.034375 0.079625
