3.0 0.803547 0.587375 0.129562 0.307841
3.0 0.520047 0.699834 0.047500 0.145116
3.0 0.533664 0.626910 0.133703 0.285914
3.0 0.454992 0.621346 0.096172 0.294385
3.0 0.419594 0.610648 0.088188 0.296179
3.0 0.233656 0.595299 0.096250 0.230997
3.0 0.200148 0.595482 0.061422 0.212292
3.0 0.301016 0.615963 0.067375 0.222027
3.0 0.383586 0.623605 0.111391 0.243754
3.0 0.652625 0.687641 0.220875 0.462924
3.0 0.338758 0.620066 0.069891 0.234751
3.0 0.892313 0.614203 0.158187 0.451993
3.0 0.820297 0.651944 0.111156 0.348073
0.0 0.133625 0.596146 0.103875 0.186113
3.0 0.400000 0.654485 0.793750 0.332226
3.0 0.978906 0.700997 0.039062 0.332226
