0.0 0.116406 0.598437 0.187500 0.298438
1.0 0.268750 0.507812 0.196875 0.392188
0.0 0.385156 0.828906 0.159375 0.309375
0.0 0.449219 0.572656 0.106250 0.192188
0.0 0.464063 0.404687 0.079687 0.148438
0.0 0.456250 0.260937 0.059375 0.107813
0.0 0.353125 0.275781 0.060937 0.100000
0.0 0.290625 0.255469 0.067187 0.126562
0.0 0.268750 0.175000 0.054688 0.079687
0.0 0.332812 0.157812 0.045312 0.068750
0.0 0.373437 0.153125 0.039062 0.065625
0.0 0.383594 0.100000 0.031250 0.046875
0.0 0.421875 0.106250 0.042188 0.071875
0.0 0.435937 0.160156 0.043750 0.068750
0.0 0.446875 0.204687 0.054688 0.062500
