0.0 0.387500 0.605556 0.489063 0.436111
0.0 0.360938 0.458333 0.360938 0.241667
0.0 0.128906 0.451389 0.257812 0.263889
0.0 0.239063 0.325000 0.185938 0.097222
0.0 0.373437 0.327778 0.131250 0.100000
0.0 0.801562 0.616667 0.362500 0.475000
0.0 0.625000 0.383333 0.182812 0.158333
0.0 0.939063 0.402778 0.118750 0.252778
0.0 0.479687 0.316667 0.106250 0.088889
0.0 0.739062 0.419444 0.223438 0.186111
0.0 0.684375 0.288889 0.126562 0.069444
0.0 0.773438 0.261111 0.051562 0.044444
0.0 0.541406 0.347222 0.120313 0.088889
0.0 0.821875 0.316667 0.100000 0.061111
0.0 0.864062 0.350000 0.090625 0.083333
