0.0 0.558620 0.777265 0.132878 0.311308
0.0 0.365227 0.629487 0.074158 0.133276
0.0 0.332656 0.581436 0.048727 0.085307
0.0 0.460707 0.629732 0.066938 0.164102
0.0 0.571226 0.566595 0.175641 0.218997
4.0 0.821205 0.585959 0.107268 0.183719
3.0 0.973920 0.593952 0.052160 0.109044
4.0 0.491583 0.516485 0.023756 0.070636
0.0 0.432086 0.542530 0.025830 0.054729
0.0 0.422271 0.535361 0.029499 0.065855
0.0 0.458134 0.506595 0.031573 0.049948
0.0 0.903740 0.552495 0.107746 0.140778
0.0 0.508275 0.467852 0.018301 0.029268
