0.0 0.121875 0.588281 0.193750 0.284375
0.0 0.600000 0.239063 0.071875 0.103125
0.0 0.696875 0.533594 0.134375 0.218750
0.0 0.821875 0.568750 0.117188 0.214062
0.0 0.782812 0.248438 0.059375 0.087500
0.0 0.735156 0.794531 0.192188 0.400000
0.0 0.488281 0.592969 0.148438 0.262500
0.0 0.725000 0.208594 0.064062 0.098437
0.0 0.839844 0.205469 0.056250 0.078125
0.0 0.672656 0.150000 0.059375 0.071875
0.0 0.800000 0.117188 0.042188 0.057813
0.0 0.762500 0.083594 0.039062 0.042188
0.0 0.732812 0.056250 0.029687 0.032813
0.0 0.776562 0.053906 0.021875 0.020313
