0.0 0.845833 0.487500 0.283333 0.103125
0.0 0.333333 0.476562 0.225000 0.098437
0.0 0.233333 0.439063 0.064583 0.056250
0.0 0.385417 0.439063 0.091667 0.040625
0.0 0.189583 0.435937 0.033333 0.042188
3.0 0.070833 0.431250 0.022917 0.046875
3.0 0.129167 0.435937 0.031250 0.051562
0.0 0.170833 0.423438 0.035417 0.020313
0.0 0.170833 0.410938 0.027083 0.007812
0.0 0.158333 0.403125 0.031250 0.010937
0.0 0.256250 0.414062 0.052083 0.035937
0.0 0.108333 0.418750 0.020833 0.020313
0.0 0.133333 0.403125 0.020833 0.007812
0.0 0.195833 0.410938 0.018750 0.006250
0.0 0.200000 0.412500 0.016667 0.004687
0.0 0.295833 0.409375 0.027083 0.010937
