0.0 0.957031 0.610981 0.085938 0.193925
0.0 0.857813 0.350467 0.067187 0.056075
0.0 0.796875 0.320093 0.048438 0.025701
0.0 0.785938 0.357477 0.032813 0.046729
0.0 0.742188 0.350467 0.032813 0.053738
0.0 0.598438 0.292056 0.031250 0.037383
0.0 0.545312 0.205607 0.010937 0.018692
3.0 0.528125 0.212617 0.006250 0.016355
0.0 0.496875 0.177570 0.004687 0.009346
0.0 0.506250 0.177570 0.001563 0.009346
0.0 0.897656 0.893692 0.204687 0.198598
0.0 0.743750 0.668224 0.134375 0.226636
0.0 0.657813 0.581776 0.075000 0.121495
0.0 0.639062 0.483645 0.078125 0.105140
0.0 0.590625 0.455607 0.026562 0.079439
0.0 0.589062 0.392523 0.050000 0.046729
0.0 0.564063 0.364486 0.039062 0.025701
0.0 0.553125 0.331776 0.042188 0.046729
0.0 0.521875 0.317757 0.020313 0.053738
0.0 0.520313 0.285047 0.025000 0.014019
0.0 0.510937 0.266355 0.025000 0.028037
0.0 0.489062 0.264019 0.006250 0.025701
0.0 0.484375 0.219626 0.018750 0.014019
0.0 0.478125 0.207944 0.014063 0.009346
0.0 0.660938 0.941589 0.179688 0.105140
0.0 0.598438 0.785047 0.148438 0.231308
0.0 0.576562 0.637850 0.100000 0.074766
0.0 0.551563 0.558411 0.078125 0.086449
0.0 0.554688 0.492991 0.060937 0.056075
0.0 0.518750 0.434579 0.053125 0.063084
0.0 0.496875 0.387850 0.040625 0.039720
0.0 0.509375 0.352804 0.042188 0.025701
0.0 0.479688 0.343458 0.029687 0.039720
0.0 0.482812 0.306075 0.034375 0.025701
0.0 0.468750 0.280374 0.021875 0.025701
0.0 0.471875 0.257009 0.017188 0.011682
0.0 0.464063 0.219626 0.004687 0.037383
0.0 0.432813 0.186916 0.017188 0.016355
0.0 0.410937 0.191589 0.020313 0.021028
0.0 0.439063 0.235981 0.042188 0.030374
0.0 0.415625 0.168224 0.007812 0.009346
0.0 0.429688 0.165888 0.007812 0.007009
0.0 0.398438 0.238318 0.035937 0.042056
0.0 0.425000 0.273364 0.043750 0.035047
0.0 0.417188 0.210280 0.020313 0.014019
0.0 0.425000 0.324766 0.054688 0.067757
0.0 0.389062 0.287383 0.018750 0.049065
0.0 0.353125 0.301402 0.051562 0.044393
0.0 0.335938 0.378505 0.084375 0.072430
0.0 0.270312 0.497664 0.104688 0.165888
0.0 0.184375 0.462617 0.070312 0.074766
0.0 0.195312 0.560748 0.040625 0.119159
0.0 0.134375 0.539720 0.050000 0.060748
0.0 0.139062 0.598131 0.068750 0.049065
0.0 0.173438 0.668224 0.079687 0.095794
0.0 0.082812 0.672897 0.085938 0.112150
0.0 0.129687 0.771028 0.114062 0.100467
0.0 0.101562 0.894860 0.114062 0.156542
0.0 0.081250 0.984813 0.112500 0.016355
0.0 0.273438 0.761682 0.082812 0.109813
0.0 0.275000 0.848131 0.087500 0.058411
0.0 0.051562 0.549065 0.089063 0.114486
0.0 0.117188 0.492991 0.059375 0.030374
0.0 0.298438 0.644860 0.095312 0.128505
0.0 0.431250 0.397196 0.057813 0.060748
3.0 0.425000 0.443925 0.021875 0.023364
0.0 0.393750 0.450935 0.045312 0.028037
0.0 0.400000 0.495327 0.057813 0.032710
0.0 0.373437 0.539720 0.012500 0.053738
0.0 0.412500 0.586449 0.073438 0.156542
0.0 0.473437 0.521028 0.062500 0.105140
0.0 0.417188 0.719626 0.104688 0.095794
0.0 0.429688 0.834112 0.129688 0.128505
0.0 0.340625 0.490654 0.031250 0.095794
0.0 0.276563 0.946262 0.276562 0.095794
0.0 0.018750 0.835681 0.034375 0.258216
