0.0 0.517938 0.740083 0.205437 0.125125
0.0 0.598641 0.474521 0.055375 0.055917
0.0 0.397266 0.516667 0.118687 0.057750
0.0 0.461289 0.505125 0.095234 0.057958
0.0 0.669172 0.472240 0.054906 0.062104
0.0 0.696195 0.550677 0.051172 0.077771
0.0 0.415172 0.640448 0.522469 0.238187
0.0 0.487586 0.478354 0.129828 0.069583
0.0 0.137813 0.661135 0.055563 0.087688
0.0 0.722602 0.660844 0.091984 0.108604
0.0 0.489953 0.487438 0.091594 0.070333
0.0 0.917398 0.643750 0.067391 0.083333
0.0 0.540156 0.490781 0.026062 0.047521
