0.0 0.634375 0.800000 0.587500 0.388889
0.0 0.189063 0.763889 0.220312 0.355556
0.0 0.281250 0.661111 0.143750 0.188889
0.0 0.701562 0.661111 0.321875 0.200000
0.0 0.500000 0.594444 0.159375 0.088889
0.0 0.585938 0.538889 0.059375 0.036111
0.0 0.101562 0.605556 0.067187 0.091667
0.0 0.185937 0.563889 0.073438 0.055556
0.0 0.400000 0.555556 0.092188 0.055556
0.0 0.364062 0.602778 0.103125 0.119444
0.0 0.121875 0.530556 0.031250 0.038889
3.0 0.031250 0.808333 0.056250 0.211111
0.0 0.962500 0.655556 0.075000 0.283333
0.0 0.831250 0.516667 0.337500 0.263889
