3.0 0.370508 0.751898 0.027641 0.090370
3.0 0.831141 0.777153 0.027594 0.135602
0.0 0.110609 0.786898 0.126312 0.222037
0.0 0.228102 0.571019 0.053266 0.076852
0.0 0.075352 0.573704 0.049203 0.070463
0.0 0.100125 0.560347 0.028875 0.055694
3.0 0.456047 0.829907 0.033781 0.215000
1.0 0.252750 0.512847 0.054562 0.068102
3.0 0.488312 0.805301 0.033313 0.184306
3.0 0.787086 0.790000 0.036797 0.116204
3.0 0.480844 0.858148 0.015000 0.128611
3.0 0.650922 0.727500 0.053219 0.123981
3.0 0.811109 0.789213 0.022344 0.092870
3.0 0.851969 0.766134 0.021438 0.098009
3.0 0.514320 0.829653 0.016797 0.100880
3.0 0.538617 0.785671 0.032484 0.102546
3.0 0.432273 0.809398 0.021922 0.161944
0.0 0.054437 0.863333 0.108874 0.273333
0.0 0.216055 0.605440 0.064984 0.078380
0.0 0.180430 0.515995 0.032953 0.031157
0.0 0.242297 0.555347 0.031156 0.048843
0.0 0.055195 0.591204 0.031359 0.058056
1.0 0.026023 0.595116 0.052046 0.074028
1.0 0.201422 0.500718 0.033375 0.036435
3.0 0.508492 0.736134 0.033203 0.110787
0.0 0.274281 0.511065 0.030031 0.040370
1.0 0.229453 0.570046 0.053156 0.073796
1.0 0.119227 0.551273 0.040984 0.062454
3.0 0.631250 0.638889 0.559375 0.342593
