0.0 0.842187 0.847222 0.312500 0.197222
0.0 0.875000 0.586111 0.246875 0.275000
0.0 0.612500 0.441667 0.118750 0.152778
0.0 0.714063 0.380556 0.118750 0.122222
0.0 0.576562 0.352778 0.073438 0.086111
3.0 0.225000 0.472222 0.045312 0.136111
3.0 0.301563 0.463889 0.029687 0.097222
4.0 0.351562 0.422222 0.062500 0.094444
4.0 0.357812 0.302778 0.029687 0.063889
0.0 0.434375 0.305556 0.101562 0.208333
0.0 0.834375 0.258333 0.146875 0.155556
0.0 0.553125 0.288889 0.064062 0.111111
0.0 0.621875 0.288889 0.060937 0.113889
0.0 0.493750 0.286111 0.028125 0.116667
0.0 0.509375 0.200000 0.037500 0.050000
