0.0 0.539583 0.431250 0.162500 0.078125
0.0 0.366667 0.417187 0.127083 0.065625
3.0 0.677083 0.423438 0.041667 0.065625
3.0 0.014583 0.395313 0.020833 0.060937
0.0 0.064583 0.393750 0.072917 0.050000
0.0 0.183333 0.379688 0.085417 0.087500
0.0 0.291667 0.404687 0.093750 0.053125
0.0 0.608333 0.425000 0.089583 0.068750
0.0 0.447917 0.412500 0.075000 0.054688
0.0 0.933333 0.387500 0.127083 0.062500
0.0 0.127083 0.389062 0.031250 0.043750
0.0 0.114583 0.356250 0.052083 0.046875
0.0 0.264583 0.393750 0.054167 0.040625
