0.0 0.265625 0.841667 0.200000 0.313889
0.0 0.175000 0.613889 0.092188 0.169444
0.0 0.453125 0.552778 0.171875 0.202778
0.0 0.492188 0.802778 0.142187 0.263889
4.0 0.659375 0.450000 0.053125 0.083333
0.0 0.885938 0.358333 0.157812 0.122222
0.0 0.548438 0.636111 0.131250 0.141667
0.0 0.620312 0.550000 0.112500 0.125000
0.0 0.176562 0.333333 0.050000 0.044444
0.0 0.034375 0.347222 0.040625 0.061111
0.0 0.894531 0.454167 0.064062 0.069444
0.0 0.800781 0.422222 0.082812 0.072222
0.0 0.753906 0.491667 0.110937 0.077778
