0.0 0.341781 0.711648 0.112396 0.071766
0.0 0.163500 0.675469 0.070750 0.030031
0.0 0.380854 0.677805 0.064417 0.037359
0.0 0.964437 0.742836 0.071125 0.090641
0.0 0.828531 0.720313 0.225896 0.102531
0.0 0.650771 0.701539 0.050583 0.030047
0.0 0.363396 0.652500 0.032875 0.017688
0.0 0.721292 0.674344 0.020167 0.034844
0.0 0.351646 0.644680 0.026875 0.019766
0.0 0.314042 0.616828 0.023708 0.015906
0.0 0.338115 0.639484 0.020354 0.016906
0.0 0.331385 0.631289 0.030937 0.016891
0.0 0.324021 0.624969 0.020083 0.014063
0.0 0.388542 0.657031 0.035417 0.014063
