0.0 0.806250 0.535937 0.387500 0.237500
3.0 0.552083 0.420312 0.095833 0.051562
4.0 0.877083 0.381250 0.116667 0.045312
4.0 0.747917 0.389062 0.060417 0.043750
0.0 0.281250 0.439063 0.181250 0.106250
3.0 0.397917 0.503125 0.120833 0.228125
0.0 0.658333 0.339062 0.191667 0.050000
0.0 0.227083 0.362500 0.150000 0.096875
0.0 0.352083 0.371875 0.116667 0.032813
0.0 0.481250 0.356250 0.087500 0.037500
0.0 0.943750 0.348438 0.058333 0.021875
3.0 0.580208 0.488281 0.093750 0.101562
1.0 0.055208 0.408594 0.106250 0.395313
