1.0 0.611938 0.597281 0.077812 0.102438
1.0 0.414563 0.589844 0.095375 0.106604
3.0 0.531430 0.448490 0.082391 0.070021
3.0 0.627508 0.452292 0.076297 0.065542
3.0 0.428031 0.450323 0.094063 0.062229
0.0 0.710531 0.461448 0.084500 0.108229
1.0 0.514516 0.592813 0.087375 0.106250
1.0 0.685945 0.600542 0.077922 0.108417
0.0 0.790922 0.460948 0.086094 0.117354
0.0 0.563109 0.468167 0.085156 0.125750
0.0 0.638797 0.466354 0.087813 0.125167
1.0 0.538648 0.602448 0.608391 0.218146
1.0 0.422891 0.461771 0.096531 0.125708
0.0 0.491445 0.462688 0.087078 0.124208
0.0 0.784734 0.602583 0.077187 0.106542
0.0 0.328328 0.453813 0.127250 0.118625
3.0 0.465344 0.597094 0.032594 0.094646
3.0 0.745906 0.605198 0.027844 0.116479
1.0 0.128945 0.533396 0.254203 0.290500
