0.0 0.527500 0.192194 0.441281 0.211495
0.0 0.343461 0.096520 0.109297 0.084314
0.0 0.265000 0.090895 0.045500 0.069975
3.0 0.153289 0.377684 0.303703 0.647181
3.0 0.411867 0.348309 0.290828 0.525833
3.0 0.651031 0.338431 0.251406 0.446275
3.0 0.861578 0.329167 0.246688 0.400294
0.0 0.570266 0.056679 0.084469 0.038995
0.0 0.674133 0.075760 0.077922 0.048725
3.0 0.310914 0.206127 0.067359 0.130539
0.0 0.489555 0.055380 0.046516 0.038848
0.0 0.815773 0.077022 0.064141 0.043162
0.0 0.856258 0.075429 0.037109 0.035515
