0.0 0.023836 0.414250 0.047672 0.090958
0.0 0.210039 0.410760 0.049703 0.086146
0.0 0.366141 0.397260 0.016125 0.033063
3.0 0.254203 0.755833 0.506156 0.464125
3.0 0.195227 0.627010 0.193828 0.157229
3.0 0.439328 0.622167 0.131281 0.202458
1.0 0.289570 0.384865 0.124109 0.154521
0.0 0.104914 0.424021 0.144047 0.131833
0.0 0.355375 0.397656 0.012219 0.035396
0.0 0.173438 0.401708 0.038000 0.073750
3.0 0.488617 0.565812 0.082953 0.199958
3.0 0.304031 0.580125 0.110031 0.053583
3.0 0.316406 0.512500 0.154688 0.116667
