3.0 0.264130 0.709865 0.106380 0.317387
3.0 0.119330 0.746997 0.087180 0.362643
3.0 0.937520 0.895766 0.124960 0.208468
3.0 0.045930 0.890090 0.088980 0.217658
0.0 0.852290 0.563514 0.295420 0.442042
3.0 0.402000 0.757898 0.234000 0.459459
3.0 0.583360 0.656952 0.201440 0.366216
0.0 0.774630 0.294820 0.450740 0.537087
0.0 0.392460 0.424820 0.219200 0.185315
0.0 0.189000 0.523664 0.093000 0.193694
0.0 0.048800 0.442688 0.051240 0.068138
3.0 0.149390 0.713844 0.023660 0.133273
0.0 0.229410 0.414520 0.123220 0.106637
0.0 0.143170 0.442252 0.033060 0.038198
