1.0 0.681141 0.712541 0.195125 0.221054
0.0 0.318805 0.924485 0.089609 0.122553
0.0 0.281102 0.806136 0.064516 0.088993
0.0 0.358977 0.727131 0.052078 0.065035
0.0 0.577195 0.762319 0.062578 0.075316
0.0 0.801375 0.827939 0.106344 0.102904
0.0 0.483812 0.684625 0.052062 0.062412
0.0 0.236367 0.633372 0.029547 0.042155
0.0 0.188125 0.737447 0.044562 0.073302
0.0 0.267531 0.656077 0.028281 0.047939
0.0 0.312352 0.636148 0.027641 0.031358
0.0 0.303961 0.606803 0.021297 0.031452
0.0 0.841031 0.959262 0.143313 0.056792
0.0 0.535367 0.724754 0.049328 0.062904
0.0 0.596875 0.759953 0.803125 0.470726
0.0 0.957031 0.933255 0.085938 0.128806
