0.0 0.281558 0.829375 0.058483 0.070650
0.0 0.603833 0.779550 0.026900 0.033700
0.0 0.452092 0.783937 0.028283 0.036875
0.0 0.871217 0.840000 0.143800 0.063350
0.0 0.518208 0.790987 0.043883 0.072875
0.0 0.576267 0.778262 0.028800 0.032425
0.0 0.431383 0.805700 0.041167 0.030250
0.0 0.056658 0.845375 0.113317 0.147250
1.0 0.583908 0.796050 0.095483 0.070200
1.0 0.559958 0.772525 0.024017 0.040700
0.0 0.631083 0.845713 0.189167 0.111775
1.0 0.493075 0.804675 0.087850 0.058550
1.0 0.676975 0.774225 0.077483 0.034000
1.0 0.652192 0.771462 0.048350 0.042575
0.0 0.341667 0.827500 0.030000 0.060000
