0.0 0.079688 0.744444 0.154688 0.469444
3.0 0.410937 0.933333 0.246875 0.127778
3.0 0.737500 0.830556 0.082812 0.208333
0.0 0.184375 0.577778 0.137500 0.138889
0.0 0.335938 0.622222 0.204687 0.230556
0.0 0.579688 0.700000 0.212500 0.280556
0.0 0.690625 0.575000 0.068750 0.100000
0.0 0.153125 0.436111 0.303125 0.216667
0.0 0.423438 0.463889 0.121875 0.105556
0.0 0.543750 0.488889 0.120313 0.130556
0.0 0.465625 0.594444 0.140625 0.177778
0.0 0.906250 0.552778 0.054688 0.058333
0.0 0.848438 0.536111 0.042188 0.047222
0.0 0.957031 0.577778 0.051562 0.094444
