3.0 0.416242 0.882885 0.048859 0.066396
3.0 0.463383 0.884635 0.033578 0.059438
3.0 0.322867 0.890104 0.035922 0.056958
0.0 0.155641 0.913625 0.308063 0.150542
3.0 0.318898 0.889260 0.037859 0.049604
3.0 0.748523 0.872229 0.030609 0.059833
3.0 0.384383 0.891396 0.012422 0.048458
3.0 0.438102 0.889833 0.018734 0.055000
3.0 0.506961 0.883531 0.014172 0.055104
3.0 0.358523 0.886698 0.030766 0.058854
3.0 0.369672 0.892104 0.018719 0.048417
3.0 0.292617 0.887510 0.029766 0.061271
3.0 0.681070 0.866073 0.027422 0.051813
3.0 0.524391 0.875562 0.040781 0.086750
3.0 0.270703 0.887208 0.036562 0.050000
3.0 0.702758 0.858146 0.018078 0.078000
3.0 0.950969 0.855115 0.044469 0.049271
3.0 0.909086 0.861948 0.016891 0.029021
3.0 0.564344 0.881865 0.026156 0.059271
