4.0 0.261111 0.550000 0.397222 0.287500
3.0 0.627778 0.446875 0.091667 0.082812
0.0 0.300000 0.403125 0.380556 0.123438
0.0 0.738889 0.392188 0.083333 0.054688
0.0 0.716667 0.371875 0.066667 0.034375
0.0 0.519444 0.415625 0.058333 0.045312
4.0 0.672222 0.406250 0.036111 0.050000
4.0 0.636111 0.395313 0.033333 0.020313
4.0 0.802778 0.387500 0.022222 0.014063
4.0 0.825000 0.389062 0.019444 0.018750
4.0 0.847222 0.387500 0.022222 0.012500
0.0 0.866667 0.371875 0.025000 0.010937
0.0 0.822222 0.371875 0.044444 0.012500
4.0 0.613889 0.382812 0.019444 0.007812
4.0 0.555556 0.382812 0.022222 0.009375
4.0 0.583333 0.428125 0.080556 0.079687
4.0 0.763889 0.409375 0.058333 0.053125
0.0 0.544444 0.396875 0.033333 0.018750
4.0 0.508333 0.389062 0.036111 0.009375
4.0 0.894444 0.387500 0.030556 0.012500
4.0 0.869444 0.389062 0.025000 0.010937
4.0 0.927778 0.384375 0.019444 0.007812
0.0 0.094444 0.400000 0.050000 0.045312
3.0 0.158333 0.607031 0.183333 0.167187
