0.0 0.184375 0.683333 0.265625 0.336111
0.0 0.421875 0.450000 0.156250 0.213889
0.0 0.306250 0.900000 0.237500 0.194444
0.0 0.526563 0.955556 0.167187 0.083333
0.0 0.959375 0.691667 0.078125 0.366667
0.0 0.967187 0.411111 0.062500 0.208333
0.0 0.960938 0.250000 0.075000 0.150000
0.0 0.957812 0.133333 0.071875 0.108333
0.0 0.951562 0.052778 0.057813 0.105556
0.0 0.559375 0.216667 0.070312 0.136111
0.0 0.779687 0.150000 0.067187 0.119444
0.0 0.790625 0.066667 0.053125 0.077778
0.0 0.804688 0.013889 0.034375 0.022222
0.0 0.609375 0.097222 0.065625 0.086111
0.0 0.554688 0.216667 0.067187 0.130556
0.0 0.515625 0.138889 0.082812 0.125000
0.0 0.642188 0.191667 0.090625 0.152778
0.0 0.629687 0.672222 0.135937 0.302778
0.0 0.542188 0.433333 0.082812 0.213889
0.0 0.731250 0.066667 0.040625 0.088889
0.0 0.689063 0.036111 0.035937 0.066667
0.0 0.667188 0.086111 0.037500 0.072222
0.0 0.145313 0.491667 0.290625 0.502778
0.0 0.678125 0.350000 0.154688 0.344444
0.0 0.754687 0.244444 0.051562 0.147222
3.0 0.492188 0.250000 0.046875 0.058333
3.0 0.773438 0.441667 0.029687 0.094444
3.0 0.807813 0.275000 0.028125 0.075000
0.0 0.570312 0.055556 0.114062 0.111111
0.0 0.635938 0.016667 0.029687 0.033333
0.0 0.746094 0.031944 0.035937 0.063888
