0.0 0.185937 0.644444 0.260937 0.550000
0.0 0.332812 0.308333 0.129688 0.194444
0.0 0.392188 0.208333 0.087500 0.147222
0.0 0.410937 0.138889 0.076563 0.113889
0.0 0.470313 0.175000 0.056250 0.158333
0.0 0.728125 0.700000 0.164062 0.436111
0.0 0.578125 0.538889 0.085938 0.244444
0.0 0.662500 0.441667 0.085938 0.158333
0.0 0.565625 0.358333 0.067187 0.127778
0.0 0.635937 0.330556 0.064062 0.116667
0.0 0.612500 0.247222 0.045312 0.083333
0.0 0.545312 0.258333 0.040625 0.088889
0.0 0.503125 0.241667 0.031250 0.094444
0.0 0.496875 0.422222 0.034375 0.127778
0.0 0.495313 0.333333 0.042188 0.083333
3.0 0.623437 0.186111 0.020313 0.025000
0.0 0.595313 0.202778 0.032813 0.083333
0.0 0.550000 0.202778 0.031250 0.075000
0.0 0.543750 0.169444 0.031250 0.061111
0.0 0.582813 0.152778 0.032813 0.058333
0.0 0.504688 0.158333 0.029687 0.063889
0.0 0.506250 0.116667 0.026562 0.075000
0.0 0.579688 0.100000 0.026562 0.036111
0.0 0.567188 0.080556 0.021875 0.050000
0.0 0.545312 0.125000 0.021875 0.030556
0.0 0.540625 0.041667 0.026562 0.063889
0.0 0.496875 0.030556 0.031250 0.055556
0.0 0.457812 0.086111 0.040625 0.080556
0.0 0.975000 0.794444 0.050000 0.152778
0.0 0.914062 0.577778 0.164062 0.188889
0.0 0.823437 0.419444 0.110937 0.125000
0.0 0.926562 0.441667 0.123438 0.130556
0.0 0.940625 0.372222 0.115625 0.088889
0.0 0.760937 0.330556 0.076563 0.102778
0.0 0.826563 0.319444 0.081250 0.086111
0.0 0.851562 0.288889 0.079687 0.088889
0.0 0.948438 0.308333 0.100000 0.086111
0.0 0.923437 0.255556 0.078125 0.055556
0.0 0.984375 0.266667 0.029687 0.027778
3.0 0.960938 0.230556 0.020313 0.027778
0.0 0.859375 0.222222 0.045312 0.058333
0.0 0.814062 0.222222 0.028125 0.080556
0.0 0.901563 0.208333 0.054688 0.047222
0.0 0.881250 0.166667 0.029687 0.047222
0.0 0.851562 0.161111 0.023438 0.047222
0.0 0.839062 0.161111 0.023438 0.047222
0.0 0.810938 0.166667 0.045312 0.044444
0.0 0.765625 0.183333 0.034375 0.052778
0.0 0.715625 0.252778 0.059375 0.072222
0.0 0.692188 0.191667 0.050000 0.077778
0.0 0.726562 0.186111 0.037500 0.072222
0.0 0.651562 0.136111 0.034375 0.041667
0.0 0.695312 0.138889 0.037500 0.041667
0.0 0.732812 0.138889 0.029687 0.030556
0.0 0.739063 0.105556 0.026562 0.019444
0.0 0.635937 0.111111 0.020313 0.041667
0.0 0.657813 0.100000 0.010937 0.033333
0.0 0.618750 0.083333 0.023438 0.030556
0.0 0.732812 0.058333 0.050000 0.036111
0.0 0.690625 0.063889 0.014063 0.019444
0.0 0.565625 0.044444 0.015625 0.033333
0.0 0.350000 0.623611 0.290625 0.736111
0.0 0.985937 0.481944 0.028125 0.086111
