0.0 0.542187 0.811594 0.118750 0.293478
0.0 0.357812 0.590580 0.068750 0.119565
0.0 0.328125 0.528986 0.045312 0.076087
0.0 0.453125 0.623188 0.059375 0.155797
0.0 0.567188 0.594203 0.168750 0.177536
4.0 0.815625 0.699275 0.100000 0.163043
3.0 0.971875 0.760870 0.056250 0.097826
4.0 0.490625 0.514493 0.020313 0.068841
0.0 0.429688 0.521739 0.023438 0.050725
0.0 0.420312 0.510870 0.026562 0.061594
0.0 0.457812 0.492754 0.029687 0.043478
0.0 0.900000 0.692029 0.103125 0.115942
0.0 0.510156 0.468978 0.017188 0.025547
0.0 0.060156 0.934307 0.117188 0.124088
