3.0 0.380141 0.818543 0.311375 0.362914
3.0 0.482156 0.898322 0.146719 0.169510
0.0 0.640297 0.295699 0.047375 0.053170
0.0 0.639836 0.259161 0.025891 0.019114
0.0 0.275461 0.264044 0.542266 0.523613
3.0 0.559414 0.690478 0.093516 0.254709
3.0 0.751461 0.764044 0.144609 0.391026
3.0 0.562883 0.741911 0.056516 0.219487
3.0 0.555430 0.718473 0.063766 0.214755
3.0 0.493719 0.639814 0.123781 0.251329
3.0 0.623070 0.680641 0.085953 0.261748
3.0 0.605016 0.666643 0.041500 0.105082
0.0 0.661250 0.259231 0.016813 0.027040
3.0 0.640883 0.669487 0.037641 0.093287
0.0 0.482938 0.513683 0.401438 0.432960
0.0 0.641375 0.241166 0.012531 0.010723
0.0 0.604938 0.279627 0.020688 0.048578
0.0 0.725562 0.323706 0.045969 0.026154
