0.0 0.718320 0.628694 0.082422 0.061012
0.0 0.656047 0.633118 0.041531 0.048871
0.0 0.491555 0.665671 0.080234 0.084047
0.0 0.545195 0.669012 0.074391 0.078494
0.0 0.441836 0.664412 0.061922 0.068306
0.0 0.399438 0.662635 0.067500 0.069929
0.0 0.316047 0.662035 0.056781 0.069482
0.0 0.358883 0.662918 0.063359 0.070682
0.0 0.583836 0.669447 0.095453 0.084306
0.0 0.557445 0.623718 0.075047 0.049176
0.0 0.599195 0.627047 0.075484 0.058047
0.0 0.523875 0.616282 0.060406 0.041035
0.0 0.488297 0.617918 0.063906 0.040259
0.0 0.493750 0.581176 0.718750 0.315294
0.0 0.783594 0.632941 0.054688 0.051765
0.0 0.239844 0.658824 0.048438 0.075294
