0.0 0.743750 0.811111 0.507812 0.375000
0.0 0.692188 0.552778 0.306250 0.213889
0.0 0.465625 0.616667 0.253125 0.344444
0.0 0.050000 0.694444 0.098437 0.288889
0.0 0.146875 0.527778 0.125000 0.172222
0.0 0.145312 0.427778 0.098437 0.144444
0.0 0.243750 0.575000 0.098437 0.266667
0.0 0.360938 0.511111 0.085938 0.152778
0.0 0.271875 0.458333 0.051562 0.102778
0.0 0.221875 0.419444 0.029687 0.072222
0.0 0.285937 0.430556 0.054688 0.077778
0.0 0.295312 0.413889 0.050000 0.075000
0.0 0.778125 0.463889 0.101562 0.086111
0.0 0.687500 0.430556 0.075000 0.047222
0.0 0.596875 0.427778 0.068750 0.066667
0.0 0.557812 0.372222 0.162500 0.138889
