0.0 0.754260 0.784086 0.041354 0.036953
0.0 0.629656 0.790797 0.139313 0.053094
3.0 0.093771 0.796047 0.050875 0.062094
0.0 0.860187 0.767648 0.145417 0.106141
3.0 0.390042 0.837344 0.118083 0.048531
3.0 0.255583 0.871789 0.178125 0.058734
0.0 0.354167 0.735789 0.054000 0.020891
0.0 0.131271 0.726820 0.164333 0.093391
3.0 0.539781 0.852398 0.024979 0.041016
3.0 0.558646 0.847438 0.049208 0.053125
3.0 0.574708 0.821148 0.065875 0.040891
3.0 0.650865 0.819203 0.062146 0.049125
3.0 0.810896 0.868070 0.050333 0.071141
3.0 0.605469 0.819453 0.054771 0.047750
3.0 0.558875 0.830195 0.030917 0.020953
0.0 0.447406 0.773336 0.049104 0.044297
1.0 0.679729 0.761234 0.111167 0.044656
0.0 0.716875 0.795094 0.057667 0.035594
