0.0 0.655933 0.498587 0.329221 0.160603
0.0 0.414819 0.445895 0.214870 0.137092
4.0 0.259116 0.423618 0.163832 0.117777
3.0 0.046067 0.376834 0.044728 0.058123
0.0 0.141142 0.377629 0.123808 0.052036
0.0 0.130312 0.350318 0.134431 0.024347
0.0 0.048960 0.354834 0.091816 0.025699
0.0 0.061698 0.323763 0.092436 0.030413
0.0 0.127260 0.329650 0.055146 0.028862
0.0 0.221302 0.338302 0.110887 0.040558
0.0 0.472261 0.381923 0.405408 0.132516
4.0 0.899862 0.479230 0.200276 0.150022
4.0 0.791652 0.431550 0.078349 0.075150
