3.0 0.666437 0.683403 0.122906 0.244028
3.0 0.292633 0.636847 0.066672 0.159472
3.0 0.343117 0.373861 0.056359 0.107833
3.0 0.432305 0.353667 0.058578 0.079333
3.0 0.552758 0.372500 0.032109 0.080500
3.0 0.503977 0.376514 0.036609 0.084472
3.0 0.727992 0.523042 0.057828 0.156694
3.0 0.641055 0.616986 0.187766 0.219917
3.0 0.714781 0.392944 0.078094 0.174111
3.0 0.709008 0.598972 0.061578 0.100000
3.0 0.664414 0.462278 0.027078 0.090500
3.0 0.326469 0.334431 0.022969 0.023139
3.0 0.506172 0.323153 0.031969 0.026917
