3.0 0.178672 0.949841 0.043344 0.100318
3.0 0.089859 0.947347 0.020875 0.105306
0.0 0.218039 0.407127 0.044797 0.048582
0.0 0.195398 0.389780 0.037516 0.043814
0.0 0.181211 0.777298 0.114203 0.170587
0.0 0.637484 0.966675 0.157906 0.066650
0.0 0.145297 0.379572 0.038094 0.050244
0.0 0.318758 0.946186 0.173891 0.105281
0.0 0.273813 0.914743 0.127125 0.158533
0.0 0.518383 0.903484 0.162391 0.192689
0.0 0.314008 0.882298 0.105859 0.029829
0.0 0.605164 0.467726 0.105422 0.157751
0.0 0.897891 0.762359 0.204219 0.475281
0.0 0.523102 0.429792 0.116297 0.185208
0.0 0.519984 0.746614 0.309469 0.475232
0.0 0.388203 0.665966 0.188531 0.416039
0.0 0.240750 0.631748 0.177031 0.360367
0.0 0.159820 0.582286 0.115297 0.296210
0.0 0.110930 0.506088 0.098047 0.255697
0.0 0.299773 0.430110 0.096266 0.078264
0.0 0.298781 0.362127 0.055531 0.059560
0.0 0.160047 0.317176 0.079375 0.112494
0.0 0.450094 0.411112 0.074156 0.175330
0.0 0.089813 0.431760 0.092750 0.136577
0.0 0.857813 0.610024 0.118750 0.183374
