3.0 0.486008 0.603157 0.010141 0.085798
3.0 0.518188 0.580129 0.023875 0.094765
3.0 0.429812 0.578885 0.016969 0.060399
0.0 0.107461 0.637347 0.205297 0.310845
0.0 0.298008 0.565845 0.156922 0.127840
0.0 0.775813 0.694824 0.364281 0.351338
0.0 0.577836 0.551725 0.072703 0.089178
0.0 0.553898 0.523052 0.039641 0.055962
0.0 0.402086 0.531244 0.036859 0.064883
0.0 0.745102 0.508685 0.107234 0.034085
3.0 0.881477 0.540857 0.061922 0.039085
3.0 0.482727 0.606455 0.008359 0.090516
0.0 0.540891 0.509390 0.030562 0.052770
3.0 0.500367 0.565329 0.006828 0.036103
0.0 0.453125 0.516984 0.030469 0.056643
0.0 0.468094 0.511831 0.015031 0.037512
3.0 0.906438 0.531350 0.031781 0.057160
