3.0 0.356860 0.688626 0.658400 0.622747
3.0 0.817660 0.318173 0.065560 0.136126
3.0 0.063840 0.389931 0.122400 0.140852
3.0 0.511040 0.299052 0.076720 0.057390
3.0 0.362290 0.319739 0.120580 0.099203
3.0 0.125670 0.372541 0.113700 0.157830
3.0 0.259600 0.346264 0.151880 0.116044
3.0 0.836610 0.302692 0.041540 0.098022
3.0 0.024480 0.431305 0.048960 0.153159
3.0 0.806780 0.414313 0.048640 0.121429
3.0 0.849160 0.297459 0.037920 0.077060
3.0 0.415460 0.323077 0.051080 0.075220
3.0 0.764170 0.428008 0.116700 0.245412
3.0 0.668000 0.456044 0.212000 0.351648
