3.0 0.107812 0.680556 0.029687 0.055556
3.0 0.153125 0.677778 0.037500 0.038889
3.0 0.195312 0.680556 0.031250 0.055556
0.0 0.270312 0.669444 0.057813 0.077778
3.0 0.323438 0.683333 0.034375 0.038889
3.0 0.356250 0.680556 0.031250 0.038889
3.0 0.379687 0.680556 0.017188 0.030556
0.0 0.496875 0.661111 0.021875 0.019444
3.0 0.437500 0.675000 0.012500 0.030556
0.0 0.770313 0.872222 0.300000 0.247222
0.0 0.928125 0.847222 0.143750 0.291667
0.0 0.731250 0.719444 0.089063 0.063889
0.0 0.943750 0.675000 0.060937 0.058333
0.0 0.859375 0.705556 0.115625 0.147222
0.0 0.743750 0.680556 0.075000 0.077778
0.0 0.801563 0.700000 0.021875 0.075000
