0.0 0.095336 0.560863 0.042109 0.026526
0.0 0.253570 0.561516 0.045797 0.027032
0.0 0.586492 0.547000 0.049109 0.028695
0.0 0.946023 0.544495 0.042922 0.021032
0.0 0.902992 0.548558 0.037609 0.024695
0.0 0.130781 0.560021 0.033094 0.024126
0.0 0.673922 0.544916 0.041688 0.028653
0.0 0.629180 0.549853 0.044547 0.022863
0.0 0.509750 0.548147 0.044312 0.017347
0.0 0.974539 0.541484 0.036297 0.026000
0.0 0.716313 0.548600 0.036687 0.027053
0.0 0.468492 0.551926 0.048797 0.028189
0.0 0.414094 0.556674 0.041281 0.026568
0.0 0.425000 0.549474 0.787500 0.050526
0.0 0.055469 0.555789 0.042188 0.033684
0.0 0.291406 0.556842 0.035937 0.023158
0.0 0.186719 0.561053 0.026562 0.018947
0.0 0.223437 0.560000 0.028125 0.021053
