0.0 0.596063 0.467700 0.158812 0.126769
0.0 0.481531 0.466651 0.076594 0.060142
0.0 0.756641 0.485425 0.150469 0.139764
0.0 0.444328 0.455236 0.022469 0.036840
0.0 0.350930 0.460035 0.027922 0.037052
0.0 0.203711 0.452123 0.015828 0.015991
3.0 0.827305 0.573785 0.172703 0.240448
3.0 0.379742 0.487146 0.039234 0.090802
3.0 0.433531 0.483149 0.037219 0.085401
3.0 0.308016 0.472288 0.020344 0.049858
0.0 0.275102 0.447476 0.014953 0.018726
0.0 0.176734 0.448620 0.020594 0.013703
3.0 0.286031 0.462677 0.011969 0.024505
3.0 0.243109 0.465071 0.010531 0.020802
3.0 0.261289 0.465153 0.011109 0.024882
0.0 0.593961 0.469045 0.164484 0.133797
0.0 0.255727 0.442311 0.009078 0.011840
0.0 0.212289 0.444717 0.009953 0.021038
