0.0 0.875211 0.524667 0.158297 0.080667
0.0 0.129578 0.514958 0.050250 0.046417
0.0 0.095219 0.478385 0.019187 0.025896
0.0 0.143266 0.471208 0.013406 0.015333
0.0 0.185258 0.473958 0.014672 0.015583
0.0 0.159688 0.447094 0.011344 0.012979
0.0 0.758094 0.583865 0.032094 0.077146
0.0 0.986844 0.550760 0.023438 0.064896
0.0 0.477023 0.485417 0.541484 0.428250
0.0 0.206563 0.480604 0.011031 0.020500
0.0 0.174445 0.466708 0.013453 0.017250
0.0 0.147000 0.450740 0.010781 0.012021
0.0 0.104008 0.438500 0.008828 0.010000
0.0 0.151883 0.464052 0.015016 0.015312
0.0 0.139062 0.440625 0.137500 0.085417
