0.0 0.584375 0.973214 0.031250 0.049107
0.0 0.278125 0.959821 0.034375 0.071429
3.0 0.507812 0.910714 0.010937 0.053571
4.0 0.531250 0.852679 0.012500 0.044643
4.0 0.525000 0.839286 0.009375 0.049107
4.0 0.523438 0.808036 0.009375 0.035714
4.0 0.500000 0.830357 0.009375 0.035714
4.0 0.553125 0.799107 0.007812 0.035714
0.0 0.534375 0.808036 0.009375 0.031250
0.0 0.509375 0.852679 0.012500 0.058036
1.0 0.464063 0.848214 0.031250 0.116071
1.0 0.475000 0.781250 0.028125 0.058036
0.0 0.560937 0.781250 0.007812 0.026786
4.0 0.551563 0.772321 0.006250 0.017857
3.0 0.542187 0.772321 0.003125 0.022321
0.0 0.532813 0.785714 0.007812 0.017857
0.0 0.529687 0.772321 0.009375 0.026786
0.0 0.568750 0.714286 0.012500 0.049107
0.0 0.528125 0.727679 0.029687 0.035714
0.0 0.504688 0.745536 0.018750 0.035714
3.0 0.439063 0.843750 0.010937 0.040179
0.0 0.373437 0.875000 0.032813 0.066964
0.0 0.379687 0.785714 0.010937 0.035714
0.0 0.346875 0.950893 0.026562 0.093750
0.0 0.298438 0.928571 0.018750 0.084821
4.0 0.312500 0.919643 0.009375 0.080357
0.0 0.267188 0.901786 0.020313 0.066964
0.0 0.270312 0.834821 0.039062 0.075893
4.0 0.256250 0.875000 0.014063 0.044643
0.0 0.240625 0.816964 0.021875 0.049107
3.0 0.231250 0.933036 0.014063 0.035714
