0.0 0.957031 0.587571 0.085938 0.135593
0.0 0.554688 0.748588 0.071875 0.217514
0.0 0.121875 0.757062 0.095312 0.214689
0.0 0.539062 0.542373 0.059375 0.112994
0.0 0.243750 0.412429 0.050000 0.081921
0.0 0.442187 0.384181 0.034375 0.031073
3.0 0.103125 0.615819 0.042188 0.076271
3.0 0.159375 0.553672 0.034375 0.073446
3.0 0.368750 0.454802 0.021875 0.056497
3.0 0.415625 0.358757 0.023438 0.039548
3.0 0.282813 0.367232 0.021875 0.042373
3.0 0.587500 0.279661 0.012500 0.028249
3.0 0.326562 0.466102 0.018750 0.050847
0.0 0.496875 0.211864 0.020313 0.031073
0.0 0.473437 0.220339 0.021875 0.036723
0.0 0.448438 0.242938 0.025000 0.053672
0.0 0.403125 0.240113 0.021875 0.048023
0.0 0.385938 0.262712 0.009375 0.028249
0.0 0.364062 0.274011 0.034375 0.059322
0.0 0.635937 0.240113 0.029687 0.033898
0.0 0.678125 0.254237 0.039062 0.031073
0.0 0.664062 0.293785 0.067187 0.045198
0.0 0.718750 0.392655 0.112500 0.158192
0.0 0.248437 0.805085 0.225000 0.375706
0.0 0.426562 0.593220 0.123438 0.378531
0.0 0.654687 0.742938 0.129688 0.248588
0.0 0.328125 0.322034 0.032813 0.056497
0.0 0.789062 0.358757 0.048438 0.073446
0.0 0.560937 0.285311 0.023438 0.036723
0.0 0.593750 0.324859 0.037500 0.048023
0.0 0.476562 0.313559 0.031250 0.048023
0.0 0.710938 0.299435 0.023438 0.036723
3.0 0.192187 0.488701 0.031250 0.056497
0.0 0.559375 0.457627 0.060937 0.056497
0.0 0.532813 0.392655 0.043750 0.062147
0.0 0.492188 0.415254 0.032813 0.084746
0.0 0.518750 0.338983 0.032813 0.048023
0.0 0.515625 0.299435 0.026562 0.022599
0.0 0.501563 0.234463 0.015625 0.022599
0.0 0.487500 0.251412 0.014063 0.019774
0.0 0.485938 0.276836 0.018750 0.022599
