0.0 0.569793 0.865947 0.130695 0.239735
0.0 0.685964 0.803802 0.160090 0.365096
0.0 0.783978 0.826192 0.153829 0.309764
0.0 0.529554 0.688841 0.075326 0.131594
0.0 0.610478 0.609558 0.087695 0.181163
0.0 0.526253 0.592862 0.078437 0.151987
0.0 0.665447 0.556694 0.061594 0.148926
0.0 0.496910 0.488391 0.041559 0.093470
0.0 0.576514 0.493491 0.070734 0.131553
0.0 0.633102 0.475523 0.044626 0.096407
0.0 0.502835 0.409785 0.050894 0.154648
0.0 0.545604 0.374487 0.030793 0.073008
0.0 0.606929 0.414664 0.046077 0.064419
0.0 0.600704 0.373989 0.047594 0.058614
0.0 0.571515 0.330612 0.041493 0.067286
0.0 0.528658 0.330999 0.033804 0.052671
0.0 0.608241 0.327372 0.026172 0.061329
0.0 0.602053 0.301244 0.024613 0.049679
0.0 0.513294 0.307864 0.030728 0.046824
0.0 0.514745 0.275847 0.027645 0.038070
0.0 0.563643 0.243404 0.046172 0.102239
0.0 0.517690 0.229272 0.023054 0.038028
0.0 0.523557 0.127392 0.021559 0.052560
4.0 0.705286 0.573790 0.017055 0.087430
3.0 0.668290 0.469387 0.029175 0.038084
3.0 0.748316 0.643225 0.041479 0.061468
3.0 0.860493 0.819682 0.060012 0.128547
3.0 0.811295 0.732846 0.036989 0.102156
3.0 0.783505 0.637089 0.024591 0.040951
3.0 0.706598 0.486498 0.016990 0.061247
3.0 0.737479 0.593864 0.020022 0.049637
3.0 0.146286 0.442097 0.023105 0.058393
0.0 0.499303 0.221340 0.021574 0.058551
