3.0 0.153695 0.761137 0.044609 0.126556
0.0 0.036875 0.714570 0.073750 0.175232
0.0 0.234805 0.622627 0.018453 0.022252
0.0 0.475586 0.576843 0.423109 0.548300
0.0 0.071555 0.608675 0.136547 0.174437
0.0 0.276102 0.635254 0.026484 0.038057
3.0 0.182555 0.674404 0.022141 0.038786
0.0 0.206680 0.630221 0.024328 0.023664
0.0 0.215164 0.611115 0.019734 0.020817
0.0 0.841437 0.654227 0.133906 0.115386
0.0 0.191656 0.634415 0.044188 0.029404
0.0 0.707070 0.623918 0.033641 0.051236
3.0 0.200984 0.662892 0.024563 0.029801
3.0 0.258305 0.637649 0.007359 0.012428
