0.0 0.481531 0.749646 0.042156 0.046833
0.0 0.626680 0.755854 0.044516 0.039167
0.0 0.415937 0.696302 0.023625 0.022562
0.0 0.218719 0.634229 0.009594 0.009208
0.0 0.212789 0.636667 0.009922 0.009833
0.0 0.753875 0.720490 0.032250 0.034063
0.0 0.366273 0.668083 0.017766 0.016417
0.0 0.620180 0.694646 0.027703 0.025583
0.0 0.445781 0.671146 0.021750 0.014875
3.0 0.793406 0.804000 0.022625 0.029667
0.0 0.812352 0.745104 0.034484 0.031500
1.0 0.480367 0.748250 0.041953 0.051083
0.0 0.635586 0.903260 0.105109 0.118313
0.0 0.898266 0.765208 0.023625 0.046750
0.0 0.581250 0.717708 0.818750 0.214583
0.0 0.503125 0.677083 0.021875 0.020833
0.0 0.954688 0.784375 0.040625 0.052083
