0.0 0.000000 0.000000 0.000001 0.000001
0.0 0.000000 0.000000 0.000001 0.000001
0.0 0.000000 0.000000 0.000001 0.000001
0.0 0.000000 0.000000 0.000001 0.000001
4.0 0.000000 0.000000 0.000001 0.000001
4.0 0.000000 0.000000 0.000001 0.000001
4.0 0.000000 0.000000 0.000001 0.000001
4.0 0.000000 0.000000 0.000001 0.000001
4.0 0.000000 0.000000 0.000001 0.000001
4.0 0.000000 0.000000 0.000001 0.000001
0.0 0.779556 0.369565 0.145778 0.542673
0.0 0.659111 0.325282 0.139556 0.244767
0.0 0.916444 0.489533 0.165333 0.975845
