0.0 0.896875 0.561111 0.115625 0.175000
4.0 0.864063 0.494444 0.056250 0.127778
3.0 0.573437 0.522222 0.064062 0.108333
4.0 0.532813 0.450000 0.089063 0.105556
4.0 0.432813 0.419444 0.029687 0.061111
4.0 0.229688 0.408333 0.081250 0.097222
4.0 0.381250 0.394444 0.020313 0.033333
0.0 0.706250 0.447222 0.043750 0.041667
0.0 0.634375 0.416667 0.104688 0.113889
0.0 0.879687 0.430556 0.025000 0.038889
0.0 0.351562 0.483333 0.193750 0.147222
0.0 0.100000 0.636111 0.198437 0.497222
0.0 0.073438 0.383333 0.145313 0.169444
