0.0 0.548633 0.682842 0.088354 0.089486
0.0 0.077040 0.656405 0.125606 0.163437
0.0 0.291865 0.638729 0.054842 0.078319
0.0 0.348135 0.636531 0.043840 0.061611
0.0 0.500195 0.659656 0.074679 0.098514
0.0 0.698131 0.841223 0.402771 0.317554
0.0 0.951708 0.788887 0.096585 0.147815
0.0 0.677021 0.732377 0.212642 0.156578
0.0 0.621912 0.698053 0.104192 0.093678
4.0 0.875261 0.739205 0.117700 0.079432
4.0 0.918770 0.696470 0.029669 0.054988
4.0 0.868084 0.688761 0.022086 0.036023
4.0 0.653332 0.648870 0.025421 0.031158
3.0 0.028808 0.721359 0.057616 0.147961
