0.0 0.806250 0.413889 0.382812 0.611111
4.0 0.337500 0.458333 0.043750 0.097222
4.0 0.443750 0.458333 0.026562 0.086111
0.0 0.457813 0.413889 0.018750 0.022222
0.0 0.426563 0.411111 0.010937 0.019444
0.0 0.498437 0.433333 0.020313 0.041667
0.0 0.546875 0.436111 0.025000 0.030556
0.0 0.551562 0.408333 0.040625 0.022222
0.0 0.567187 0.436111 0.021875 0.030556
0.0 0.609375 0.427778 0.025000 0.022222
4.0 0.520312 0.444444 0.034375 0.061111
0.0 0.406250 0.411111 0.010937 0.013889
0.0 0.478125 0.422222 0.018750 0.022222
4.0 0.490625 0.480556 0.034375 0.050000
4.0 0.459375 0.441667 0.014063 0.044444
