0.0 0.450000 0.538889 0.045312 0.102778
0.0 0.409375 0.505556 0.037500 0.050000
0.0 0.345313 0.519444 0.087500 0.050000
0.0 0.237500 0.511111 0.051562 0.061111
0.0 0.295312 0.511111 0.014063 0.052778
0.0 0.485938 0.502778 0.018750 0.041667
3.0 0.500000 0.519444 0.037500 0.036111
4.0 0.656250 0.525000 0.031250 0.086111
3.0 0.631250 0.538889 0.017188 0.047222
0.0 0.707813 0.494444 0.035937 0.038889
3.0 0.767187 0.519444 0.034375 0.025000
0.0 0.817188 0.497222 0.035937 0.038889
0.0 0.854687 0.494444 0.028125 0.036111
0.0 0.904688 0.488889 0.026562 0.036111
0.0 0.104688 0.419444 0.206250 0.469444
1.0 0.619531 0.476389 0.079687 0.091667
