0.0 0.221141 0.417854 0.125312 0.095250
0.0 0.038672 0.458740 0.070625 0.134521
3.0 0.183773 0.552188 0.246359 0.240708
3.0 0.746109 0.623219 0.254562 0.255312
3.0 0.338328 0.521615 0.137937 0.129062
3.0 0.920016 0.591521 0.159968 0.213875
3.0 0.591047 0.604844 0.053719 0.115937
0.0 0.021688 0.350896 0.041563 0.145958
0.0 0.217836 0.424719 0.135516 0.120771
3.0 0.746344 0.507917 0.095437 0.092750
3.0 0.894414 0.486656 0.091859 0.075396
3.0 0.797656 0.542813 0.120313 0.126333
0.0 0.655578 0.324927 0.017281 0.018104
0.0 0.863383 0.324208 0.032609 0.035417
3.0 0.634375 0.567708 0.146875 0.189583
3.0 0.137500 0.492708 0.121875 0.122917
