0.0 0.762500 0.786111 0.070312 0.166667
0.0 0.046875 0.863889 0.082812 0.180556
0.0 0.067187 0.800000 0.100000 0.150000
0.0 0.145312 0.700000 0.070312 0.130556
0.0 0.095313 0.738889 0.090625 0.122222
0.0 0.145312 0.605556 0.064062 0.063889
0.0 0.054688 0.619444 0.073438 0.063889
0.0 0.185937 0.580556 0.053125 0.069444
0.0 0.737500 0.547222 0.037500 0.088889
3.0 0.773438 0.625000 0.032813 0.097222
0.0 0.929688 0.808333 0.139063 0.375000
0.0 0.645313 0.544444 0.056250 0.083333
0.0 0.721875 0.416667 0.028125 0.047222
0.0 0.745312 0.941667 0.125000 0.108333
0.0 0.606250 0.844444 0.115625 0.177778
0.0 0.668750 0.341667 0.025000 0.063889
0.0 0.692188 0.336111 0.017188 0.027778
0.0 0.696875 0.316667 0.015625 0.022222
1.0 0.709375 0.288889 0.015625 0.011111
0.0 0.721875 0.305556 0.012500 0.022222
0.0 0.710938 0.305556 0.009375 0.019444
0.0 0.670312 0.300000 0.012500 0.011111
0.0 0.654687 0.311111 0.015625 0.030556
0.0 0.685937 0.305556 0.010937 0.022222
0.0 0.164062 0.883333 0.165625 0.172222
0.0 0.257812 0.938889 0.153125 0.097222
0.0 0.085938 0.963889 0.153125 0.047222
0.0 0.293750 0.725000 0.114062 0.166667
3.0 0.367188 0.880556 0.056250 0.194444
3.0 0.307813 0.844444 0.057813 0.130556
3.0 0.251563 0.847222 0.040625 0.102778
3.0 0.273438 0.825000 0.043750 0.144444
0.0 0.412500 0.722222 0.106250 0.141667
0.0 0.037500 0.719444 0.067187 0.125000
0.0 0.223437 0.613889 0.093750 0.105556
0.0 0.326562 0.586111 0.084375 0.091667
0.0 0.432813 0.555556 0.043750 0.066667
0.0 0.364062 0.422222 0.112500 0.102778
0.0 0.442187 0.427778 0.053125 0.066667
0.0 0.453125 0.652778 0.073438 0.125000
0.0 0.490625 0.600000 0.070312 0.097222
0.0 0.406250 0.605556 0.073438 0.097222
0.0 0.314063 0.530556 0.056250 0.038889
0.0 0.509375 0.536111 0.065625 0.125000
0.0 0.528125 0.422222 0.037500 0.058333
0.0 0.553125 0.477778 0.046875 0.088889
0.0 0.585938 0.425000 0.020313 0.072222
0.0 0.595313 0.400000 0.028125 0.047222
0.0 0.512500 0.350000 0.048438 0.063889
0.0 0.542187 0.361111 0.031250 0.041667
0.0 0.484375 0.433333 0.026562 0.044444
1.0 0.479688 0.391667 0.048438 0.044444
0.0 0.435937 0.386111 0.040625 0.044444
0.0 0.604687 0.358333 0.028125 0.050000
0.0 0.579688 0.350000 0.018750 0.041667
0.0 0.579688 0.297222 0.018750 0.025000
0.0 0.609375 0.322222 0.014063 0.013889
0.0 0.612500 0.300000 0.014063 0.013889
0.0 0.621875 0.319444 0.017188 0.036111
0.0 0.190625 0.752778 0.092188 0.097222
0.0 0.209375 0.702778 0.117188 0.091667
0.0 0.282813 0.633333 0.087500 0.061111
0.0 0.212500 0.552778 0.067187 0.050000
0.0 0.362500 0.502778 0.051562 0.055556
0.0 0.425000 0.491667 0.050000 0.050000
0.0 0.453125 0.547222 0.048438 0.075000
3.0 0.285937 0.477778 0.018750 0.038889
0.0 0.265625 0.525000 0.057813 0.055556
0.0 0.374219 0.815278 0.117188 0.186111
