0.0 0.325000 0.336111 0.157812 0.213889
3.0 0.721875 0.411111 0.034375 0.127778
4.0 0.804688 0.391667 0.050000 0.141667
4.0 0.776562 0.388889 0.023438 0.105556
4.0 0.843750 0.388889 0.029687 0.091667
0.0 0.890625 0.400000 0.020313 0.075000
4.0 0.862500 0.391667 0.009375 0.075000
0.0 0.645313 0.377778 0.032813 0.044444
3.0 0.581250 0.386111 0.028125 0.055556
0.0 0.531250 0.375000 0.081250 0.105556
0.0 0.456250 0.380556 0.059375 0.102778
3.0 0.158594 0.697222 0.314063 0.577778
0.0 0.696094 0.365278 0.026562 0.058333
