0.0 0.545648 0.178107 0.493109 0.257944
3.0 0.518680 0.560421 0.935641 0.780280
3.0 0.517594 0.229778 0.381719 0.359556
0.0 0.359922 0.124346 0.207031 0.098178
0.0 0.934703 0.095701 0.115719 0.066636
0.0 0.766445 0.082325 0.152797 0.066519
0.0 0.855656 0.137430 0.288687 0.164159
0.0 0.772016 0.062477 0.145187 0.050701
0.0 0.490281 0.064848 0.067437 0.058248
0.0 0.084281 0.049708 0.035187 0.039603
0.0 0.245617 0.056542 0.016172 0.020280
0.0 0.375633 0.068458 0.048609 0.027664
3.0 0.511609 0.215315 0.229500 0.093014
0.0 0.601562 0.047897 0.078125 0.016355
