0.0 0.384621 0.647519 0.182807 0.368389
0.0 0.308360 0.466961 0.146467 0.238026
0.0 0.112794 0.824829 0.138007 0.235448
4.0 0.131266 0.679310 0.070221 0.075260
0.0 0.785347 0.887022 0.122709 0.173673
0.0 0.874786 0.906519 0.068144 0.110051
0.0 0.757491 0.741511 0.131897 0.211174
0.0 0.727818 0.683310 0.101718 0.174867
0.0 0.672089 0.595482 0.075792 0.140939
0.0 0.684167 0.622267 0.100127 0.098471
0.0 0.651967 0.483108 0.087368 0.091330
0.0 0.555677 0.657742 0.082810 0.208867
0.0 0.566306 0.686645 0.096017 0.170237
0.0 0.590067 0.826500 0.112360 0.282216
0.0 0.617049 0.879113 0.159355 0.184117
0.0 0.297464 0.889221 0.177899 0.132654
0.0 0.617866 0.367892 0.056709 0.233809
0.0 0.646143 0.358296 0.071403 0.132010
0.0 0.492767 0.442853 0.072487 0.116797
0.0 0.427532 0.407015 0.070812 0.103635
0.0 0.451153 0.351318 0.060313 0.070433
0.0 0.544398 0.322927 0.015524 0.072689
0.0 0.579097 0.342037 0.025750 0.092795
0.0 0.510284 0.343173 0.053619 0.085382
0.0 0.548612 0.255394 0.029277 0.060252
0.0 0.475546 0.258516 0.065520 0.118651
1.0 0.400670 0.281215 0.078733 0.147620
1.0 0.297380 0.320059 0.084434 0.152249
0.0 0.213050 0.324836 0.046561 0.082870
0.0 0.437823 0.182457 0.046106 0.061043
0.0 0.543956 0.209293 0.028731 0.034059
0.0 0.476689 0.136217 0.024614 0.038227
0.0 0.404527 0.163414 0.035970 0.045302
0.0 0.468495 0.192638 0.010271 0.022288
0.0 0.534412 0.195735 0.023439 0.049075
0.0 0.456470 0.095938 0.016155 0.035649
0.0 0.506908 0.168225 0.025926 0.033928
0.0 0.471619 0.177491 0.019051 0.040146
0.0 0.438777 0.136620 0.037055 0.030089
0.0 0.503564 0.126555 0.015837 0.020370
0.0 0.520029 0.144808 0.018596 0.018319
0.0 0.505511 0.100428 0.012986 0.018055
0.0 0.490039 0.101885 0.011538 0.015806
0.0 0.480676 0.079597 0.012895 0.013690
0.0 0.473209 0.101095 0.011583 0.017989
4.0 0.366518 0.235913 0.021992 0.046826
0.0 0.369809 0.347496 0.059131 0.013681
0.0 0.394508 0.374875 0.016518 0.053111
0.0 0.461850 0.916379 0.119771 0.099834
0.0 0.277865 0.616879 0.087560 0.100511
0.0 0.241123 0.763323 0.112694 0.230952
