3.0 0.559375 0.658333 0.207813 0.222222
3.0 0.725000 0.544444 0.112500 0.144444
3.0 0.668750 0.483333 0.031250 0.044444
0.0 0.817187 0.425000 0.051562 0.061111
0.0 0.635938 0.452778 0.032813 0.055556
0.0 0.490625 0.525000 0.092188 0.133333
0.0 0.414062 0.491667 0.043750 0.041667
0.0 0.373437 0.486111 0.023438 0.030556
4.0 0.143750 0.597222 0.146875 0.202778
4.0 0.040625 0.630556 0.081250 0.297222
0.0 0.923438 0.413889 0.064062 0.066667
3.0 0.966406 0.579167 0.064062 0.219444
3.0 0.024219 0.708333 0.048438 0.127778
