0.0 0.598367 0.599208 0.074953 0.057792
0.0 0.702531 0.593260 0.096062 0.062938
0.0 0.763953 0.578188 0.063219 0.053833
0.0 0.609742 0.543854 0.060328 0.053208
0.0 0.921797 0.584146 0.121063 0.120667
0.0 0.550883 0.553917 0.063359 0.047208
0.0 0.544242 0.533573 0.051734 0.035479
0.0 0.656344 0.653094 0.090312 0.041479
0.0 0.595508 0.828844 0.407859 0.314604
1.0 0.522250 0.509125 0.050031 0.037125
0.0 0.480187 0.531021 0.041656 0.054292
0.0 0.992609 0.689937 0.014781 0.068958
0.0 0.693750 0.776042 0.609375 0.443750
