3.0 0.757914 0.437278 0.054359 0.040350
0.0 0.249836 0.593107 0.197766 0.302477
0.0 0.408766 0.416297 0.102188 0.206752
0.0 0.950125 0.460023 0.099750 0.175093
0.0 0.496484 0.303586 0.075219 0.139883
3.0 0.778344 0.431986 0.026844 0.040140
0.0 0.535000 0.418727 0.111219 0.173014
0.0 0.725867 0.213096 0.044484 0.076565
0.0 0.923984 0.211005 0.057937 0.087804
0.0 0.525594 0.200783 0.035187 0.067967
0.0 0.554914 0.514416 0.076484 0.097056
0.0 0.717023 0.701425 0.128609 0.176822
0.0 0.525055 0.666904 0.117422 0.160678
0.0 0.463531 0.566612 0.090250 0.114766
0.0 0.337383 0.773785 0.121734 0.155047
0.0 0.614492 0.365397 0.097609 0.179159
0.0 0.564172 0.274661 0.065781 0.119743
0.0 0.682336 0.372512 0.048141 0.094509
0.0 0.662727 0.273914 0.037109 0.033762
0.0 0.556461 0.795000 0.116547 0.145701
0.0 0.531852 0.583972 0.103922 0.106776
0.0 0.836070 0.293715 0.054109 0.051215
0.0 0.815867 0.355023 0.058641 0.062991
0.0 0.675914 0.454544 0.072328 0.082500
0.0 0.581562 0.241834 0.053500 0.076706
0.0 0.943117 0.327862 0.061141 0.084977
0.0 0.579711 0.188621 0.043016 0.044065
0.0 0.957742 0.234544 0.057859 0.097687
0.0 0.570312 0.447430 0.856250 0.609813
0.0 0.703125 0.414720 0.221875 0.492991
0.0 0.698438 0.570093 0.128125 0.205607
