0.0 0.420833 0.515625 0.145833 0.078125
3.0 0.260417 0.507812 0.050000 0.067187
0.0 0.585417 0.501563 0.110417 0.062500
3.0 0.945833 0.484375 0.031250 0.067187
0.0 0.879167 0.485938 0.077083 0.048438
0.0 0.758333 0.468750 0.089583 0.085938
0.0 0.839583 0.442188 0.060417 0.034375
0.0 0.072917 0.471875 0.131250 0.053125
0.0 0.164583 0.465625 0.070833 0.035937
0.0 0.691667 0.479687 0.041667 0.035937
0.0 0.522917 0.495312 0.043750 0.053125
0.0 0.822917 0.475000 0.043750 0.035937
0.0 0.646875 0.493750 0.072917 0.050000
