0.0 0.790625 0.638889 0.171875 0.097222
0.0 0.954688 0.755556 0.084375 0.083333
0.0 0.834375 0.850000 0.326562 0.288889
0.0 0.571875 0.841667 0.618750 0.297222
0.0 0.232813 0.805556 0.125000 0.294444
0.0 0.295312 0.680556 0.059375 0.063889
0.0 0.448437 0.672222 0.056250 0.041667
0.0 0.568750 0.686111 0.148438 0.083333
0.0 0.701562 0.705556 0.125000 0.050000
0.0 0.762500 0.688889 0.075000 0.047222
0.0 0.184375 0.680556 0.045312 0.072222
0.0 0.253125 0.630556 0.051562 0.055556
0.0 0.946094 0.700557 0.104688 0.052925
