0.0 0.132539 0.455875 0.187891 0.095406
0.0 0.238887 0.427594 0.134219 0.093812
0.0 0.820225 0.489883 0.168535 0.184266
0.0 0.404219 0.422555 0.076719 0.058297
0.0 0.525146 0.368945 0.043887 0.031922
0.0 0.599893 0.338187 0.041230 0.024625
0.0 0.572793 0.334047 0.025195 0.015188
0.0 0.556992 0.344063 0.026797 0.017063
0.0 0.015430 0.488883 0.024688 0.079016
0.0 0.452676 0.415641 0.037266 0.041031
0.0 0.511719 0.384953 0.046641 0.025438
0.0 0.539766 0.362320 0.039102 0.028422
0.0 0.332793 0.418180 0.100664 0.077922
0.0 0.412109 0.403125 0.820312 0.212500
0.0 0.064453 0.403906 0.125000 0.079687
