0.0 0.353021 0.404592 0.077171 0.106829
0.0 0.266016 0.384485 0.022976 0.059665
4.0 0.233454 0.408751 0.049057 0.122249
4.0 0.424257 0.405296 0.037984 0.105492
4.0 0.178250 0.388068 0.046975 0.056866
4.0 0.129752 0.387700 0.054611 0.060240
4.0 0.072276 0.390859 0.048653 0.062248
4.0 0.033007 0.394810 0.041267 0.066719
0.0 0.517398 0.380183 0.081879 0.065591
0.0 0.477796 0.373672 0.033050 0.045036
0.0 0.582176 0.368418 0.022227 0.036127
0.0 0.609446 0.368298 0.023655 0.033663
4.0 0.628997 0.363707 0.014759 0.037982
0.0 0.666881 0.363831 0.034143 0.032112
