4.0 0.768750 0.707692 0.087500 0.434615
4.0 0.075000 0.150000 0.057813 0.211538
4.0 0.107813 0.092308 0.045312 0.176923
4.0 0.673438 0.253846 0.057813 0.250000
4.0 0.764062 0.242308 0.054688 0.226923
3.0 0.798438 0.500000 0.048438 0.157692
3.0 0.837500 0.384615 0.032813 0.200000
4.0 0.828125 0.234615 0.042188 0.211538
0.0 0.028125 0.396154 0.046875 0.403846
4.0 0.718750 0.126923 0.040625 0.161538
0.0 0.860938 0.200000 0.090625 0.203846
0.0 0.901563 0.084615 0.184375 0.126923
0.0 0.848437 0.061538 0.128125 0.119231
4.0 0.754687 0.065385 0.048438 0.119231
3.0 0.971875 0.157692 0.053125 0.096154
