3.0 0.614516 0.792479 0.690312 0.393542
3.0 0.170063 0.716958 0.340125 0.461375
3.0 0.789109 0.778750 0.420969 0.427958
3.0 0.133430 0.564042 0.266859 0.341583
3.0 0.025328 0.259490 0.037469 0.050771
3.0 0.220367 0.750615 0.196297 0.360479
3.0 0.092102 0.470604 0.184203 0.180083
3.0 0.549102 0.378198 0.101297 0.127229
3.0 0.012047 0.267115 0.024094 0.057354
3.0 0.253961 0.327958 0.059203 0.083542
3.0 0.146242 0.262896 0.041578 0.034750
3.0 0.106516 0.420406 0.168156 0.083437
3.0 0.689984 0.550187 0.181719 0.165292
3.0 0.067969 0.262500 0.045312 0.045833
