0.0 0.421347 0.558564 0.328119 0.126696
0.0 0.166900 0.545806 0.196668 0.107579
0.0 0.645213 0.510328 0.065917 0.030125
3.0 0.785901 0.524497 0.029206 0.023554
3.0 0.758321 0.519551 0.026822 0.019493
0.0 0.837919 0.515632 0.072582 0.034333
3.0 0.947479 0.512745 0.014306 0.024368
3.0 0.925262 0.525300 0.025089 0.026065
4.0 0.935207 0.502998 0.011434 0.012332
0.0 0.890099 0.504109 0.035953 0.029093
0.0 0.864497 0.501895 0.013493 0.011076
0.0 0.538293 0.522631 0.147141 0.066082
0.0 0.599779 0.516756 0.045084 0.038692
