0.0 0.019375 0.467063 0.038312 0.035804
0.0 0.903672 0.466480 0.008750 0.018322
0.0 0.935938 0.464720 0.040250 0.027436
0.0 0.171594 0.531562 0.144969 0.171329
0.0 0.083703 0.433531 0.059688 0.027529
0.0 0.018609 0.434394 0.032875 0.023240
0.0 0.975188 0.461608 0.026344 0.015385
0.0 0.836914 0.462296 0.021453 0.020583
0.0 0.091516 0.450571 0.037219 0.031911
0.0 0.071430 0.448007 0.032516 0.022494
0.0 0.875164 0.460338 0.040578 0.025291
0.0 0.989109 0.475152 0.021781 0.023310
0.0 0.915477 0.459720 0.020078 0.016037
1.0 0.152328 0.479382 0.091563 0.067995
0.0 0.517969 0.448718 0.960938 0.048951
