0.0 0.068750 0.705556 0.131250 0.580556
0.0 0.376563 0.711111 0.335938 0.316667
0.0 0.963281 0.676389 0.073438 0.302778
0.0 0.926562 0.619444 0.132812 0.213889
0.0 0.800000 0.644444 0.162500 0.280556
0.0 0.689063 0.658333 0.209375 0.283333
0.0 0.601562 0.583333 0.103125 0.194444
0.0 0.479688 0.597222 0.148438 0.186111
0.0 0.393750 0.594444 0.143750 0.138889
0.0 0.753125 0.500000 0.078125 0.083333
0.0 0.610938 0.502778 0.146875 0.122222
0.0 0.451562 0.477778 0.098437 0.094444
0.0 0.243750 0.463889 0.179688 0.116667
0.0 0.112500 0.502778 0.064062 0.111111
0.0 0.181250 0.616667 0.082812 0.211111
0.0 0.156250 0.536111 0.059375 0.097222
0.0 0.279687 0.538889 0.076563 0.088889
0.0 0.254687 0.541667 0.075000 0.111111
0.0 0.260938 0.488889 0.076563 0.047222
0.0 0.359375 0.505556 0.095312 0.066667
0.0 0.890625 0.513889 0.123438 0.063889
0.0 0.528125 0.536111 0.079687 0.111111
0.0 0.475000 0.433333 0.046875 0.036111
0.0 0.395312 0.447222 0.057813 0.036111
0.0 0.350000 0.447222 0.035937 0.038889
