3.0 0.334680 0.374188 0.046766 0.077417
3.0 0.103516 0.324875 0.105906 0.157000
3.0 0.593750 0.379094 0.045437 0.074146
3.0 0.507758 0.352448 0.115172 0.108062
3.0 0.286469 0.371573 0.056656 0.068812
1.0 0.546453 0.455927 0.839531 0.524771
3.0 0.382844 0.374208 0.531281 0.080375
3.0 0.456859 0.369417 0.042250 0.077833
3.0 0.256094 0.340885 0.039094 0.127771
3.0 0.358906 0.378167 0.027094 0.059125
3.0 0.326523 0.360635 0.042484 0.094396
3.0 0.414109 0.346552 0.073906 0.126229
3.0 0.757812 0.536458 0.134375 0.447917
