0.0 0.359898 0.779865 0.401016 0.387021
0.0 0.782742 0.594281 0.417641 0.288938
0.0 0.396625 0.389885 0.222469 0.105604
0.0 0.765180 0.413906 0.284547 0.126229
0.0 0.091570 0.703375 0.182016 0.323583
0.0 0.292094 0.434573 0.272656 0.125062
0.0 0.515086 0.342896 0.184922 0.101958
0.0 0.924906 0.338625 0.146469 0.111042
0.0 0.736672 0.276469 0.103937 0.066771
0.0 0.648211 0.310021 0.144328 0.066375
0.0 0.896570 0.385990 0.195859 0.122896
0.0 0.676891 0.282062 0.126906 0.079208
1.0 0.670141 0.202208 0.065281 0.066208
0.0 0.635852 0.335240 0.141234 0.084271
0.0 0.124219 0.259375 0.098437 0.068750
1.0 0.713281 0.187500 0.089063 0.058333
