0.0 0.389664 0.640563 0.170609 0.152000
0.0 0.556766 0.695479 0.071719 0.094542
0.0 0.116000 0.785031 0.230125 0.300438
0.0 0.296984 0.855635 0.499469 0.228188
0.0 0.771937 0.720271 0.106563 0.060958
0.0 0.468258 0.817083 0.154766 0.121375
0.0 0.814359 0.847771 0.371281 0.200500
0.0 0.652305 0.687833 0.103891 0.125083
0.0 0.958391 0.725313 0.083219 0.118458
0.0 0.817047 0.684896 0.079750 0.075875
0.0 0.850492 0.668406 0.082109 0.078188
0.0 0.778430 0.630146 0.066359 0.079208
0.0 0.518836 0.717479 0.109547 0.089333
0.0 0.523914 0.611583 0.143328 0.131042
0.0 0.687937 0.593406 0.046437 0.048479
0.0 0.554688 0.673958 0.603125 0.185417
0.0 0.424219 0.718750 0.135937 0.083333
0.0 0.019531 0.839583 0.035937 0.129167
0.0 0.296094 0.713542 0.060937 0.068750
0.0 0.958594 0.586458 0.076563 0.077083
