0.0 0.076563 0.747222 0.153125 0.455556
0.0 0.831250 0.652778 0.193750 0.172222
0.0 0.434375 0.541667 0.118750 0.125000
0.0 0.371875 0.491667 0.031250 0.058333
0.0 0.818750 0.541667 0.243750 0.155556
0.0 0.628125 0.538889 0.131250 0.111111
0.0 0.504687 0.500000 0.073438 0.116667
3.0 0.295312 0.652778 0.054688 0.188889
3.0 0.354687 0.600000 0.048438 0.125000
3.0 0.242188 0.563889 0.031250 0.086111
3.0 0.220312 0.525000 0.017188 0.061111
3.0 0.200000 0.516667 0.014063 0.050000
0.0 0.309375 0.483333 0.056250 0.100000
0.0 0.600000 0.483333 0.085938 0.033333
1.0 0.962500 0.626741 0.071875 0.278552
