0.0 0.621875 0.772222 0.128125 0.250000
0.0 0.835938 0.608333 0.325000 0.583333
0.0 0.495312 0.425000 0.175000 0.177778
0.0 0.554688 0.575000 0.121875 0.163889
0.0 0.609375 0.527778 0.085938 0.127778
3.0 0.182812 0.475000 0.032813 0.091667
3.0 0.101562 0.847222 0.139063 0.172222
3.0 0.060937 0.933333 0.121874 0.127778
4.0 0.029687 0.463889 0.026562 0.094444
4.0 0.023438 0.652778 0.046875 0.119444
0.0 0.337500 0.452778 0.090625 0.091667
4.0 0.653125 0.516667 0.062500 0.127778
0.0 0.732031 0.920833 0.154688 0.152778
0.0 0.569531 0.980556 0.095312 0.033333
