0.0 0.586102 0.726469 0.082797 0.087729
0.0 0.309922 0.715865 0.080500 0.065229
0.0 0.781586 0.698833 0.069672 0.033333
0.0 0.848445 0.702313 0.063953 0.036625
0.0 0.151563 0.703042 0.049594 0.035375
0.0 0.250016 0.707427 0.050156 0.034188
1.0 0.663203 0.683885 0.102188 0.107854
0.0 0.933969 0.694312 0.040969 0.025542
0.0 0.895828 0.698854 0.016344 0.010833
0.0 0.823641 0.686094 0.020531 0.021521
0.0 0.739711 0.702792 0.039609 0.036375
0.0 0.969203 0.798094 0.061594 0.135604
0.0 0.181125 0.695427 0.034156 0.035854
0.0 0.044531 0.708333 0.045312 0.041667
