0.0 0.550000 0.708333 0.762500 0.577778
0.0 0.901563 0.572222 0.193750 0.647222
0.0 0.753125 0.372222 0.271875 0.338889
0.0 0.665625 0.300000 0.179688 0.238889
0.0 0.953125 0.233333 0.093750 0.069444
0.0 0.840625 0.219444 0.195312 0.088889
0.0 0.703125 0.172222 0.125000 0.061111
0.0 0.576562 0.172222 0.079687 0.136111
0.0 0.439063 0.283333 0.134375 0.280556
0.0 0.087500 0.475000 0.170313 0.550000
0.0 0.317187 0.372222 0.248438 0.288889
0.0 0.232812 0.308333 0.150000 0.291667
0.0 0.320312 0.175000 0.095312 0.108333
0.0 0.164062 0.169444 0.096875 0.077778
0.0 0.067187 0.194444 0.132812 0.069444
0.0 0.020312 0.138889 0.035937 0.066667
0.0 0.079688 0.136111 0.065625 0.083333
0.0 0.118750 0.116667 0.023438 0.047222
0.0 0.198438 0.111111 0.093750 0.075000
0.0 0.454688 0.169444 0.168750 0.172222
0.0 0.975000 0.177778 0.048438 0.077778
4.0 0.896875 0.136111 0.040625 0.102778
4.0 0.703125 0.127778 0.060937 0.052778
0.0 0.790625 0.150000 0.093750 0.088889
0.0 0.254687 0.141667 0.056250 0.052778
0.0 0.039062 0.150000 0.023438 0.052778
0.0 0.289062 0.122222 0.087500 0.044444
