0.0 0.480695 0.508753 0.018422 0.022118
0.0 0.509133 0.510306 0.021297 0.023153
0.0 0.532875 0.510682 0.020375 0.025929
0.0 0.010602 0.642329 0.021203 0.052800
0.0 0.565828 0.508553 0.024594 0.032353
1.0 0.440469 0.630035 0.049094 0.087506
1.0 0.383859 0.626988 0.044438 0.085412
1.0 0.922094 0.639424 0.078750 0.093435
1.0 0.785969 0.639588 0.049281 0.075506
1.0 0.499617 0.631129 0.054859 0.079388
1.0 0.556977 0.633706 0.058453 0.079035
1.0 0.625453 0.637459 0.056937 0.071341
1.0 0.313602 0.640047 0.043828 0.067529
0.0 0.592477 0.510447 0.022766 0.025412
0.0 0.797461 0.503212 0.049109 0.032118
0.0 0.971578 0.550176 0.056844 0.070329
0.0 0.867055 0.553212 0.047297 0.073247
0.0 0.817164 0.550094 0.050797 0.077412
0.0 0.766133 0.548835 0.045484 0.071271
0.0 0.713711 0.544129 0.052797 0.069576
0.0 0.584344 0.552459 0.041500 0.065012
0.0 0.479500 0.539965 0.040156 0.047882
0.0 0.332992 0.544471 0.053266 0.082165
0.0 0.385992 0.543212 0.046297 0.078753
1.0 0.979320 0.637106 0.041359 0.079247
0.0 0.843672 0.496106 0.028687 0.031224
0.0 0.918375 0.549329 0.051969 0.074753
0.0 0.671664 0.554200 0.051359 0.067412
0.0 0.430297 0.538376 0.037437 0.041318
0.0 0.853680 0.634647 0.068266 0.095788
0.0 0.524992 0.555447 0.037078 0.070000
1.0 0.297117 0.636659 0.004297 0.040894
0.0 0.918453 0.502106 0.024188 0.036400
0.0 0.893680 0.492529 0.021047 0.020400
0.0 0.945719 0.496106 0.026312 0.019788
1.0 0.686672 0.638012 0.062313 0.079129
1.0 0.246906 0.630494 0.038812 0.081835
1.0 0.057031 0.649412 0.035937 0.075294
0.0 0.503906 0.623529 0.982812 0.451765
0.0 0.282031 0.528235 0.067187 0.105882
