4.0 0.137500 0.441667 0.087500 0.087500
1.0 0.395313 0.439583 0.165625 0.081250
0.0 0.554688 0.450000 0.056250 0.060417
4.0 0.668750 0.460417 0.042188 0.056250
0.0 0.685937 0.445833 0.032813 0.033333
0.0 0.717187 0.456250 0.037500 0.043750
4.0 0.770312 0.462500 0.032813 0.047917
3.0 0.745313 0.462500 0.014063 0.031250
0.0 0.753125 0.458333 0.015625 0.035417
0.0 0.895312 0.464583 0.023438 0.033333
1.0 0.917188 0.460417 0.023438 0.035417
3.0 0.931250 0.470833 0.014063 0.029167
0.0 0.975000 0.466667 0.012500 0.016667
