3.0 0.473563 0.215354 0.084625 0.035250
3.0 0.594539 0.218094 0.108266 0.045812
0.0 0.440922 0.086688 0.034969 0.032583
0.0 0.779148 0.075875 0.031859 0.032292
0.0 0.679523 0.076198 0.036172 0.038146
0.0 0.638758 0.079094 0.017547 0.032896
0.0 0.939359 0.069896 0.043594 0.032458
0.0 0.871180 0.070042 0.030016 0.043417
0.0 0.395109 0.086229 0.032219 0.033917
0.0 0.987578 0.067812 0.024844 0.036542
0.0 0.651688 0.072323 0.026594 0.029062
0.0 0.477664 0.039729 0.032172 0.029333
0.0 0.453953 0.030812 0.022187 0.024750
0.0 0.432461 0.034771 0.028422 0.031583
0.0 0.444688 0.072917 0.072313 0.040458
0.0 0.380469 0.055208 0.639062 0.102083
0.0 0.657813 0.022917 0.037500 0.037500
