0.0 0.125414 0.242271 0.115766 0.114127
0.0 0.198297 0.237078 0.075563 0.099584
0.0 0.698852 0.207992 0.075578 0.076593
0.0 0.048195 0.250845 0.096390 0.123961
0.0 0.269453 0.235679 0.077875 0.084709
0.0 0.023773 0.168061 0.046422 0.052521
0.0 0.648867 0.114709 0.093859 0.086814
1.0 0.316844 0.151911 0.096000 0.060609
0.0 0.889422 0.177507 0.038156 0.069695
0.0 0.321930 0.217299 0.048391 0.057645
0.0 0.832211 0.192410 0.085828 0.065540
0.0 0.707445 0.134751 0.031359 0.040305
1.0 0.363727 0.097271 0.075078 0.053102
