0.0 0.243470 0.223872 0.108940 0.157447
0.0 0.525720 0.332532 0.235520 0.158851
0.0 0.111430 0.225468 0.220740 0.312383
0.0 0.862030 0.244362 0.275940 0.337830
3.0 0.122520 0.664043 0.154200 0.393277
3.0 0.336250 0.679340 0.186180 0.346170
3.0 0.522200 0.652255 0.128960 0.373362
3.0 0.642020 0.666681 0.104800 0.364851
3.0 0.783630 0.617979 0.161660 0.430851
1.0 0.469470 0.260681 0.258780 0.157277
0.0 0.648550 0.364000 0.133380 0.198128
3.0 0.906510 0.650128 0.084020 0.383404
3.0 0.967560 0.644149 0.064880 0.337660
3.0 0.729620 0.625277 0.079840 0.303574
3.0 0.557530 0.566766 0.048940 0.180255
