0.0 0.783430 0.292135 0.038766 0.026979
0.0 0.762773 0.297375 0.014922 0.015458
0.0 0.841180 0.296271 0.016484 0.018917
0.0 0.874539 0.295573 0.023203 0.022229
0.0 0.705266 0.289333 0.040375 0.033917
0.0 0.271273 0.292906 0.039828 0.021896
0.0 0.208289 0.292500 0.026328 0.019917
1.0 0.445930 0.289177 0.085484 0.039479
1.0 0.656766 0.288135 0.086344 0.057146
0.0 0.496391 0.293104 0.011750 0.029833
0.0 0.609391 0.291646 0.021906 0.032417
0.0 0.729828 0.287438 0.054062 0.032125
0.0 0.746875 0.293750 0.021875 0.025000
