3.0 0.288016 0.750830 0.390125 0.360686
0.0 0.802203 0.741162 0.191500 0.106615
0.0 0.600398 0.720763 0.175047 0.078164
0.0 0.741141 0.678462 0.097156 0.053960
0.0 0.715852 0.698175 0.093391 0.054801
0.0 0.561812 0.665332 0.103031 0.054646
0.0 0.845086 0.670199 0.089297 0.039646
0.0 0.055977 0.707965 0.111953 0.170619
0.0 0.906391 0.724270 0.060562 0.071327
0.0 0.735500 0.648108 0.056719 0.026350
0.0 0.905625 0.665011 0.070062 0.037898
0.0 0.926562 0.648617 0.034187 0.024535
0.0 0.524852 0.652743 0.038359 0.031195
0.0 0.157031 0.650442 0.042188 0.030973
