3.0 0.693250 0.847752 0.043719 0.085667
1.0 0.164070 0.508033 0.175609 0.299813
1.0 0.667867 0.556124 0.095078 0.154637
1.0 0.974805 0.544040 0.050390 0.172904
0.0 0.453164 0.849824 0.139016 0.182084
0.0 0.671016 0.697845 0.112625 0.145527
0.0 0.573258 0.611335 0.106422 0.154473
0.0 0.377437 0.583489 0.032031 0.092131
0.0 0.299953 0.577681 0.077281 0.109508
0.0 0.272180 0.595363 0.039266 0.090492
0.0 0.084625 0.664848 0.110219 0.188103
0.0 0.410609 0.520878 0.048406 0.074215
0.0 0.011555 0.776546 0.023109 0.209859
0.0 0.962109 0.911101 0.075781 0.148150
0.0 0.366273 0.218267 0.040328 0.033208
0.0 0.324203 0.216440 0.046531 0.034286
0.0 0.428305 0.486897 0.047891 0.052201
0.0 0.492188 0.292740 0.128125 0.313817
0.0 0.453125 0.188525 0.034375 0.053864
0.0 0.350781 0.588993 0.045312 0.091335
0.0 0.520313 0.163934 0.053125 0.032787
1.0 0.564063 0.127635 0.071875 0.091335
0.0 0.980469 0.954333 0.039062 0.086651
0.0 0.476562 0.436768 0.031250 0.039813
0.0 0.523438 0.587822 0.062500 0.121780
0.0 0.836719 0.463700 0.070312 0.028103
1.0 0.366406 0.161593 0.045312 0.060890
1.0 0.446875 0.451991 0.040625 0.065574
