4.0 0.020602 0.714584 0.041203 0.182373
4.0 0.089200 0.854956 0.106777 0.070231
4.0 0.202355 0.809039 0.104665 0.180911
4.0 0.144297 0.693098 0.077985 0.081511
4.0 0.226625 0.667307 0.089971 0.121398
3.0 0.151454 0.622636 0.053249 0.077344
3.0 0.227030 0.509022 0.036339 0.066898
4.0 0.273991 0.495801 0.056154 0.130430
4.0 0.032396 0.561596 0.064792 0.077800
4.0 0.019578 0.407661 0.039157 0.094069
3.0 0.070411 0.413733 0.061846 0.055299
4.0 0.162590 0.419143 0.045710 0.059009
4.0 0.240092 0.360863 0.040975 0.062069
4.0 0.345424 0.276827 0.022904 0.030389
4.0 0.361564 0.253492 0.018941 0.017684
4.0 0.395195 0.212291 0.016334 0.029750
4.0 0.370551 0.240135 0.017104 0.013984
4.0 0.409978 0.213729 0.012563 0.020583
4.0 0.429403 0.190714 0.010824 0.018654
0.0 0.400940 0.650466 0.238629 0.538921
0.0 0.613592 0.838374 0.187959 0.210135
0.0 0.847613 0.907393 0.218867 0.118098
0.0 0.723179 0.736963 0.162258 0.218195
0.0 0.564536 0.588109 0.141965 0.205661
0.0 0.690150 0.586099 0.096058 0.113191
3.0 0.327345 0.365794 0.041360 0.039226
0.0 0.406582 0.336145 0.112193 0.109480
0.0 0.533247 0.435635 0.071031 0.103715
0.0 0.481461 0.386124 0.034700 0.096661
0.0 0.507847 0.326428 0.045804 0.030857
0.0 0.503408 0.286860 0.040298 0.049683
0.0 0.440410 0.261163 0.059045 0.063827
0.0 0.454232 0.219813 0.039232 0.030218
0.0 0.458873 0.195360 0.042130 0.023460
0.0 0.498874 0.218819 0.035951 0.059821
0.0 0.630456 0.409514 0.123025 0.187977
0.0 0.558091 0.343769 0.019816 0.063531
0.0 0.550559 0.300342 0.038845 0.023140
0.0 0.551628 0.250636 0.058080 0.076054
0.0 0.524287 0.207061 0.017007 0.012215
0.0 0.691919 0.342557 0.059623 0.044522
0.0 0.931544 0.680119 0.136911 0.219806
0.0 0.835390 0.497050 0.132293 0.118476
