3.0 0.061141 0.634979 0.122281 0.289667
3.0 0.165969 0.619083 0.170187 0.210375
3.0 0.275953 0.602187 0.085594 0.213625
3.0 0.347508 0.618375 0.107984 0.147375
3.0 0.378602 0.581875 0.146422 0.174250
3.0 0.467984 0.572104 0.080687 0.155500
3.0 0.506586 0.561688 0.124984 0.144042
3.0 0.648398 0.561594 0.033266 0.069313
3.0 0.579883 0.558615 0.053172 0.131896
3.0 0.611227 0.568438 0.070953 0.082208
3.0 0.662375 0.555594 0.039062 0.078437
3.0 0.682250 0.540250 0.039594 0.092792
3.0 0.712141 0.548542 0.033063 0.057500
3.0 0.583594 0.543750 0.482812 0.116667
3.0 0.815625 0.534375 0.034375 0.043750
