0.0 0.169303 0.377419 0.240619 0.221017
0.0 0.245861 0.319650 0.040072 0.061083
0.0 0.291222 0.330538 0.047647 0.070526
0.0 0.399011 0.355375 0.047029 0.059637
0.0 0.487073 0.398675 0.055995 0.093581
0.0 0.550801 0.440360 0.076217 0.102599
0.0 0.620773 0.422661 0.071518 0.069419
0.0 0.699311 0.431250 0.072786 0.066952
4.0 0.752556 0.429802 0.017655 0.038198
0.0 0.856528 0.559836 0.206824 0.196092
4.0 0.092217 0.267335 0.029188 0.042962
4.0 0.076725 0.261805 0.022385 0.047131
3.0 0.337329 0.556071 0.099403 0.263051
1.0 0.533561 0.364388 0.064838 0.100558
