3.0 0.065625 0.472222 0.031250 0.091667
4.0 0.135938 0.486111 0.101562 0.150000
0.0 0.476562 0.475000 0.045312 0.052778
0.0 0.403125 0.472222 0.046875 0.052778
4.0 0.334375 0.458333 0.025000 0.041667
4.0 0.318750 0.452778 0.018750 0.041667
4.0 0.704688 0.513889 0.040625 0.108333
0.0 0.606250 0.466667 0.150000 0.116667
0.0 0.815625 0.525000 0.043750 0.088889
3.0 0.756250 0.513889 0.037500 0.038889
0.0 0.784375 0.500000 0.017188 0.061111
0.0 0.732812 0.488889 0.015625 0.041667
3.0 0.875000 0.516667 0.031250 0.033333
0.0 0.931250 0.497222 0.037500 0.047222
3.0 0.953125 0.650000 0.054688 0.144444
0.0 0.854687 0.494444 0.014063 0.038889
3.0 0.006250 0.498611 0.009375 0.052778
