3.0 0.696820 0.711102 0.057578 0.115958
0.0 0.067930 0.703320 0.119109 0.109318
0.0 0.919414 0.596024 0.029109 0.050000
0.0 0.952195 0.590328 0.018078 0.047270
3.0 0.648039 0.717703 0.094766 0.190577
3.0 0.576055 0.726969 0.042484 0.146378
0.0 0.809500 0.588622 0.182031 0.168320
3.0 0.436875 0.725289 0.083062 0.107113
3.0 0.253055 0.725591 0.035578 0.082362
3.0 0.234461 0.718478 0.045891 0.077113
3.0 0.514391 0.724055 0.062875 0.148740
3.0 0.392586 0.718701 0.031828 0.099659
3.0 0.333172 0.721339 0.077406 0.116430
3.0 0.383359 0.686181 0.033187 0.132257
1.0 0.941789 0.549239 0.035547 0.045512
0.0 0.437945 0.595105 0.185141 0.071470
3.0 0.295148 0.720210 0.033078 0.097533
3.0 0.184281 0.726864 0.043000 0.097874
0.0 0.905461 0.601982 0.022203 0.059554
0.0 0.989312 0.581129 0.014500 0.040577
3.0 0.488563 0.723766 0.027094 0.108898
0.0 0.067008 0.699213 0.100797 0.117113
3.0 0.733594 0.673228 0.032813 0.086614
