0.0 0.286797 0.108680 0.245094 0.129743
3.0 0.504383 0.561636 0.533328 0.515280
3.0 0.072641 0.653294 0.145281 0.381402
3.0 0.171953 0.475280 0.180344 0.294393
3.0 0.828766 0.389965 0.127188 0.186799
3.0 0.120828 0.307547 0.230000 0.105327
3.0 0.165352 0.220432 0.064516 0.125584
3.0 0.281461 0.290129 0.239297 0.184696
3.0 0.901508 0.638621 0.196984 0.413364
3.0 0.366703 0.356402 0.144594 0.258645
3.0 0.905156 0.253201 0.065719 0.095140
3.0 0.895219 0.462815 0.178969 0.344883
3.0 0.021586 0.421110 0.043172 0.139276
