0.0 0.115732 0.887438 0.231464 0.225125
0.0 0.460326 0.868738 0.243554 0.262523
0.0 0.355101 0.592341 0.125691 0.232202
3.0 0.406554 0.664142 0.073754 0.176151
4.0 0.187001 0.692809 0.125636 0.229070
0.0 0.489527 0.533908 0.108691 0.199977
0.0 0.656108 0.615181 0.112527 0.231477
0.0 0.591755 0.432948 0.113519 0.193985
4.0 0.514909 0.400503 0.072273 0.185456
4.0 0.632164 0.287831 0.081873 0.170340
0.0 0.796508 0.497513 0.107318 0.215546
4.0 0.927664 0.063691 0.076336 0.127383
3.0 0.714464 0.025565 0.065645 0.051130
0.0 0.919095 0.298234 0.161810 0.361102
3.0 0.217441 0.694485 0.056154 0.109474
