0.0 0.816904 0.960226 0.135915 0.079548
0.0 0.739133 0.902917 0.111192 0.116485
0.0 0.502824 0.728095 0.060208 0.070648
0.0 0.645730 0.794291 0.085834 0.103369
0.0 0.616760 0.744265 0.070782 0.085706
0.0 0.469977 0.636258 0.035116 0.077134
0.0 0.543788 0.550535 0.027341 0.049925
0.0 0.493472 0.543904 0.021447 0.052171
0.0 0.531219 0.493717 0.019798 0.039869
0.0 0.563753 0.499738 0.012355 0.037164
0.0 0.550817 0.469875 0.015019 0.015211
4.0 0.505594 0.524708 0.009358 0.034611
0.0 0.445171 0.498117 0.030238 0.045125
3.0 0.463902 0.537986 0.009225 0.024809
3.0 0.443189 0.534823 0.009291 0.029711
3.0 0.431268 0.539316 0.007709 0.022308
1.0 0.561724 0.431024 0.037479 0.033128
0.0 0.472646 0.440223 0.064253 0.041395
4.0 0.396585 0.582255 0.024577 0.064525
0.0 0.331584 0.565312 0.021547 0.059523
3.0 0.322393 0.587061 0.021146 0.030118
3.0 0.309122 0.581702 0.009291 0.029711
3.0 0.297334 0.576394 0.018416 0.047169
0.0 0.191989 0.582583 0.037913 0.064983
0.0 0.203297 0.514327 0.045056 0.045634
3.0 0.064251 0.600261 0.018550 0.056971
3.0 0.063584 0.649270 0.013971 0.047017
0.0 0.039359 0.577341 0.028955 0.059778
0.0 0.104321 0.814925 0.122151 0.268719
3.0 0.038619 0.849443 0.021914 0.086478
0.0 0.034861 0.689960 0.020232 0.071724
