4.0 0.717187 0.647222 0.206250 0.630556
0.0 0.482812 0.580556 0.290625 0.513889
0.0 0.807813 0.311111 0.135937 0.255556
0.0 0.725000 0.288889 0.056250 0.108333
0.0 0.585938 0.352778 0.121875 0.177778
4.0 0.890625 0.325000 0.048438 0.161111
0.0 0.318750 0.486111 0.089063 0.172222
0.0 0.174219 0.330556 0.348438 0.200000
4.0 0.071875 0.261111 0.078125 0.127778
4.0 0.462500 0.236111 0.017188 0.063889
4.0 0.984375 0.355556 0.029687 0.161111
0.0 0.673438 0.333333 0.071875 0.125000
3.0 0.669531 0.766667 0.104688 0.355556
3.0 0.170313 0.818056 0.250000 0.347222
0.0 0.610938 0.244444 0.087500 0.061111
0.0 0.760938 0.418056 0.106250 0.158333
