0.0 0.920050 0.580000 0.153620 0.141108
0.0 0.805700 0.562677 0.052760 0.088308
0.0 0.738770 0.557292 0.039020 0.058646
3.0 0.372670 0.816400 0.365180 0.336308
3.0 0.070110 0.796631 0.137300 0.213508
3.0 0.255800 0.666554 0.061080 0.117108
3.0 0.585950 0.773138 0.270860 0.261477
0.0 0.403630 0.539262 0.104980 0.075692
0.0 0.452120 0.559615 0.024920 0.035723
0.0 0.651360 0.545215 0.021960 0.027538
0.0 0.187690 0.511708 0.094100 0.054492
3.0 0.197720 0.822908 0.059240 0.113323
3.0 0.204890 0.683862 0.070940 0.185323
