0.0 0.570312 0.872781 0.132812 0.242604
0.0 0.689063 0.810651 0.162500 0.369822
0.0 0.789062 0.834320 0.156250 0.313609
0.0 0.529687 0.692308 0.076563 0.133136
0.0 0.612500 0.612426 0.089063 0.183432
0.0 0.526563 0.594675 0.079687 0.153846
0.0 0.668750 0.559172 0.062500 0.150888
0.0 0.496875 0.488166 0.042188 0.094675
0.0 0.578125 0.494083 0.071875 0.133136
0.0 0.635938 0.476331 0.045312 0.097633
0.0 0.503125 0.408284 0.051562 0.156805
0.0 0.546875 0.372781 0.031250 0.073964
0.0 0.609375 0.414201 0.046875 0.065089
0.0 0.603125 0.372781 0.048438 0.059172
0.0 0.573438 0.328402 0.042188 0.068047
0.0 0.529687 0.328402 0.034375 0.053254
0.0 0.610938 0.325444 0.026562 0.062130
0.0 0.604688 0.298817 0.025000 0.050296
0.0 0.514062 0.304734 0.031250 0.047337
0.0 0.515625 0.272189 0.028125 0.038462
0.0 0.565625 0.239645 0.046875 0.103550
0.0 0.518750 0.224852 0.023438 0.038462
0.0 0.525000 0.121302 0.021875 0.053254
4.0 0.709375 0.576923 0.017188 0.088757
3.0 0.671875 0.470414 0.029687 0.038462
3.0 0.753125 0.647929 0.042188 0.062130
3.0 0.867188 0.828402 0.060937 0.130178
3.0 0.817187 0.739645 0.037500 0.103550
3.0 0.789062 0.642012 0.025000 0.041420
3.0 0.710938 0.488166 0.017188 0.062130
3.0 0.742188 0.597633 0.020313 0.050296
3.0 0.139063 0.437870 0.023438 0.059172
0.0 0.500000 0.216617 0.021875 0.059347
