0.0 0.691038 0.693547 0.107642 0.058375
0.0 0.689009 0.698602 0.109434 0.058734
0.0 0.550755 0.667766 0.038019 0.025531
0.0 0.381014 0.701172 0.090094 0.054969
0.0 0.520436 0.664133 0.040024 0.017891
0.0 0.444976 0.656492 0.026745 0.016609
0.0 0.616887 0.670664 0.055943 0.031922
0.0 0.434858 0.710383 0.129198 0.065984
0.0 0.930625 0.705484 0.124363 0.057344
0.0 0.486002 0.661469 0.033278 0.017938
0.0 0.509068 0.662211 0.032476 0.018703
0.0 0.824752 0.692172 0.100825 0.058031
0.0 0.773585 0.698438 0.452830 0.081250
0.0 0.360849 0.667969 0.146226 0.104688
0.0 0.981132 0.705469 0.037736 0.067187
