0.0 0.600398 0.319948 0.327297 0.144749
0.0 0.910078 0.268619 0.178250 0.124226
0.0 0.309984 0.305586 0.249281 0.110544
0.0 0.053695 0.327395 0.107391 0.178598
0.0 0.496617 0.229278 0.048797 0.034038
3.0 0.494055 0.282626 0.077266 0.063661
1.0 0.735586 0.215680 0.105109 0.057469
0.0 0.899984 0.224069 0.098812 0.050983
0.0 0.433961 0.228002 0.030297 0.016088
1.0 0.865461 0.208933 0.124266 0.061967
0.0 0.438250 0.260879 0.112875 0.051715
0.0 0.203039 0.270649 0.116891 0.056820
0.0 0.866672 0.208797 0.126562 0.059477
0.0 0.372656 0.265690 0.120313 0.054393
