0.0 0.134375 0.505556 0.117188 0.169444
0.0 0.168750 0.430556 0.075000 0.086111
3.0 0.285937 0.447222 0.029687 0.094444
3.0 0.370313 0.436111 0.021875 0.077778
0.0 0.231250 0.411111 0.043750 0.052778
0.0 0.109375 0.405556 0.042188 0.052778
0.0 0.420312 0.408333 0.031250 0.038889
0.0 0.646875 0.516667 0.240625 0.205556
0.0 0.857031 0.579167 0.285938 0.302778
4.0 0.506250 0.419444 0.037500 0.050000
0.0 0.535938 0.413889 0.023438 0.036111
0.0 0.565625 0.411111 0.023438 0.033333
0.0 0.271875 0.413889 0.018750 0.058333
