0.0 0.142852 0.742905 0.174516 0.244893
1.0 0.461422 0.732813 0.139406 0.235413
1.0 0.280578 0.754526 0.103594 0.126728
0.0 0.709875 0.742156 0.032563 0.065657
0.0 0.679961 0.753043 0.032453 0.061437
0.0 0.751250 0.755275 0.028719 0.049388
0.0 0.558898 0.772783 0.064859 0.098960
0.0 0.760227 0.687920 0.011047 0.023119
0.0 0.024992 0.729052 0.049984 0.113333
0.0 0.544422 0.702661 0.050906 0.079266
0.0 0.937750 0.767966 0.121094 0.191529
0.0 0.854945 0.746315 0.031109 0.122661
0.0 0.828531 0.740245 0.016469 0.029908
0.0 0.758930 0.644771 0.010703 0.016942
0.0 0.874656 0.748685 0.030781 0.120489
0.0 0.789109 0.765933 0.044438 0.102018
0.0 0.595734 0.744817 0.021969 0.046208
0.0 0.381164 0.725917 0.065891 0.138196
0.0 0.630742 0.756131 0.059078 0.103700
0.0 0.485938 0.738532 0.865625 0.253823
0.0 0.728906 0.726300 0.014063 0.033639
