3.0 0.273031 0.728646 0.097750 0.435958
3.0 0.266594 0.337677 0.042750 0.060562
3.0 0.401164 0.301812 0.024859 0.023833
3.0 0.465062 0.376781 0.032375 0.103271
3.0 0.511227 0.459302 0.029391 0.142521
3.0 0.744734 0.506969 0.146906 0.255312
3.0 0.625016 0.598365 0.162688 0.463854
3.0 0.540336 0.620677 0.080453 0.431729
3.0 0.370633 0.727771 0.135109 0.461000
3.0 0.056102 0.743156 0.109359 0.443729
3.0 0.145141 0.742146 0.132000 0.366667
3.0 0.475828 0.705562 0.086344 0.460458
3.0 0.827773 0.664208 0.163453 0.313250
3.0 0.903906 0.580208 0.123438 0.447917
3.0 0.926562 0.290625 0.065625 0.064583
