4.0 0.378125 0.597222 0.121875 0.372222
0.0 0.237500 0.419444 0.281250 0.294444
0.0 0.492188 0.419444 0.057813 0.100000
4.0 0.018750 0.480556 0.032813 0.094444
4.0 0.651562 0.461111 0.045312 0.097222
4.0 0.528125 0.475000 0.039062 0.113889
4.0 0.542187 0.455556 0.026562 0.080556
4.0 0.475000 0.452778 0.020313 0.061111
3.0 0.456250 0.438889 0.014063 0.044444
0.0 0.582813 0.411111 0.010937 0.013889
0.0 0.560937 0.413889 0.012500 0.019444
0.0 0.575000 0.413889 0.009375 0.013889
4.0 0.434375 0.433333 0.012500 0.027778
4.0 0.415625 0.427778 0.014063 0.025000
4.0 0.579688 0.436111 0.020313 0.027778
0.0 0.595313 0.413889 0.012500 0.008333
3.0 0.519531 0.497214 0.017188 0.069638
