0.0 0.750000 0.688889 0.179688 0.188889
0.0 0.551562 0.616667 0.132812 0.161111
0.0 0.704688 0.838889 0.162500 0.313889
3.0 0.435937 0.783333 0.109375 0.169444
3.0 0.382812 0.691667 0.079687 0.100000
3.0 0.059375 0.863889 0.114062 0.144444
3.0 0.055469 0.934722 0.110937 0.125000
0.0 0.585938 0.430556 0.245312 0.308333
0.0 0.321875 0.472222 0.092188 0.091667
0.0 0.381250 0.400000 0.132812 0.138889
4.0 0.021875 0.475000 0.039062 0.083333
0.0 0.560937 0.888889 0.140625 0.216667
0.0 0.417969 0.504167 0.101562 0.108333
