0.0 0.641450 0.942342 0.278700 0.115315
0.0 0.460220 0.914580 0.207720 0.170841
0.0 0.581710 0.810240 0.105420 0.118198
0.0 0.298680 0.908754 0.130040 0.145375
0.0 0.117750 0.942342 0.235060 0.091772
0.0 0.446350 0.790916 0.098060 0.104354
0.0 0.491050 0.777778 0.080580 0.103724
0.0 0.581030 0.693619 0.063780 0.092643
0.0 0.513690 0.761952 0.061820 0.098739
0.0 0.540240 0.714850 0.072120 0.070120
0.0 0.590430 0.679039 0.055460 0.086547
0.0 0.645470 0.586997 0.043980 0.027628
0.0 0.720120 0.504414 0.042600 0.030511
0.0 0.499000 0.677177 0.994000 0.603604
0.0 0.668000 0.756757 0.092000 0.120120
0.0 0.963000 0.837838 0.074000 0.108108
