0.0 0.277680 0.552580 0.086920 0.114346
0.0 0.371530 0.523551 0.067500 0.083640
0.0 0.422610 0.522226 0.042420 0.064311
3.0 0.663300 0.885389 0.164080 0.206749
3.0 0.131010 0.837085 0.206060 0.294382
3.0 0.327730 0.640194 0.035420 0.103710
3.0 0.552260 0.638534 0.023360 0.083498
3.0 0.474530 0.635636 0.028140 0.081873
3.0 0.519230 0.597314 0.020100 0.059364
3.0 0.029530 0.757049 0.059060 0.261378
3.0 0.505630 0.565530 0.012540 0.042085
3.0 0.194300 0.524293 0.011040 0.022862
3.0 0.446680 0.547580 0.008400 0.036855
