0.0 0.815140 0.751709 0.185288 0.368454
0.0 0.466803 0.788907 0.141558 0.319688
0.0 0.332520 0.799952 0.144279 0.284794
0.0 0.645181 0.587415 0.103645 0.236952
0.0 0.566751 0.700931 0.093395 0.255864
0.0 0.556385 0.523846 0.080469 0.166857
0.0 0.487184 0.448611 0.074009 0.162182
0.0 0.602670 0.373432 0.064985 0.162233
0.0 0.541640 0.350973 0.060074 0.158020
0.0 0.504638 0.330058 0.026540 0.073846
0.0 0.465715 0.356214 0.043038 0.073279
0.0 0.417502 0.385145 0.041810 0.092140
0.0 0.369560 0.501179 0.056869 0.124103
3.0 0.384560 0.424045 0.030171 0.080423
3.0 0.337637 0.618242 0.046831 0.129345
0.0 0.171692 0.664899 0.124305 0.168963
4.0 0.249587 0.545730 0.073154 0.137207
4.0 0.185089 0.570807 0.066852 0.102365
4.0 0.131696 0.595472 0.044106 0.084585
0.0 0.877539 0.384332 0.121955 0.160022
0.0 0.970937 0.373311 0.058126 0.161308
0.0 0.906924 0.198280 0.162163 0.235203
0.0 0.793012 0.281707 0.083938 0.123948
0.0 0.822324 0.238079 0.089598 0.120145
0.0 0.789645 0.195529 0.039407 0.066702
3.0 0.758035 0.164284 0.017462 0.057401
0.0 0.721516 0.215877 0.048430 0.066651
0.0 0.678745 0.167622 0.026164 0.038028
0.0 0.663954 0.145884 0.024348 0.034739
0.0 0.457113 0.248349 0.029582 0.058274
0.0 0.460907 0.305339 0.035508 0.057298
0.0 0.532504 0.237456 0.022854 0.050771
0.0 0.548151 0.285093 0.031130 0.058737
0.0 0.586647 0.288126 0.044265 0.054420
0.0 0.642978 0.294551 0.050032 0.083608
0.0 0.622900 0.233707 0.042290 0.081296
0.0 0.565500 0.215976 0.031664 0.064390
0.0 0.518677 0.276460 0.031076 0.042241
0.0 0.508210 0.233087 0.030116 0.063928
0.0 0.470089 0.267722 0.036790 0.054934
0.0 0.593797 0.178463 0.026164 0.038028
0.0 0.560479 0.179696 0.022801 0.034276
1.0 0.537309 0.204053 0.033213 0.064852
0.0 0.503081 0.161966 0.029582 0.058274
0.0 0.501424 0.127586 0.021519 0.036640
0.0 0.483432 0.156210 0.024136 0.048408
0.0 0.495448 0.199119 0.020450 0.025334
0.0 0.484020 0.179283 0.016073 0.026773
0.0 0.534583 0.158368 0.016340 0.029600
0.0 0.558609 0.159911 0.023068 0.037103
0.0 0.561866 0.126971 0.015539 0.021121
0.0 0.586001 0.163355 0.020985 0.030987
0.0 0.579273 0.159551 0.016607 0.032426
0.0 0.568113 0.142542 0.016073 0.026773
0.0 0.551081 0.147629 0.014257 0.023484
0.0 0.528761 0.113609 0.014524 0.026311
0.0 0.527588 0.151740 0.015539 0.021121
0.0 0.597745 0.119161 0.013990 0.020658
4.0 0.875925 0.114542 0.105027 0.108274
0.0 0.699262 0.452110 0.089706 0.153137
0.0 0.419219 0.563360 0.085329 0.154576
0.0 0.666447 0.366007 0.066906 0.118861
