0.0 0.346234 0.652250 0.176000 0.173250
0.0 0.390047 0.429146 0.116156 0.067917
0.0 0.482055 0.549417 0.118234 0.120000
0.0 0.521961 0.455750 0.073984 0.081083
0.0 0.586742 0.476958 0.100891 0.101958
0.0 0.405289 0.744708 0.208234 0.195292
0.0 0.700336 0.420479 0.042016 0.060292
0.0 0.291000 0.568615 0.203313 0.126062
0.0 0.442312 0.548854 0.484625 0.120375
0.0 0.464492 0.483396 0.098609 0.082417
0.0 0.101984 0.572375 0.196406 0.129333
0.0 0.739789 0.473000 0.055234 0.067833
0.0 0.143750 0.886458 0.281250 0.222917
