0.0 0.354147 0.539101 0.202679 0.199679
0.0 0.266167 0.438156 0.116159 0.109059
0.0 0.386641 0.411496 0.093248 0.093739
0.0 0.444363 0.418867 0.044957 0.089559
0.0 0.550162 0.401426 0.043284 0.048257
1.0 0.631748 0.540863 0.070233 0.231665
4.0 0.716071 0.521021 0.087282 0.184946
0.0 0.552312 0.501614 0.088313 0.146660
0.0 0.836871 0.700732 0.183513 0.482109
0.0 0.846509 0.399761 0.086568 0.096516
0.0 0.796998 0.412817 0.027124 0.039004
0.0 0.657753 0.439957 0.082403 0.078726
0.0 0.103530 0.953707 0.058698 0.092586
0.0 0.530372 0.441733 0.067679 0.081298
3.0 0.599832 0.574108 0.049504 0.154511
0.0 0.824098 0.447505 0.078095 0.043252
0.0 0.902673 0.463190 0.050131 0.066115
