1.0 0.110938 0.666667 0.065625 0.125000
0.0 0.028125 0.702778 0.028125 0.041667
3.0 0.175000 0.716667 0.059375 0.066667
0.0 0.450000 0.702778 0.204687 0.238889
0.0 0.960938 0.766667 0.078125 0.427778
3.0 0.528125 0.627778 0.018750 0.038889
3.0 0.568750 0.622222 0.017188 0.038889
3.0 0.548438 0.625000 0.020313 0.038889
0.0 0.610938 0.608333 0.059375 0.058333
0.0 0.654687 0.594444 0.048438 0.066667
0.0 0.767187 0.700000 0.284375 0.266667
0.0 0.965625 0.597222 0.035937 0.080556
0.0 0.906250 0.566667 0.035937 0.063889
3.0 0.900000 0.622222 0.021875 0.058333
0.0 0.950000 0.555556 0.021875 0.038889
