0.0 0.870312 0.655556 0.112500 0.180556
4.0 0.645313 0.608333 0.034375 0.086111
0.0 0.523438 0.558333 0.223438 0.461111
0.0 0.301562 0.486111 0.040625 0.080556
0.0 0.412500 0.516667 0.015625 0.019444
0.0 0.410937 0.494444 0.010937 0.013889
0.0 0.014062 0.550000 0.025000 0.113889
0.0 0.067187 0.536111 0.070312 0.100000
0.0 0.115625 0.530556 0.040625 0.094444
0.0 0.156250 0.527778 0.039062 0.083333
4.0 0.203125 0.527778 0.026562 0.052778
4.0 0.218750 0.522222 0.015625 0.044444
4.0 0.242188 0.505556 0.017188 0.044444
1.0 0.769531 0.704167 0.204687 0.252778
