3.0 0.422803 0.830736 0.188570 0.338528
3.0 0.219439 0.844059 0.170445 0.311882
3.0 0.606707 0.854533 0.077357 0.216464
4.0 0.966028 0.770309 0.067945 0.459382
0.0 0.873748 0.571193 0.107665 0.164168
0.0 0.798614 0.551938 0.067905 0.103020
0.0 0.746379 0.541275 0.057775 0.071233
0.0 0.063617 0.825311 0.127234 0.349379
0.0 0.241414 0.669837 0.179520 0.327022
0.0 0.128878 0.655097 0.117080 0.274468
0.0 0.036414 0.495366 0.072828 0.349004
0.0 0.453317 0.687223 0.180455 0.267367
0.0 0.544679 0.561248 0.059658 0.093294
0.0 0.365879 0.589812 0.099672 0.176441
0.0 0.213327 0.494788 0.152150 0.071551
0.0 0.367638 0.460833 0.151251 0.134350
0.0 0.181816 0.445636 0.222874 0.136976
