3.0 0.494867 0.518404 0.925797 0.761408
3.0 0.535398 0.254131 0.262078 0.225962
3.0 0.767312 0.128239 0.101969 0.170047
3.0 0.600922 0.125493 0.789219 0.152113
3.0 0.160703 0.134448 0.057156 0.107864
3.0 0.472758 0.107242 0.027672 0.065986
3.0 0.700688 0.117641 0.021937 0.070352
3.0 0.634719 0.146972 0.050187 0.110235
3.0 0.272078 0.104601 0.023594 0.072066
3.0 0.873438 0.124413 0.143750 0.154930
3.0 0.948438 0.119718 0.065625 0.126761
3.0 0.314844 0.124413 0.060937 0.126761
3.0 0.977344 0.098592 0.045312 0.084507
3.0 0.226562 0.112676 0.046875 0.107981
