0.0 0.648312 0.475397 0.031719 0.011916
0.0 0.442422 0.473925 0.013156 0.013037
0.0 0.490172 0.473224 0.027906 0.014206
0.0 0.246984 0.474217 0.049594 0.046238
0.0 0.352289 0.472453 0.027922 0.025607
0.0 0.388656 0.469451 0.051844 0.034556
0.0 0.604875 0.475537 0.015656 0.009907
0.0 0.218844 0.472313 0.013000 0.017290
0.0 0.209594 0.472500 0.013594 0.016355
0.0 0.194937 0.473692 0.011938 0.017150
0.0 0.169906 0.473189 0.016750 0.022220
0.0 0.929680 0.461250 0.138359 0.100631
1.0 0.302859 0.468808 0.040719 0.033271
0.0 0.142969 0.475467 0.026562 0.016355
