0.0 0.579633 0.659368 0.189984 0.150960
0.0 0.234336 0.649567 0.097078 0.085504
0.0 0.325055 0.659871 0.049609 0.088033
3.0 0.864250 0.697319 0.076812 0.109953
3.0 0.432688 0.773595 0.132062 0.212857
3.0 0.739953 0.747752 0.112531 0.164028
3.0 0.959891 0.701405 0.080218 0.123466
3.0 0.095500 0.732564 0.019531 0.040258
3.0 0.351461 0.706475 0.031359 0.129859
3.0 0.159398 0.842600 0.105172 0.285714
3.0 0.808320 0.718220 0.055578 0.112084
3.0 0.822187 0.685234 0.016594 0.047471
3.0 0.300055 0.648208 0.035672 0.056136
1.0 0.089430 0.589578 0.044953 0.038080
