0.0 0.481563 0.580375 0.045156 0.066417
0.0 0.346352 0.602728 0.065609 0.061288
0.0 0.697336 0.571979 0.037547 0.047237
0.0 0.390383 0.591054 0.047297 0.052787
3.0 0.114008 0.650867 0.051766 0.065902
3.0 0.044594 0.648220 0.055688 0.088993
3.0 0.537414 0.579859 0.013141 0.027588
3.0 0.580719 0.577237 0.010844 0.027073
3.0 0.568781 0.567026 0.009344 0.017658
3.0 0.932039 0.607939 0.060047 0.109789
3.0 0.605797 0.579508 0.010500 0.029087
3.0 0.965836 0.594543 0.068328 0.206370
3.0 0.271047 0.607213 0.020906 0.043888
0.0 0.578133 0.556194 0.013297 0.012810
0.0 0.671531 0.539344 0.012562 0.012037
3.0 0.592250 0.578080 0.009781 0.028899
3.0 0.901383 0.601253 0.045797 0.105738
3.0 0.662445 0.568712 0.008453 0.021218
0.0 0.640805 0.537295 0.022922 0.023302
0.0 0.683164 0.534110 0.009922 0.006674
3.0 0.621117 0.579918 0.014297 0.034918
3.0 0.582812 0.569087 0.143750 0.042155
