0.0 0.800563 0.425808 0.398875 0.408618
0.0 0.545430 0.304719 0.221922 0.223162
0.0 0.383836 0.266323 0.130578 0.170351
3.0 0.570992 0.760129 0.761859 0.454965
3.0 0.468195 0.678829 0.401203 0.553770
3.0 0.341062 0.691756 0.403313 0.570773
3.0 0.290086 0.467412 0.349328 0.256183
3.0 0.291375 0.522330 0.433094 0.262740
0.0 0.957273 0.282026 0.082453 0.235948
0.0 0.314133 0.236206 0.040109 0.070492
0.0 0.257656 0.261885 0.067531 0.068173
0.0 0.647695 0.223407 0.036078 0.070890
3.0 0.507844 0.949356 0.457500 0.070141
3.0 0.244594 0.401511 0.408812 0.316183
0.0 0.150000 0.251756 0.043750 0.128806
0.0 0.784375 0.229508 0.118750 0.028103
