0.0 0.765547 0.392043 0.171499 0.176439
4.0 0.327341 0.487761 0.050110 0.084202
4.0 0.512407 0.448237 0.048415 0.098219
0.0 0.382850 0.433996 0.010148 0.014943
0.0 0.405469 0.427613 0.015332 0.023654
0.0 0.432391 0.417475 0.021143 0.022878
0.0 0.444673 0.416550 0.012095 0.020324
0.0 0.470120 0.424609 0.042351 0.079597
0.0 0.511087 0.433369 0.053786 0.092488
0.0 0.537788 0.420754 0.020140 0.061249
4.0 0.457869 0.443307 0.024444 0.060048
4.0 0.398181 0.449990 0.016619 0.021601
4.0 0.423815 0.442756 0.016839 0.024079
3.0 0.443671 0.457474 0.018192 0.055868
4.0 0.649781 0.376449 0.018788 0.029461
4.0 0.675856 0.374172 0.019668 0.039373
4.0 0.581485 0.390643 0.016839 0.024079
3.0 0.603934 0.521613 0.052150 0.123735
