0.0 0.868023 0.712906 0.079672 0.089979
0.0 0.897633 0.832708 0.095078 0.088000
0.0 0.716117 0.800479 0.081953 0.096208
0.0 0.205234 0.906531 0.410468 0.157646
1.0 0.962820 0.713469 0.033891 0.043646
0.0 0.817320 0.810156 0.073484 0.069604
0.0 0.775203 0.757958 0.057188 0.032833
0.0 0.922211 0.707219 0.029422 0.036563
0.0 0.766437 0.782323 0.046656 0.056562
0.0 0.961625 0.762667 0.039125 0.059625
0.0 0.794250 0.748479 0.062219 0.049625
0.0 0.942914 0.727938 0.019609 0.043417
0.0 0.916703 0.678333 0.032906 0.023583
0.0 0.838398 0.963594 0.294453 0.072812
