0.0 0.104266 0.134380 0.081187 0.085041
0.0 0.903766 0.321622 0.192469 0.546384
0.0 0.166711 0.114132 0.058609 0.066529
0.0 0.294461 0.118058 0.051734 0.055496
0.0 0.348234 0.114039 0.052469 0.024029
1.0 0.034805 0.104649 0.061703 0.105455
3.0 0.771422 0.146374 0.042875 0.059401
3.0 0.005836 0.212665 0.011672 0.084380
0.0 0.364891 0.130795 0.037500 0.043864
0.0 0.222094 0.132169 0.043000 0.032975
0.0 0.258523 0.135785 0.026078 0.023678
0.0 0.248945 0.133058 0.023391 0.026570
0.0 0.902898 0.338275 0.186734 0.562955
0.0 0.539992 0.178461 0.314141 0.319277
0.0 0.103492 0.137324 0.076203 0.081384
0.0 0.329664 0.126994 0.019984 0.022128
