3.0 0.508693 0.965462 0.012329 0.060732
4.0 0.535100 0.899741 0.014087 0.050618
4.0 0.528066 0.884551 0.010569 0.055670
4.0 0.526315 0.849133 0.010566 0.040492
4.0 0.499917 0.874381 0.010566 0.040492
4.0 0.559745 0.839075 0.008806 0.040489
0.0 0.538630 0.849155 0.010564 0.035434
0.0 0.510468 0.899696 0.014090 0.065795
1.0 0.459446 0.894544 0.035218 0.131602
1.0 0.471779 0.818679 0.031684 0.065827
0.0 0.568546 0.818854 0.008803 0.030371
4.0 0.557993 0.808716 0.007042 0.020249
3.0 0.547435 0.808697 0.003524 0.025302
0.0 0.536877 0.823855 0.008801 0.020253
0.0 0.533360 0.808671 0.010563 0.030375
0.0 0.577361 0.742982 0.014088 0.055676
0.0 0.531612 0.758077 0.033438 0.040534
0.0 0.505217 0.778266 0.021122 0.040512
3.0 0.431297 0.889434 0.012325 0.045556
0.0 0.357392 0.924715 0.036965 0.075955
0.0 0.364452 0.823543 0.012324 0.040496
0.0 0.327463 0.978759 0.029933 0.042481
0.0 0.272927 0.968595 0.021134 0.062809
4.0 0.288764 0.964820 0.010577 0.070360
0.0 0.237745 0.954854 0.022890 0.075929
0.0 0.241280 0.878971 0.044004 0.086086
4.0 0.225435 0.924476 0.015847 0.050621
0.0 0.207856 0.858674 0.024644 0.055696
3.0 0.197270 0.984972 0.015844 0.030056
