0.0 0.105454 0.927084 0.188724 0.145832
0.0 0.810624 0.640405 0.178678 0.253450
4.0 0.049143 0.675969 0.079615 0.137530
4.0 0.697778 0.672143 0.057946 0.180399
0.0 0.640130 0.769994 0.184346 0.348561
0.0 0.227172 0.610805 0.099589 0.091735
0.0 0.452812 0.803697 0.165946 0.249020
0.0 0.306321 0.790928 0.188666 0.230553
0.0 0.508240 0.654329 0.091881 0.131114
0.0 0.418405 0.631114 0.092522 0.109639
0.0 0.525702 0.581042 0.055198 0.080295
0.0 0.463496 0.573154 0.068282 0.092859
0.0 0.591470 0.561173 0.042698 0.081288
0.0 0.622310 0.540608 0.031309 0.071650
0.0 0.589657 0.482330 0.046027 0.049396
0.0 0.562147 0.469715 0.026869 0.041396
