0.0 0.925625 0.463094 0.148750 0.163312
0.0 0.751141 0.444000 0.034187 0.028750
0.0 0.801094 0.440302 0.019844 0.030146
0.0 0.554391 0.447281 0.019250 0.023813
0.0 0.925883 0.459937 0.148234 0.162917
0.0 0.334820 0.461208 0.078172 0.045292
0.0 0.682414 0.463885 0.111141 0.081562
0.0 0.539031 0.447135 0.020406 0.018021
0.0 0.577922 0.444927 0.035437 0.028813
0.0 0.394477 0.461656 0.024016 0.038812
0.0 0.726828 0.439938 0.018344 0.028625
0.0 0.631898 0.449802 0.024641 0.041312
0.0 0.453648 0.449375 0.024047 0.016500
0.0 0.781391 0.442375 0.035406 0.029542
