0.0 0.918047 0.316991 0.057344 0.063630
0.0 0.830484 0.316686 0.062000 0.070422
0.0 0.873719 0.317354 0.036094 0.053021
0.0 0.595992 0.375820 0.198078 0.169813
0.0 0.961672 0.314871 0.037312 0.035785
0.0 0.985297 0.307272 0.028813 0.035808
3.0 0.842055 0.557927 0.170203 0.342272
3.0 0.475781 0.735094 0.344187 0.529812
3.0 0.280781 0.604157 0.250594 0.527611
3.0 0.106570 0.557166 0.213140 0.360984
3.0 0.751984 0.458466 0.091781 0.264379
3.0 0.114180 0.374696 0.071828 0.118103
3.0 0.214914 0.376206 0.096391 0.081546
3.0 0.081922 0.374578 0.140031 0.209485
3.0 0.189164 0.338560 0.069547 0.068080
3.0 0.009914 0.370340 0.019828 0.127237
