0.0 0.073224 0.906187 0.146447 0.131556
0.0 0.161730 0.867581 0.144003 0.162266
0.0 0.465599 0.755476 0.078761 0.096388
0.0 0.287218 0.778825 0.112559 0.140396
0.0 0.328363 0.732928 0.092868 0.116299
0.0 0.517032 0.663951 0.049669 0.096657
0.0 0.441223 0.541172 0.037619 0.063853
0.0 0.501760 0.551702 0.030860 0.064730
0.0 0.463855 0.481774 0.027627 0.050421
0.0 0.424477 0.476914 0.018516 0.045291
0.0 0.443875 0.447958 0.019396 0.021329
4.0 0.490007 0.525783 0.014696 0.041578
0.0 0.565238 0.517484 0.040557 0.059263
3.0 0.537611 0.555619 0.013520 0.030508
3.0 0.562590 0.559467 0.014108 0.036044
3.0 0.576107 0.568781 0.011462 0.027269
1.0 0.436237 0.400373 0.047902 0.047789
0.0 0.540558 0.442561 0.080521 0.064596
4.0 0.611367 0.629463 0.035857 0.079512
0.0 0.690711 0.633649 0.031742 0.073032
3.0 0.698644 0.661390 0.028213 0.039824
3.0 0.715101 0.660109 0.014108 0.036044
3.0 0.729795 0.658354 0.026745 0.058251
0.0 0.853805 0.702973 0.051725 0.083764
0.0 0.849696 0.622178 0.058189 0.063988
3.0 0.994415 0.768517 0.011169 0.069320
3.0 0.993091 0.823864 0.013818 0.056833
0.0 0.919835 0.913618 0.160331 0.172765
