3.0 0.453680 0.862087 0.110320 0.275045
0.0 0.570140 0.423919 0.114880 0.067838
0.0 0.519220 0.382733 0.050160 0.038198
0.0 0.699540 0.370766 0.048120 0.035766
0.0 0.677570 0.404865 0.066620 0.047748
3.0 0.761080 0.878033 0.165040 0.234264
3.0 0.456200 0.848904 0.109000 0.266817
0.0 0.494210 0.370060 0.017900 0.021081
0.0 0.214230 0.408153 0.032220 0.030240
1.0 0.698680 0.369129 0.054480 0.040060
0.0 0.398540 0.412072 0.022520 0.027508
3.0 0.335360 0.711156 0.076480 0.423273
3.0 0.703190 0.697402 0.043260 0.168859
