0.0 0.358172 0.453844 0.096188 0.079562
0.0 0.241055 0.446854 0.104547 0.074208
0.0 0.176492 0.436177 0.061359 0.062146
0.0 0.469617 0.431063 0.022203 0.027875
0.0 0.402914 0.434958 0.037453 0.035667
3.0 0.550031 0.491323 0.038844 0.077937
0.0 0.435930 0.430021 0.025672 0.026625
0.0 0.455891 0.427604 0.020281 0.023542
0.0 0.488656 0.435313 0.027281 0.033292
0.0 0.513039 0.439677 0.034797 0.040854
0.0 0.035937 0.564583 0.068750 0.404167
0.0 0.036719 0.565625 0.070312 0.406250
3.0 0.614063 0.445833 0.015625 0.029167
0.0 0.575781 0.437500 0.023438 0.029167
