0.0 0.590625 0.680556 0.109375 0.191667
0.0 0.412500 0.608333 0.129688 0.166667
0.0 0.479688 0.519444 0.081250 0.147222
0.0 0.367188 0.461111 0.104688 0.152778
0.0 0.251563 0.411111 0.079687 0.125000
0.0 0.332812 0.344444 0.104688 0.158333
0.0 0.521875 0.394444 0.215625 0.344444
0.0 0.895312 0.391667 0.096875 0.094444
0.0 0.110938 0.461111 0.070312 0.122222
0.0 0.029687 0.475000 0.057813 0.125000
0.0 0.245313 0.241667 0.026562 0.047222
0.0 0.964063 0.411111 0.071874 0.088889
3.0 0.262500 0.486111 0.029687 0.097222
0.0 0.794531 0.909722 0.410938 0.169444
0.0 0.964844 0.341667 0.070312 0.122222
0.0 0.095313 0.401389 0.050000 0.080556
