0.0 0.134375 0.576531 0.262500 0.256803
0.0 0.245312 0.493197 0.270313 0.136054
0.0 0.148438 0.418367 0.200000 0.093537
3.0 0.590625 0.476190 0.078125 0.107143
3.0 0.796875 0.426871 0.023438 0.045918
3.0 0.675000 0.455782 0.035937 0.083333
3.0 0.626563 0.392857 0.017188 0.035714
3.0 0.962500 0.459184 0.039062 0.076531
3.0 0.868750 0.443878 0.021875 0.042517
4.0 0.909375 0.404762 0.029687 0.047619
4.0 0.845313 0.401361 0.028125 0.047619
4.0 0.831250 0.392857 0.017188 0.035714
4.0 0.803125 0.391156 0.018750 0.037415
4.0 0.768750 0.408163 0.065625 0.061224
4.0 0.737500 0.397959 0.031250 0.057823
4.0 0.096875 0.374150 0.048438 0.037415
0.0 0.045312 0.380952 0.079687 0.037415
0.0 0.425000 0.377551 0.053125 0.039116
3.0 0.307812 0.392857 0.056250 0.044218
3.0 0.409375 0.382653 0.020313 0.037415
0.0 0.489063 0.428571 0.112500 0.103741
4.0 0.523438 0.372449 0.018750 0.013605
4.0 0.645312 0.406463 0.054688 0.066327
