0.0 0.744407 0.747284 0.302596 0.220834
4.0 0.411708 0.590758 0.098167 0.067598
0.0 0.354047 0.584497 0.056028 0.050976
4.0 0.289195 0.585941 0.074855 0.069576
4.0 0.256650 0.564829 0.087177 0.041404
4.0 0.061643 0.565719 0.123286 0.069290
4.0 0.471472 0.574496 0.036257 0.045135
4.0 0.946645 0.591368 0.023720 0.025263
0.0 0.927775 0.585526 0.020673 0.015496
4.0 0.594629 0.595516 0.046046 0.058457
4.0 0.661927 0.590966 0.040851 0.048577
0.0 0.728776 0.591243 0.062661 0.030509
4.0 0.549655 0.568901 0.026318 0.030202
0.0 0.766021 0.585115 0.042890 0.024668
4.0 0.711409 0.569312 0.016829 0.020097
0.0 0.769821 0.567529 0.022518 0.012390
0.0 0.753699 0.555364 0.017775 0.007338
0.0 0.655745 0.564772 0.020372 0.012277
4.0 0.730880 0.568718 0.018526 0.015383
0.0 0.696983 0.562086 0.015928 0.010443
