0.0 0.959722 0.540625 0.080556 0.068750
0.0 0.802778 0.531250 0.091667 0.043750
0.0 0.694444 0.528125 0.072222 0.039062
3.0 0.741667 0.531250 0.025000 0.032813
0.0 0.650000 0.526563 0.022222 0.026562
0.0 0.594444 0.525000 0.044444 0.018750
3.0 0.469444 0.523438 0.025000 0.023438
0.0 0.341667 0.526563 0.050000 0.021875
0.0 0.380556 0.521875 0.025000 0.014063
0.0 0.291667 0.521875 0.033333 0.025000
4.0 0.258333 0.528125 0.036111 0.039062
4.0 0.222222 0.526563 0.036111 0.039062
4.0 0.094444 0.537500 0.111111 0.101562
