0.0 0.940625 0.525000 0.114062 0.102778
0.0 0.675000 0.819444 0.307812 0.355556
0.0 0.834375 0.788889 0.279687 0.336111
0.0 0.698438 0.375000 0.314063 0.319444
4.0 0.909375 0.447222 0.118750 0.105556
0.0 0.907813 0.694444 0.181250 0.358333
0.0 0.725000 0.561111 0.182812 0.183333
0.0 0.548438 0.391667 0.057813 0.125000
0.0 0.567187 0.602778 0.206250 0.255556
0.0 0.579688 0.530556 0.157812 0.172222
3.0 0.606250 0.486111 0.028125 0.063889
0.0 0.371875 0.600000 0.156250 0.222222
0.0 0.406250 0.475000 0.118750 0.155556
0.0 0.398438 0.294444 0.171875 0.250000
0.0 0.471875 0.247222 0.053125 0.102778
0.0 0.323437 0.363889 0.085938 0.130556
0.0 0.260937 0.427778 0.064062 0.141667
0.0 0.260937 0.300000 0.070312 0.113889
0.0 0.206250 0.316667 0.059375 0.130556
3.0 0.148438 0.308333 0.025000 0.047222
0.0 0.282813 0.269444 0.032813 0.066667
0.0 0.279687 0.241667 0.053125 0.075000
0.0 0.229687 0.241667 0.037500 0.075000
0.0 0.214062 0.211111 0.025000 0.052778
0.0 0.240625 0.200000 0.029687 0.058333
0.0 0.184375 0.219444 0.046875 0.061111
0.0 0.145313 0.197222 0.035937 0.063889
0.0 0.293750 0.155556 0.073438 0.100000
0.0 0.195312 0.111111 0.048438 0.086111
0.0 0.103125 0.169444 0.035937 0.047222
0.0 0.134375 0.138889 0.028125 0.047222
0.0 0.156250 0.122222 0.018750 0.027778
0.0 0.107813 0.127778 0.018750 0.025000
0.0 0.071875 0.111111 0.018750 0.038889
0.0 0.229687 0.127778 0.026562 0.050000
0.0 0.181250 0.866667 0.182812 0.261111
3.0 0.159375 0.677778 0.051562 0.130556
0.0 0.034375 0.961111 0.067187 0.072222
0.0 0.026562 0.755556 0.053125 0.263889
0.0 0.110937 0.577778 0.092188 0.175000
0.0 0.018750 0.544444 0.037500 0.144444
0.0 0.098437 0.452778 0.087500 0.127778
0.0 0.075000 0.375000 0.068750 0.088889
0.0 0.020313 0.427778 0.040625 0.108333
0.0 0.017969 0.359722 0.035937 0.080556
0.0 0.062500 0.300000 0.060937 0.105556
0.0 0.039062 0.222222 0.040625 0.061111
0.0 0.014844 0.301389 0.029687 0.063889
0.0 0.032813 0.188889 0.026562 0.016667
0.0 0.025000 0.169444 0.021875 0.027778
0.0 0.023438 0.150000 0.017188 0.019444
0.0 0.021875 0.130556 0.018750 0.027778
0.0 0.004687 0.205556 0.009375 0.036111
0.0 0.157812 0.083333 0.023438 0.052778
0.0 0.014063 0.105556 0.017188 0.030556
