3.0 0.155391 0.771054 0.246156 0.326183
3.0 0.660687 0.529356 0.044938 0.133794
0.0 0.132391 0.602248 0.264781 0.345293
0.0 0.670898 0.445316 0.087297 0.085480
3.0 0.899289 0.498817 0.021172 0.124379
3.0 0.792656 0.532237 0.035563 0.117822
0.0 0.592000 0.447717 0.039594 0.077447
0.0 0.764672 0.412283 0.011219 0.023443
0.0 0.810516 0.407436 0.010500 0.011499
0.0 0.506563 0.463759 0.146531 0.130515
3.0 0.617875 0.502623 0.044438 0.095925
3.0 0.749219 0.468044 0.022125 0.077354
3.0 0.878711 0.469016 0.039922 0.112740
3.0 0.914781 0.499637 0.026844 0.087518
0.0 0.688930 0.399450 0.025703 0.021803
0.0 0.711375 0.415164 0.017844 0.047424
0.0 0.035937 0.481265 0.071874 0.096019
