0.0 0.866345 0.795894 0.257649 0.388889
0.0 0.567633 0.793478 0.233494 0.335749
0.0 0.294686 0.827295 0.231884 0.282609
0.0 0.330113 0.365942 0.180354 0.224638
0.0 0.611111 0.438406 0.185185 0.292271
0.0 0.492754 0.247585 0.161031 0.214976
0.0 0.825282 0.270531 0.152979 0.198068
0.0 0.074074 0.836957 0.144928 0.292271
0.0 0.403382 0.632850 0.207729 0.246377
0.0 0.790660 0.518116 0.144928 0.258454
0.0 0.640097 0.234300 0.120773 0.154589
0.0 0.857488 0.119565 0.111111 0.152174
0.0 0.459742 0.148551 0.101449 0.147343
0.0 0.528180 0.078502 0.109501 0.137681
