0.0 0.550453 0.493069 0.043375 0.042446
0.0 0.274852 0.439742 0.055234 0.024807
0.0 0.955258 0.433348 0.057891 0.030987
0.0 0.800164 0.333412 0.017516 0.019099
0.0 0.399258 0.331116 0.033078 0.018069
0.0 0.414516 0.325408 0.025062 0.017554
0.0 0.707953 0.444002 0.040031 0.028348
1.0 0.778625 0.303573 0.034250 0.019335
0.0 0.781766 0.278015 0.023094 0.013283
0.0 0.762039 0.310354 0.021516 0.012339
0.0 0.614898 0.311706 0.017266 0.025172
0.0 0.440734 0.301245 0.025125 0.015451
0.0 0.762414 0.290193 0.017891 0.017082
