0.0 0.781250 0.928309 0.062500 0.125000
0.0 0.796875 0.775735 0.035937 0.071691
0.0 0.823437 0.713235 0.017188 0.044118
0.0 0.823437 0.667279 0.017188 0.029412
0.0 0.935938 0.678309 0.014063 0.029412
4.0 0.693750 0.917279 0.051562 0.110294
4.0 0.714062 0.851103 0.039062 0.080882
4.0 0.807812 0.722426 0.021875 0.034926
3.0 0.881250 0.751838 0.014063 0.044118
3.0 0.435937 0.909926 0.073438 0.038603
3.0 0.457812 0.897059 0.071875 0.034926
3.0 0.487500 0.887868 0.062500 0.040441
3.0 0.500000 0.871324 0.065625 0.044118
3.0 0.557812 0.829044 0.059375 0.044118
0.0 0.671875 0.838235 0.059375 0.075368
0.0 0.631250 0.797794 0.126562 0.044118
0.0 0.667187 0.784926 0.100000 0.044118
0.0 0.681250 0.764706 0.128125 0.064338
0.0 0.754688 0.720588 0.045312 0.071691
0.0 0.714062 0.698529 0.032813 0.044118
0.0 0.809375 0.693015 0.018750 0.023897
4.0 0.803125 0.672794 0.014063 0.023897
0.0 0.851562 0.643382 0.017188 0.022059
0.0 0.831250 0.634191 0.012500 0.014706
0.0 0.842188 0.623162 0.012500 0.011029
0.0 0.760937 0.658088 0.020313 0.023897
0.0 0.893750 0.650735 0.015625 0.018382
0.0 0.984375 0.658088 0.009375 0.020221
0.0 0.995313 0.670956 0.009374 0.058824
3.0 0.906250 0.625000 0.006250 0.012868
1.0 0.829687 0.588235 0.009375 0.016544
4.0 0.810938 0.648897 0.012500 0.020221
0.0 0.782812 0.630515 0.014063 0.014706
1.0 0.793750 0.608456 0.017188 0.018382
4.0 0.392188 0.959559 0.132812 0.075368
