3.0 0.037250 0.445662 0.040788 0.118995
3.0 0.076968 0.473126 0.046782 0.129907
3.0 0.136108 0.499665 0.036498 0.126976
0.0 0.014181 0.425741 0.028363 0.088703
4.0 0.156666 0.486145 0.018254 0.054285
0.0 0.292097 0.563488 0.059381 0.084411
4.0 0.350670 0.596323 0.041945 0.094782
3.0 0.411852 0.697725 0.042229 0.097931
4.0 0.452957 0.651305 0.040515 0.097442
4.0 0.181808 0.499768 0.025110 0.056239
0.0 0.120376 0.459657 0.024838 0.034687
4.0 0.552677 0.715242 0.055068 0.129199
4.0 0.664406 0.801978 0.114438 0.232014
3.0 0.381545 0.643876 0.026825 0.056727
