0.0 0.272804 0.759764 0.179478 0.432594
0.0 0.036488 0.788511 0.072976 0.279281
0.0 0.497264 0.926880 0.145989 0.146239
0.0 0.614967 0.919834 0.131003 0.160333
0.0 0.526625 0.795295 0.136613 0.204566
0.0 0.400018 0.807885 0.124516 0.226475
0.0 0.131210 0.736562 0.123505 0.277081
0.0 0.370913 0.642496 0.098208 0.186326
0.0 0.463382 0.651588 0.102038 0.198900
0.0 0.090248 0.651055 0.079863 0.141508
0.0 0.128850 0.566464 0.075227 0.110883
0.0 0.094474 0.482037 0.087524 0.166656
0.0 0.426553 0.584942 0.065753 0.118290
0.0 0.240907 0.545430 0.060749 0.042807
0.0 0.164196 0.517707 0.062191 0.111733
0.0 0.412639 0.525081 0.058226 0.096152
0.0 0.343659 0.547115 0.061823 0.066875
0.0 0.246081 0.503850 0.062092 0.072892
0.0 0.219165 0.475194 0.071800 0.107335
0.0 0.313987 0.505885 0.062629 0.084927
0.0 0.359784 0.483084 0.056311 0.089864
0.0 0.402422 0.456735 0.052213 0.071273
0.0 0.298159 0.451772 0.056615 0.060048
0.0 0.337773 0.418867 0.058262 0.060318
0.0 0.371776 0.400194 0.047274 0.070464
0.0 0.284818 0.416250 0.046603 0.055421
0.0 0.334579 0.378946 0.029734 0.043697
0.0 0.231595 0.419651 0.054969 0.059778
0.0 0.166444 0.430189 0.053421 0.098351
0.0 0.362398 0.350169 0.034540 0.041498
0.0 0.260086 0.375831 0.058933 0.075361
0.0 0.201790 0.381431 0.039981 0.090174
0.0 0.319726 0.340146 0.031919 0.056001
0.0 0.294492 0.348133 0.030540 0.061749
0.0 0.214516 0.207745 0.104228 0.064864
0.0 0.294690 0.269371 0.026308 0.040149
0.0 0.187805 0.248825 0.030844 0.031934
0.0 0.331180 0.269289 0.024796 0.042888
0.0 0.328120 0.226361 0.044687 0.049135
0.0 0.809813 0.841700 0.124147 0.181617
0.0 0.888667 0.672789 0.209926 0.309162
0.0 0.760986 0.709446 0.081913 0.150804
0.0 0.643685 0.699317 0.080570 0.120718
0.0 0.600807 0.619557 0.096497 0.111382
0.0 0.772539 0.599209 0.058226 0.096152
0.0 0.656213 0.604392 0.041493 0.087436
0.0 0.633934 0.546192 0.066056 0.088474
0.0 0.649523 0.494196 0.074288 0.089823
0.0 0.470421 0.270893 0.058127 0.057310
0.0 0.775492 0.533021 0.047543 0.076481
0.0 0.750225 0.504637 0.039176 0.072123
4.0 0.721761 0.436331 0.020966 0.030315
4.0 0.814435 0.515159 0.029332 0.034672
