0.0 0.794891 0.679055 0.016969 0.021071
0.0 0.769922 0.681651 0.013062 0.017107
0.0 0.773039 0.656390 0.011609 0.021344
0.0 0.776687 0.636128 0.013062 0.023781
0.0 0.801156 0.657392 0.011687 0.017608
0.0 0.825055 0.450718 0.010953 0.019112
1.0 0.167359 0.153280 0.012156 0.020774
1.0 0.795047 0.628292 0.012406 0.022369
0.0 0.838211 0.476230 0.026141 0.017699
0.0 0.833594 0.379829 0.014438 0.016970
0.0 0.589086 0.514943 0.031578 0.013941
1.0 0.149141 0.172221 0.011500 0.033007
1.0 0.076578 0.338360 0.014750 0.031116
0.0 0.263281 0.677677 0.020313 0.020501
0.0 0.719531 0.820046 0.007812 0.013667
