4.0 0.607557 0.681256 0.314392 0.637487
4.0 0.176050 0.711033 0.352099 0.577934
0.0 0.790026 0.381433 0.226367 0.223357
0.0 0.056254 0.469342 0.112507 0.376043
0.0 0.159921 0.272122 0.070274 0.176365
0.0 0.675894 0.272781 0.095130 0.063621
0.0 0.845897 0.244477 0.151418 0.094185
0.0 0.758748 0.219035 0.170420 0.075959
0.0 0.688893 0.210057 0.133783 0.080882
0.0 0.436266 0.127747 0.111320 0.102133
4.0 0.278881 0.270325 0.072023 0.176432
3.0 0.084403 0.297698 0.059670 0.166487
0.0 0.028519 0.225064 0.057038 0.111478
4.0 0.196482 0.286156 0.058113 0.182218
