0.0 0.225000 0.636111 0.129688 0.222222
0.0 0.365625 0.594444 0.071875 0.136111
0.0 0.435937 0.580556 0.056250 0.122222
4.0 0.528125 0.577778 0.129688 0.197222
4.0 0.693750 0.541667 0.065625 0.147222
4.0 0.628125 0.555556 0.043750 0.130556
0.0 0.221875 0.550000 0.142187 0.113889
0.0 0.135937 0.619444 0.067187 0.119444
3.0 0.090625 0.616667 0.032813 0.108333
4.0 0.131250 0.583333 0.031250 0.050000
0.0 0.312500 0.572222 0.028125 0.047222
0.0 0.468750 0.552778 0.023438 0.058333
0.0 0.009375 0.579167 0.018750 0.180556
