3.0 0.510938 0.802778 0.718750 0.386111
4.0 0.034375 0.505556 0.040625 0.116667
4.0 0.103125 0.502778 0.082812 0.133333
4.0 0.145313 0.472222 0.048438 0.100000
4.0 0.201563 0.461111 0.070312 0.111111
4.0 0.232813 0.441667 0.037500 0.072222
4.0 0.270313 0.433333 0.021875 0.080556
0.0 0.310937 0.430556 0.057813 0.097222
4.0 0.373437 0.422222 0.076563 0.094444
0.0 0.448437 0.413889 0.067187 0.130556
0.0 0.410938 0.405556 0.015625 0.088889
0.0 0.487500 0.380556 0.023438 0.050000
0.0 0.535937 0.369444 0.015625 0.036111
4.0 0.506250 0.375000 0.012500 0.041667
4.0 0.623437 0.361111 0.045312 0.063889
0.0 0.765625 0.330556 0.125000 0.125000
4.0 0.864062 0.338889 0.054688 0.072222
