0.0 0.140625 0.658333 0.256250 0.308333
0.0 0.553125 0.550000 0.078125 0.080556
3.0 0.351562 0.605556 0.031250 0.086111
3.0 0.401563 0.580556 0.021875 0.077778
3.0 0.429688 0.575000 0.020313 0.055556
0.0 0.484375 0.508333 0.045312 0.072222
0.0 0.442187 0.530556 0.014063 0.036111
0.0 0.384375 0.541667 0.021875 0.063889
0.0 0.303125 0.533333 0.021875 0.022222
0.0 0.231250 0.550000 0.048438 0.036111
0.0 0.417188 0.522222 0.015625 0.022222
1.0 0.546875 0.501393 0.062500 0.083565
0.0 0.967969 0.509749 0.060937 0.089136
