0.0 0.188769 0.760732 0.377539 0.277189
0.0 0.925718 0.905758 0.110646 0.188485
4.0 0.143734 0.537849 0.125529 0.242914
4.0 0.230646 0.498987 0.112478 0.199637
4.0 0.289037 0.474024 0.080450 0.148611
4.0 0.313949 0.446844 0.065031 0.146532
4.0 0.337511 0.416829 0.049986 0.098032
4.0 0.361290 0.384427 0.025127 0.042075
0.0 0.351955 0.469952 0.034246 0.126105
0.0 0.451369 0.505704 0.210022 0.385701
0.0 0.697957 0.652098 0.363901 0.571576
0.0 0.937103 0.543432 0.125794 0.186184
0.0 0.742998 0.419991 0.251939 0.141772
