0.0 0.810749 0.538944 0.378502 0.264567
3.0 0.556024 0.411463 0.104161 0.057473
4.0 0.908106 0.367170 0.126711 0.050603
4.0 0.768135 0.376219 0.065728 0.048703
0.0 0.262549 0.433068 0.197048 0.118382
3.0 0.389361 0.503771 0.132219 0.253373
0.0 0.670756 0.321032 0.208034 0.056027
0.0 0.203417 0.348314 0.163123 0.107891
0.0 0.338966 0.358338 0.126643 0.036741
0.0 0.478895 0.340623 0.095052 0.041852
0.0 0.974259 0.330579 0.051482 0.024436
3.0 0.586880 0.486763 0.102174 0.112922
1.0 0.038009 0.399949 0.076018 0.438757
