0.0 0.867015 0.837730 0.265970 0.242481
0.0 0.110492 0.836298 0.220984 0.242481
0.0 0.083486 0.624132 0.166972 0.165985
0.0 0.211973 0.602480 0.150769 0.147220
4.0 0.833035 0.559171 0.119266 0.116910
4.0 0.747526 0.523089 0.058509 0.093816
0.0 0.187218 0.487015 0.135016 0.088044
0.0 0.650768 0.602473 0.128268 0.189076
0.0 0.288479 0.485570 0.058508 0.080826
0.0 0.632763 0.489895 0.076509 0.043301
0.0 0.693518 0.432162 0.085511 0.075054
0.0 0.369491 0.632787 0.258787 0.401245
0.0 0.540503 0.471133 0.060759 0.095260
0.0 0.583255 0.394636 0.069758 0.053404
0.0 0.288476 0.401858 0.072009 0.053404
0.0 0.360483 0.411960 0.067508 0.038971
4.0 0.527000 0.403298 0.036004 0.033196
4.0 0.477496 0.423504 0.036004 0.017320
0.0 0.659763 0.372986 0.067508 0.038971
3.0 0.412239 0.406186 0.022503 0.028867
0.0 0.468493 0.393195 0.049506 0.038971
4.0 0.506747 0.370102 0.022503 0.037527
0.0 0.567503 0.355668 0.054006 0.023094
0.0 0.351481 0.371548 0.038255 0.033196
0.0 0.488744 0.341236 0.047255 0.021651
0.0 0.412237 0.367216 0.056256 0.034640
0.0 0.362732 0.344124 0.047255 0.020207
0.0 0.425738 0.339793 0.045005 0.020207
0.0 0.394234 0.319588 0.033754 0.018764
0.0 0.637259 0.344120 0.049505 0.015878
0.0 0.617007 0.323914 0.045005 0.018764
0.0 0.407735 0.302268 0.040505 0.014434
0.0 0.441489 0.322473 0.033754 0.014434
0.0 0.497745 0.305152 0.036004 0.025980
0.0 0.545000 0.331132 0.038255 0.023094
0.0 0.463991 0.300823 0.033754 0.017320
0.0 0.090233 0.378768 0.180466 0.073612
0.0 0.030601 0.331140 0.061201 0.021651
0.0 0.034541 0.463925 0.069081 0.044745
0.0 0.578753 0.300821 0.027003 0.018764
