3.0 0.376928 0.345970 0.065931 0.054260
3.0 0.706051 0.804820 0.124548 0.132000
3.0 0.677872 0.532940 0.087766 0.076600
3.0 0.802965 0.944060 0.092314 0.108680
3.0 0.158511 0.750260 0.037606 0.124080
0.0 0.487513 0.087580 0.017686 0.011880
3.0 0.254229 0.527030 0.107819 0.078820
0.0 0.499269 0.077570 0.022048 0.009540
3.0 0.881742 0.950660 0.101995 0.098680
3.0 0.304734 0.518300 0.040532 0.088880
3.0 0.346343 0.374280 0.024176 0.056040
0.0 0.523750 0.095310 0.029840 0.029980
3.0 0.684069 0.626140 0.019362 0.038720
