0.0 0.176453 0.774232 0.097500 0.040390
0.0 0.319102 0.765585 0.052297 0.027087
0.0 0.278930 0.782179 0.051391 0.026376
0.0 0.354070 0.785115 0.053297 0.025596
0.0 0.336367 0.781124 0.036891 0.026009
1.0 0.863750 0.785516 0.035969 0.032683
0.0 0.472070 0.784071 0.012359 0.024151
0.0 0.523766 0.786399 0.038437 0.023028
0.0 0.713047 0.786674 0.040563 0.021101
0.0 0.672703 0.787110 0.023813 0.017936
0.0 0.956922 0.787202 0.033594 0.023486
0.0 0.745406 0.787890 0.051156 0.027798
0.0 0.693531 0.783555 0.025000 0.018853
0.0 0.790734 0.788911 0.031281 0.021170
0.0 0.821320 0.788349 0.033203 0.022982
1.0 0.629992 0.777087 0.062359 0.046743
0.0 0.473437 0.763761 0.943750 0.133028
0.0 0.010156 0.776376 0.017188 0.025229
