0.0 0.829688 0.820093 0.118750 0.172897
0.0 0.945312 0.967290 0.106250 0.046729
0.0 0.973437 0.789720 0.050000 0.149533
0.0 0.945312 0.686916 0.103125 0.126168
0.0 0.921875 0.586449 0.071875 0.105140
0.0 0.745313 0.558411 0.082812 0.137850
0.0 0.950000 0.535047 0.051562 0.100467
0.0 0.678125 0.500000 0.068750 0.084112
0.0 0.785937 0.502336 0.062500 0.088785
0.0 0.832812 0.415888 0.103125 0.163551
0.0 0.725000 0.425234 0.048438 0.077103
0.0 0.923438 0.341121 0.071875 0.056075
0.0 0.778125 0.369159 0.050000 0.119159
0.0 0.695312 0.387850 0.054688 0.077103
0.0 0.625000 0.390187 0.054688 0.081776
0.0 0.656250 0.376168 0.023438 0.058411
0.0 0.742188 0.352804 0.023438 0.046729
0.0 0.625000 0.336449 0.039062 0.035047
0.0 0.682813 0.327103 0.040625 0.046729
0.0 0.807813 0.301402 0.059375 0.051402
3.0 0.718750 0.310748 0.012500 0.030374
0.0 0.803125 0.235981 0.048438 0.037383
0.0 0.718750 0.228972 0.050000 0.042056
0.0 0.693750 0.278037 0.028125 0.042056
0.0 0.662500 0.245327 0.039062 0.063084
0.0 0.481250 0.207944 0.051562 0.046729
0.0 0.390625 0.217290 0.039062 0.046729
0.0 0.346875 0.221963 0.054688 0.056075
0.0 0.446875 0.252336 0.040625 0.060748
0.0 0.315625 0.268692 0.050000 0.044393
0.0 0.421875 0.231308 0.023438 0.028037
0.0 0.492188 0.247664 0.014063 0.028037
0.0 0.528125 0.245327 0.023438 0.030374
0.0 0.359375 0.275701 0.029687 0.028037
0.0 0.412500 0.271028 0.039062 0.025701
0.0 0.384375 0.261682 0.023438 0.025701
0.0 0.460938 0.271028 0.029687 0.025701
0.0 0.375000 0.287383 0.031250 0.025701
0.0 0.515625 0.266355 0.023438 0.018692
0.0 0.521875 0.299065 0.037500 0.035047
0.0 0.495312 0.299065 0.012500 0.025701
0.0 0.231250 0.313084 0.081250 0.053738
0.0 0.292187 0.296729 0.015625 0.056075
0.0 0.278125 0.327103 0.018750 0.086449
0.0 0.384375 0.343458 0.070312 0.072430
0.0 0.340625 0.364486 0.014063 0.039720
0.0 0.457813 0.380841 0.040625 0.053738
0.0 0.512500 0.364486 0.062500 0.091121
0.0 0.526563 0.413551 0.056250 0.088785
0.0 0.412500 0.387850 0.051562 0.044393
0.0 0.307812 0.427570 0.051562 0.074766
0.0 0.321875 0.443925 0.059375 0.039720
0.0 0.367188 0.422897 0.048438 0.060748
0.0 0.317188 0.385514 0.046875 0.042056
0.0 0.420312 0.427570 0.054688 0.058411
0.0 0.390625 0.469626 0.053125 0.063084
0.0 0.157812 0.366822 0.032813 0.063084
0.0 0.228125 0.376168 0.109375 0.079439
0.0 0.225000 0.467290 0.098437 0.123832
0.0 0.328125 0.523364 0.076563 0.088785
0.0 0.320312 0.464953 0.062500 0.044393
0.0 0.296875 0.572430 0.090625 0.095794
0.0 0.107813 0.420561 0.114062 0.081776
0.0 0.131250 0.497664 0.121875 0.109813
0.0 0.168750 0.630841 0.132812 0.240654
0.0 0.395313 0.556075 0.056250 0.072430
0.0 0.420312 0.539720 0.051562 0.074766
0.0 0.426563 0.523364 0.071875 0.095794
0.0 0.495312 0.448598 0.054688 0.060748
0.0 0.506250 0.476636 0.056250 0.067757
0.0 0.531250 0.488318 0.062500 0.037383
0.0 0.521875 0.514019 0.067187 0.042056
0.0 0.515625 0.593458 0.087500 0.105140
0.0 0.410938 0.598131 0.081250 0.053738
0.0 0.278125 0.623832 0.084375 0.093458
0.0 0.335938 0.670561 0.051562 0.093458
0.0 0.465625 0.663551 0.085938 0.095794
0.0 0.382812 0.714953 0.101562 0.154206
0.0 0.509375 0.750000 0.118750 0.198598
0.0 0.582812 0.721963 0.026562 0.128505
0.0 0.557813 0.878505 0.128125 0.156542
0.0 0.589063 0.946262 0.143750 0.093458
0.0 0.381250 0.920561 0.132812 0.135514
0.0 0.210938 0.757009 0.114062 0.149533
0.0 0.281250 0.820093 0.129688 0.228972
0.0 0.037500 0.481308 0.062500 0.037383
0.0 0.039062 0.523364 0.062500 0.042056
0.0 0.031250 0.563084 0.062500 0.049065
0.0 0.015625 0.607477 0.031250 0.088785
0.0 0.060937 0.642523 0.064062 0.116822
0.0 0.024219 0.709112 0.048438 0.109813
0.0 0.007812 0.789720 0.015624 0.128505
0.0 0.106250 0.880841 0.114062 0.137850
0.0 0.054688 0.925234 0.098437 0.135514
0.0 0.264062 0.971963 0.134375 0.042056
