0.0 0.212763 0.541930 0.016239 0.005484
0.0 0.481239 0.748875 0.049874 0.023563
0.0 0.931870 0.701492 0.033950 0.010547
1.0 0.485357 0.706883 0.057731 0.083547
1.0 0.521954 0.704406 0.059202 0.083187
0.0 0.733782 0.815266 0.050840 0.022219
0.0 0.941481 0.719117 0.054769 0.016016
0.0 0.244065 0.527258 0.023424 0.012391
1.0 0.130567 0.895742 0.139076 0.075234
1.0 0.952185 0.788656 0.057605 0.040688
1.0 0.310693 0.628586 0.026008 0.022172
1.0 0.385714 0.635602 0.050924 0.033672
1.0 0.671723 0.868109 0.104832 0.052500
0.0 0.930525 0.707086 0.049832 0.018641
