0.0 0.884743 0.712392 0.199304 0.575217
0.0 0.273436 0.447752 0.065755 0.115205
4.0 0.931109 0.313991 0.098207 0.212076
4.0 0.870821 0.315579 0.049686 0.175883
4.0 0.815127 0.325780 0.058680 0.170301
3.0 0.685800 0.364117 0.030775 0.076459
3.0 0.742782 0.327686 0.016968 0.047000
0.0 0.644791 0.327356 0.062449 0.080204
0.0 0.095401 0.684503 0.157733 0.630995
0.0 0.357815 0.442619 0.123659 0.192380
0.0 0.581829 0.369767 0.023530 0.111184
0.0 0.110271 0.405477 0.189148 0.275573
0.0 0.600985 0.316867 0.062231 0.054012
