0.0 0.663852 0.844532 0.123953 0.134169
0.0 0.858805 0.836838 0.124578 0.129415
0.0 0.553133 0.830234 0.046578 0.099438
0.0 0.430125 0.808197 0.126812 0.080656
0.0 0.611437 0.633677 0.042375 0.050679
0.0 0.737422 0.812037 0.058250 0.080703
0.0 0.691445 0.770340 0.067172 0.030328
0.0 0.772648 0.824415 0.094297 0.111639
0.0 0.550914 0.820164 0.058422 0.105480
0.0 0.539055 0.811042 0.064609 0.101991
0.0 0.660273 0.734649 0.043609 0.043162
0.0 0.614461 0.819578 0.104484 0.153255
0.0 0.682125 0.745597 0.054344 0.026698
1.0 0.713742 0.715398 0.053391 0.072529
0.0 0.710938 0.690867 0.393750 0.196721
