0.0 0.959375 0.488889 0.079687 0.241667
0.0 0.798438 0.550000 0.140625 0.125000
4.0 0.885938 0.497222 0.028125 0.075000
0.0 0.906250 0.494444 0.025000 0.041667
4.0 0.454688 0.611111 0.170313 0.302778
4.0 0.692187 0.522222 0.068750 0.102778
4.0 0.548438 0.463889 0.020313 0.036111
4.0 0.679688 0.475000 0.026562 0.041667
3.0 0.623437 0.541667 0.067187 0.069444
0.0 0.585938 0.502778 0.089063 0.069444
4.0 0.225000 0.483333 0.031250 0.080556
4.0 0.271875 0.486111 0.032813 0.080556
4.0 0.129688 0.472222 0.028125 0.066667
4.0 0.014063 0.486111 0.028125 0.075000
0.0 0.181250 0.480556 0.051562 0.058333
0.0 0.209375 0.422222 0.035937 0.041667
0.0 0.251563 0.436111 0.045312 0.083333
0.0 0.173437 0.433333 0.012500 0.016667
0.0 0.189062 0.441667 0.018750 0.033333
0.0 0.306250 0.466667 0.028125 0.055556
0.0 0.520312 0.488889 0.039062 0.075000
0.0 0.737500 0.458333 0.134375 0.069444
4.0 0.745313 0.488889 0.025000 0.072222
4.0 0.857812 0.494444 0.034375 0.047222
