0.0 0.781250 0.727778 0.437500 0.538889
0.0 0.526562 0.430556 0.164062 0.172222
0.0 0.415625 0.402778 0.089063 0.127778
0.0 0.928125 0.386111 0.062500 0.116667
0.0 0.639062 0.361111 0.035937 0.055556
0.0 0.270312 0.341667 0.207813 0.266667
0.0 0.073438 0.358333 0.126562 0.169444
0.0 0.018750 0.336111 0.035937 0.138889
0.0 0.156250 0.361111 0.029687 0.072222
3.0 0.835938 0.413889 0.045312 0.102778
3.0 0.767187 0.408333 0.035937 0.086111
0.0 0.534375 0.358333 0.106250 0.105556
0.0 0.598438 0.347222 0.029687 0.097222
3.0 0.696875 0.380556 0.031250 0.047222
