0.0 0.212500 0.855556 0.100000 0.169444
0.0 0.348438 0.869444 0.089063 0.175000
0.0 0.468750 0.866667 0.098437 0.191667
0.0 0.671875 0.922222 0.123438 0.141667
0.0 0.764062 0.875000 0.128125 0.183333
0.0 0.742188 0.761111 0.084375 0.172222
0.0 0.678125 0.727778 0.056250 0.102778
0.0 0.648438 0.686111 0.068750 0.108333
0.0 0.567187 0.700000 0.046875 0.111111
0.0 0.496875 0.700000 0.076563 0.119444
0.0 0.395313 0.694444 0.082812 0.177778
0.0 0.323437 0.705556 0.054688 0.125000
0.0 0.390625 0.597222 0.071875 0.111111
0.0 0.606250 0.836111 0.101562 0.161111
0.0 0.237500 0.772222 0.090625 0.147222
0.0 0.250000 0.650000 0.076563 0.166667
0.0 0.310937 0.600000 0.045312 0.080556
0.0 0.306250 0.552778 0.048438 0.036111
0.0 0.318750 0.502778 0.042188 0.075000
0.0 0.382812 0.508333 0.042188 0.077778
0.0 0.464062 0.547222 0.053125 0.133333
0.0 0.518750 0.522222 0.048438 0.083333
0.0 0.512500 0.416667 0.053125 0.105556
0.0 0.503125 0.347222 0.040625 0.069444
0.0 0.551562 0.397222 0.043750 0.091667
0.0 0.445312 0.341667 0.028125 0.047222
0.0 0.400000 0.327778 0.025000 0.044444
0.0 0.375000 0.397222 0.026562 0.041667
0.0 0.392188 0.450000 0.035937 0.044444
0.0 0.443750 0.433333 0.029687 0.050000
0.0 0.448437 0.386111 0.020313 0.038889
0.0 0.407813 0.425000 0.028125 0.047222
1.0 0.456250 0.486111 0.045312 0.061111
0.0 0.559375 0.613889 0.065625 0.125000
0.0 0.573438 0.652778 0.056250 0.088889
0.0 0.475000 0.661111 0.065625 0.144444
0.0 0.173437 0.500000 0.050000 0.066667
0.0 0.201563 0.455556 0.040625 0.041667
3.0 0.279687 0.377778 0.012500 0.041667
0.0 0.304688 0.388889 0.023438 0.030556
0.0 0.332813 0.355556 0.018750 0.019444
0.0 0.450000 0.288889 0.018750 0.027778
0.0 0.620313 0.522222 0.056250 0.077778
0.0 0.645312 0.555556 0.043750 0.050000
0.0 0.729688 0.647222 0.051562 0.036111
0.0 0.701562 0.625000 0.043750 0.069444
0.0 0.656250 0.605556 0.056250 0.061111
0.0 0.596875 0.761111 0.084375 0.119444
0.0 0.496875 0.791667 0.090625 0.161111
0.0 0.346875 0.766667 0.084375 0.122222
