3.0 0.575125 0.791009 0.309625 0.368545
3.0 0.771477 0.452617 0.032391 0.093545
3.0 0.778867 0.833944 0.223016 0.306479
3.0 0.610633 0.514296 0.139891 0.199061
3.0 0.502391 0.661737 0.260531 0.394085
3.0 0.458672 0.615575 0.236156 0.348052
3.0 0.790969 0.675329 0.243781 0.238967
3.0 0.685211 0.501573 0.055922 0.150845
3.0 0.719633 0.527324 0.057703 0.096526
3.0 0.358750 0.644155 0.074344 0.124695
3.0 0.747742 0.485716 0.039766 0.077911
3.0 0.580914 0.543920 0.152141 0.195258
3.0 0.340789 0.578850 0.123672 0.144695
3.0 0.724219 0.537559 0.357812 0.215962
