0.0 0.218230 0.647751 0.183473 0.332691
0.0 0.289325 0.508481 0.092813 0.189861
0.0 0.144291 0.618521 0.159906 0.303835
4.0 0.522314 0.371629 0.021364 0.059096
0.0 0.480328 0.382165 0.024080 0.059241
0.0 0.428596 0.379396 0.067280 0.125023
0.0 0.539000 0.312678 0.036871 0.093042
0.0 0.674557 0.366267 0.037717 0.062729
0.0 0.652068 0.323231 0.034293 0.101184
0.0 0.730604 0.302450 0.026705 0.053862
4.0 0.799663 0.445296 0.028531 0.081558
4.0 0.835886 0.415715 0.028438 0.076033
4.0 0.889256 0.434985 0.031295 0.084464
4.0 0.802712 0.384308 0.020004 0.059023
0.0 0.801826 0.331825 0.025207 0.045502
0.0 0.453203 0.306199 0.041933 0.071233
0.0 0.085334 0.751613 0.036533 0.233773
