1.0 0.584352 0.582656 0.046578 0.068562
1.0 0.660844 0.595833 0.074531 0.049042
1.0 0.884328 0.548083 0.085031 0.039792
1.0 0.746906 0.594740 0.053594 0.050438
1.0 0.513328 0.588740 0.076375 0.052438
1.0 0.413281 0.595583 0.050875 0.041625
1.0 0.291922 0.594094 0.064906 0.044896
1.0 0.349070 0.559000 0.082453 0.042000
1.0 0.028453 0.667938 0.056906 0.060042
1.0 0.105422 0.551073 0.036937 0.028771
1.0 0.251211 0.554177 0.072234 0.046312
1.0 0.037203 0.573948 0.074406 0.076062
1.0 0.929906 0.482979 0.040281 0.026042
1.0 0.799219 0.550000 0.076563 0.037500
1.0 0.186719 0.559375 0.064062 0.060417
