0.0 0.341657 0.840158 0.124899 0.165649
3.0 0.435013 0.944662 0.087811 0.110677
0.0 0.044931 0.773512 0.089863 0.182829
0.0 0.774451 0.495423 0.217580 0.192375
0.0 0.813074 0.847322 0.373852 0.305357
0.0 0.188799 0.288027 0.268891 0.225844
0.0 0.379672 0.563457 0.197958 0.159924
0.0 0.680652 0.610675 0.156691 0.127727
0.0 0.894111 0.616532 0.163042 0.161493
0.0 0.729540 0.356542 0.151790 0.130102
4.0 0.927416 0.457290 0.084825 0.121617
3.0 0.451724 0.403072 0.061613 0.082718
3.0 0.606573 0.443881 0.065928 0.107237
0.0 0.064430 0.412821 0.128860 0.151608
0.0 0.120184 0.530578 0.206932 0.176043
0.0 0.254500 0.474948 0.160282 0.134175
0.0 0.990462 0.581050 0.019077 0.117799
0.0 0.312526 0.559490 0.068084 0.119496
0.0 0.446549 0.490200 0.145215 0.132266
0.0 0.582321 0.692055 0.062217 0.097777
