3.0 0.182063 0.539479 0.012281 0.031875
3.0 0.608812 0.252698 0.032813 0.024146
3.0 0.558852 0.248698 0.034953 0.026187
3.0 0.362867 0.859823 0.014203 0.042063
0.0 0.237570 0.415438 0.062359 0.113458
0.0 0.167828 0.326396 0.054281 0.089417
0.0 0.621266 0.349646 0.078156 0.114250
0.0 0.583477 0.562990 0.053172 0.065021
0.0 0.635188 0.517375 0.046781 0.060208
0.0 0.613133 0.476448 0.051547 0.056813
0.0 0.472898 0.667948 0.039859 0.054312
0.0 0.560133 0.416042 0.041641 0.040667
0.0 0.550992 0.393323 0.044859 0.045729
0.0 0.531469 0.374594 0.039844 0.044229
0.0 0.309539 0.604750 0.053422 0.069583
0.0 0.470445 0.383750 0.038609 0.051042
0.0 0.648352 0.709969 0.049922 0.057354
0.0 0.233992 0.586146 0.058984 0.067417
0.0 0.583359 0.438417 0.042812 0.047625
0.0 0.206570 0.372688 0.065922 0.101000
0.0 0.155930 0.263406 0.060703 0.062479
1.0 0.038367 0.197063 0.042328 0.060625
1.0 0.071680 0.172958 0.040703 0.057083
0.0 0.529070 0.749948 0.050203 0.069396
1.0 0.309523 0.330635 0.046266 0.058771
1.0 0.241125 0.179937 0.041938 0.042083
0.0 0.955906 0.909781 0.074156 0.076896
1.0 0.541445 0.498854 0.046797 0.059125
1.0 0.399047 0.257250 0.079969 0.057000
0.0 0.880547 0.940906 0.069375 0.085021
0.0 0.799742 0.721052 0.050609 0.076521
1.0 0.207844 0.369010 0.051344 0.088688
0.0 0.510937 0.467708 0.978125 0.710417
1.0 0.903125 0.717708 0.050000 0.077083
0.0 0.789844 0.627083 0.070312 0.108333
0.0 0.085156 0.048958 0.089063 0.031250
