0.0 0.504094 0.439461 0.231875 0.645761
0.0 0.742125 0.762916 0.197906 0.451686
0.0 0.893312 0.426171 0.159562 0.613653
0.0 0.665773 0.471405 0.172672 0.479438
0.0 0.353805 0.421347 0.302859 0.644941
0.0 0.208367 0.773033 0.290859 0.426956
0.0 0.080930 0.764040 0.155922 0.449438
0.0 0.187188 0.375585 0.374375 0.564052
0.0 0.133570 0.285457 0.267141 0.395972
0.0 0.092523 0.132201 0.185046 0.263981
0.0 0.905109 0.126148 0.189469 0.252295
0.0 0.773945 0.123080 0.206016 0.246159
0.0 0.949617 0.779953 0.100766 0.416674
0.0 0.985156 0.352459 0.029687 0.419204
0.0 0.969531 0.137002 0.060937 0.236534
0.0 0.630469 0.119438 0.198437 0.238876
0.0 0.022656 0.217799 0.042188 0.098361
