3.0 0.728280 0.892904 0.101840 0.164192
3.0 0.456490 0.611677 0.034180 0.179880
0.0 0.677050 0.715988 0.615460 0.420240
1.0 0.252260 0.758308 0.089000 0.075419
3.0 0.582520 0.536826 0.039000 0.029701
3.0 0.245780 0.862470 0.082560 0.090090
3.0 0.254930 0.840524 0.035860 0.043443
3.0 0.201300 0.793144 0.037080 0.048503
3.0 0.604970 0.527650 0.049140 0.041647
3.0 0.678910 0.511781 0.054700 0.054281
3.0 0.694070 0.503488 0.045340 0.060389
3.0 0.753670 0.495539 0.030140 0.037665
3.0 0.779450 0.481302 0.008860 0.015419
3.0 0.637290 0.518892 0.044140 0.048503
