0.0 0.489063 0.913889 0.023438 0.047222
0.0 0.393750 0.458333 0.009375 0.016667
0.0 0.381250 0.397222 0.007812 0.013889
0.0 0.350000 0.288889 0.004687 0.011111
0.0 0.465625 0.944444 0.035937 0.102778
0.0 0.440625 0.855556 0.034375 0.125000
0.0 0.473438 0.858333 0.014063 0.036111
0.0 0.451562 0.794444 0.029687 0.038889
0.0 0.435937 0.711111 0.029687 0.075000
0.0 0.412500 0.636111 0.018750 0.066667
0.0 0.445312 0.625000 0.023438 0.063889
0.0 0.431250 0.580556 0.021875 0.055556
4.0 0.426563 0.661111 0.006250 0.016667
3.0 0.428125 0.627778 0.004687 0.019444
0.0 0.396875 0.594444 0.009375 0.025000
0.0 0.387500 0.583333 0.007812 0.025000
4.0 0.495312 0.983333 0.012500 0.025000
3.0 0.396875 0.527778 0.004687 0.016667
3.0 0.396875 0.480556 0.003125 0.013889
4.0 0.379688 0.458333 0.004687 0.016667
0.0 0.373437 0.425000 0.014063 0.044444
0.0 0.362500 0.288889 0.007812 0.019444
