0.0 0.907281 0.753850 0.185438 0.124507
0.0 0.724648 0.690587 0.062641 0.067840
0.0 0.603438 0.689390 0.119813 0.100563
3.0 0.669656 0.766045 0.110750 0.115000
3.0 0.773875 0.760822 0.110469 0.117606
3.0 0.470242 0.725622 0.024578 0.056549
3.0 0.496398 0.713908 0.030891 0.064718
3.0 0.544289 0.752124 0.043922 0.084296
0.0 0.605773 0.688732 0.123141 0.103850
3.0 0.582547 0.746185 0.041281 0.093592
3.0 0.665555 0.725681 0.031984 0.037089
3.0 0.782492 0.714941 0.029703 0.044624
3.0 0.408070 0.717899 0.026859 0.054624
