0.0 0.229789 0.349243 0.458391 0.599575
0.0 0.736406 0.141139 0.266250 0.114966
0.0 0.906609 0.143240 0.138000 0.080459
3.0 0.510687 0.524872 0.863000 0.892126
3.0 0.936609 0.810731 0.117156 0.340034
0.0 0.803602 0.105332 0.071672 0.047568
0.0 0.988500 0.131139 0.023000 0.083503
0.0 0.963383 0.140774 0.073234 0.069167
0.0 0.502336 0.115952 0.290234 0.100680
0.0 0.249250 0.095111 0.047625 0.023418
0.0 0.174445 0.093231 0.056859 0.024286
0.0 0.319195 0.091743 0.058016 0.034541
0.0 0.936602 0.107219 0.092109 0.025391
0.0 0.374727 0.092636 0.096953 0.042857
0.0 0.664062 0.093537 0.106250 0.047619
