0.0 0.675734 0.772350 0.625645 0.455301
0.0 0.083278 0.480219 0.153484 0.145686
0.0 0.423222 0.474615 0.035491 0.049311
0.0 0.744401 0.555360 0.191692 0.190454
0.0 0.561874 0.514015 0.060905 0.106659
4.0 0.497846 0.486189 0.025790 0.062591
4.0 0.528407 0.498441 0.024808 0.070107
4.0 0.630686 0.518943 0.049744 0.078335
3.0 0.488305 0.641243 0.143971 0.161588
0.0 0.250119 0.411423 0.152140 0.233086
0.0 0.365193 0.450813 0.093721 0.139888
4.0 0.046631 0.421289 0.019647 0.040564
0.0 0.020807 0.473544 0.041614 0.113643
