0.0 0.772335 0.459434 0.095930 0.163239
0.0 0.510846 0.525004 0.117294 0.219364
0.0 0.180886 0.776375 0.256560 0.417875
4.0 0.124237 0.478688 0.133937 0.219899
0.0 0.212579 0.385983 0.309983 0.216313
0.0 0.510268 0.444854 0.123170 0.114834
0.0 0.598752 0.475433 0.078305 0.202713
4.0 0.658638 0.452701 0.062799 0.177575
4.0 0.890288 0.700791 0.109263 0.598419
4.0 0.931962 0.382887 0.027254 0.090195
4.0 0.866005 0.388475 0.029998 0.087203
4.0 0.722935 0.405454 0.053824 0.112607
4.0 0.407854 0.419992 0.067724 0.116134
4.0 0.470422 0.406591 0.043991 0.099972
4.0 0.523436 0.377474 0.033629 0.034960
0.0 0.652886 0.335401 0.112994 0.068308
0.0 0.738844 0.341244 0.045066 0.069206
0.0 0.901177 0.340292 0.057361 0.051121
0.0 0.848412 0.344762 0.047778 0.063134
0.0 0.791455 0.352179 0.061896 0.088227
0.0 0.591737 0.345765 0.013168 0.068182
3.0 0.343980 0.562793 0.079332 0.304385
3.0 0.358765 0.609815 0.037839 0.177262
