0.0 0.787500 0.475000 0.420833 0.384375
0.0 0.562500 0.431250 0.091667 0.070312
0.0 0.439583 0.434375 0.100000 0.068750
3.0 0.389583 0.484375 0.085417 0.159375
4.0 0.304167 0.451562 0.102083 0.112500
4.0 0.225000 0.437500 0.060417 0.087500
4.0 0.270833 0.425000 0.052083 0.075000
4.0 0.175000 0.404687 0.072917 0.031250
0.0 0.122917 0.446875 0.179167 0.090625
0.0 0.066667 0.510938 0.133333 0.196875
0.0 0.418750 0.381250 0.162500 0.062500
4.0 0.052083 0.400000 0.068750 0.037500
0.0 0.073958 0.432812 0.085417 0.046875
