0.0 0.746875 0.783333 0.217188 0.294444
0.0 0.940625 0.633333 0.114062 0.172222
0.0 0.964063 0.541667 0.068750 0.113889
0.0 0.304688 0.694444 0.089063 0.186111
0.0 0.528125 0.550000 0.037500 0.075000
0.0 0.815625 0.577778 0.131250 0.127778
1.0 0.878125 0.516667 0.135937 0.122222
0.0 0.615625 0.588889 0.071875 0.091667
0.0 0.593750 0.522222 0.050000 0.069444
0.0 0.553125 0.477778 0.042188 0.077778
0.0 0.476562 0.477778 0.051562 0.072222
0.0 0.425000 0.644444 0.156250 0.316667
0.0 0.704688 0.491667 0.114062 0.119444
