0.0 0.321805 0.392958 0.052016 0.059042
0.0 0.728344 0.406427 0.074500 0.065229
0.0 0.602836 0.403375 0.083703 0.055792
0.0 0.504234 0.399479 0.083312 0.060375
0.0 0.107305 0.393146 0.093422 0.094750
0.0 0.857828 0.408104 0.067250 0.061167
0.0 0.554625 0.393260 0.035937 0.036229
3.0 0.510648 0.565135 0.971984 0.856938
0.0 0.209680 0.397031 0.128109 0.100687
0.0 0.275281 0.395750 0.066594 0.051667
0.0 0.430195 0.405688 0.062328 0.040042
0.0 0.814461 0.404312 0.022859 0.023833
0.0 0.128000 0.378552 0.037875 0.024729
0.0 0.690328 0.393198 0.017313 0.035312
