0.0 0.344225 0.774845 0.336764 0.450310
0.0 0.659420 0.641151 0.365927 0.419352
0.0 0.729571 0.314200 0.274623 0.390003
0.0 0.774040 0.897800 0.145365 0.204400
0.0 0.909821 0.788951 0.100093 0.157535
0.0 0.639985 0.956606 0.136167 0.086789
4.0 0.903169 0.642296 0.081176 0.192657
0.0 0.821817 0.468337 0.087675 0.112492
4.0 0.874875 0.408307 0.059040 0.219669
4.0 0.913938 0.402263 0.037662 0.160557
4.0 0.116580 0.784745 0.058685 0.097861
4.0 0.136080 0.711772 0.052359 0.063906
4.0 0.265916 0.580270 0.061966 0.126270
4.0 0.308550 0.527036 0.050136 0.167561
0.0 0.340584 0.478032 0.056696 0.166040
0.0 0.407993 0.488329 0.103252 0.087002
0.0 0.515811 0.432780 0.100266 0.101758
0.0 0.435868 0.398514 0.087616 0.092191
0.0 0.511002 0.223657 0.083869 0.134733
0.0 0.379991 0.238749 0.090955 0.140902
0.0 0.575773 0.135906 0.060793 0.070285
0.0 0.659108 0.020299 0.033385 0.040599
0.0 0.804996 0.064161 0.056167 0.100007
0.0 0.861979 0.035556 0.065420 0.071113
0.0 0.216007 0.209714 0.026238 0.052255
0.0 0.176650 0.171759 0.063954 0.058092
0.0 0.171564 0.454959 0.073210 0.115327
4.0 0.689153 0.027396 0.040412 0.054792
4.0 0.675157 0.076480 0.038362 0.054131
4.0 0.675099 0.115353 0.022315 0.033891
4.0 0.772842 0.027099 0.019095 0.054198
4.0 0.739989 0.069039 0.023604 0.072139
4.0 0.254667 0.416190 0.057399 0.176295
4.0 0.506195 0.074125 0.039416 0.069513
4.0 0.486987 0.131508 0.037893 0.066741
4.0 0.630767 0.163669 0.034615 0.096672
4.0 0.667781 0.207169 0.032974 0.053297
4.0 0.596683 0.202625 0.041994 0.087668
4.0 0.507081 0.325311 0.046386 0.093420
4.0 0.462923 0.316598 0.033151 0.114201
4.0 0.573145 0.395407 0.041057 0.112889
3.0 0.192010 0.713481 0.063548 0.149344
4.0 0.392118 0.356055 0.049900 0.086355
0.0 0.905286 0.911427 0.125685 0.161496
0.0 0.068716 0.245461 0.050312 0.170125
0.0 0.303155 0.289502 0.146068 0.225527
0.0 0.233633 0.129259 0.138804 0.158453
0.0 0.130497 0.056641 0.120003 0.113283
0.0 0.191354 0.306803 0.140034 0.176399
4.0 0.822274 0.097761 0.037425 0.079351
0.0 0.581979 0.067580 0.107002 0.102800
4.0 0.110530 0.200127 0.062785 0.118787
1.0 0.146845 0.904428 0.117756 0.191145
