3.0 0.324961 0.840479 0.535578 0.319042
3.0 0.761227 0.819750 0.191328 0.221000
3.0 0.794516 0.773219 0.170563 0.187521
3.0 0.801617 0.747510 0.159953 0.191187
3.0 0.611266 0.732240 0.178281 0.165313
0.0 0.920039 0.687906 0.078828 0.087896
0.0 0.510672 0.701125 0.141562 0.103375
3.0 0.841617 0.739271 0.140391 0.170625
0.0 0.612820 0.678646 0.122391 0.098667
0.0 0.695727 0.675052 0.063578 0.064896
0.0 0.853570 0.654719 0.034828 0.033229
0.0 0.882352 0.647833 0.031297 0.033750
0.0 0.957141 0.679219 0.029937 0.073896
0.0 0.904195 0.637531 0.027078 0.018271
0.0 0.816141 0.657698 0.053469 0.044771
0.0 0.961891 0.658333 0.039469 0.071625
3.0 0.575844 0.836271 0.315219 0.286625
