0.0 0.835156 0.925000 0.329688 0.141667
0.0 0.609375 0.908333 0.125000 0.181250
0.0 0.959375 0.810417 0.081250 0.179167
0.0 0.768750 0.835417 0.078125 0.035417
0.0 0.601562 0.758333 0.098437 0.133333
0.0 0.531250 0.708333 0.059375 0.112500
0.0 0.662500 0.760417 0.060937 0.129167
0.0 0.850000 0.785417 0.140625 0.141667
0.0 0.756250 0.729167 0.087500 0.118750
0.0 0.543750 0.647917 0.043750 0.058333
0.0 0.612500 0.670833 0.075000 0.108333
0.0 0.692188 0.662500 0.071875 0.079167
0.0 0.860937 0.712500 0.117188 0.108333
0.0 0.817188 0.639583 0.073438 0.062500
0.0 0.734375 0.618750 0.062500 0.075000
0.0 0.668750 0.614583 0.046875 0.062500
0.0 0.596875 0.591667 0.032813 0.029167
0.0 0.554688 0.622917 0.043750 0.064583
0.0 0.550000 0.577083 0.028125 0.027083
0.0 0.789062 0.585417 0.067187 0.054167
0.0 0.717187 0.575000 0.043750 0.031250
0.0 0.778125 0.550000 0.034375 0.018750
0.0 0.753125 0.543750 0.045312 0.045833
0.0 0.645313 0.570833 0.051562 0.072917
0.0 0.581250 0.556250 0.042188 0.056250
0.0 0.553125 0.543750 0.014063 0.035417
0.0 0.670312 0.554167 0.020313 0.047917
0.0 0.707813 0.547917 0.029687 0.031250
0.0 0.612500 0.554167 0.020313 0.043750
0.0 0.550000 0.525000 0.020313 0.014583
0.0 0.576562 0.520833 0.021875 0.014583
0.0 0.584375 0.514583 0.025000 0.020833
0.0 0.665625 0.533333 0.034375 0.031250
0.0 0.706250 0.531250 0.037500 0.035417
0.0 0.653125 0.508333 0.029687 0.041667
0.0 0.695312 0.508333 0.025000 0.018750
0.0 0.615625 0.520833 0.031250 0.025000
0.0 0.625000 0.502083 0.023438 0.012500
0.0 0.590625 0.497917 0.025000 0.016667
0.0 0.585938 0.485417 0.018750 0.006250
0.0 0.628125 0.483333 0.023438 0.027083
0.0 0.607812 0.458333 0.026562 0.045833
0.0 0.915625 0.500000 0.031250 0.039583
0.0 0.959375 0.504167 0.025000 0.041667
0.0 0.873438 0.481250 0.031250 0.029167
0.0 0.892187 0.489583 0.018750 0.031250
0.0 0.795313 0.443750 0.017188 0.016667
0.0 0.810938 0.445833 0.014063 0.020833
0.0 0.582813 0.429167 0.017188 0.022917
0.0 0.606250 0.410417 0.015625 0.033333
0.0 0.657813 0.483333 0.023438 0.022917
0.0 0.656250 0.464583 0.014063 0.010417
0.0 0.654687 0.456250 0.014063 0.006250
