0.0 0.803125 0.811111 0.390625 0.363889
0.0 0.760938 0.591667 0.290625 0.177778
0.0 0.635938 0.641667 0.129688 0.088889
0.0 0.457813 0.666667 0.159375 0.138889
0.0 0.284375 0.622222 0.081250 0.105556
0.0 0.331250 0.600000 0.025000 0.063889
0.0 0.209375 0.625000 0.081250 0.133333
0.0 0.059375 0.563889 0.064062 0.069444
3.0 0.095312 0.655556 0.026562 0.080556
0.0 0.187500 0.522222 0.050000 0.069444
0.0 0.473438 0.569444 0.040625 0.047222
3.0 0.165625 0.861111 0.139063 0.269444
0.0 0.948438 0.643454 0.100000 0.083565
0.0 0.184375 0.575209 0.046875 0.052925
3.0 0.192188 0.956825 0.093750 0.080780
