0.0 0.228266 0.573760 0.022094 0.014729
0.0 0.245211 0.569979 0.020734 0.013000
0.0 0.212508 0.573937 0.025234 0.014750
0.0 0.212844 0.586052 0.030375 0.020562
0.0 0.181438 0.581240 0.021969 0.016063
0.0 0.156719 0.566062 0.013781 0.011500
0.0 0.474141 0.526687 0.015719 0.013792
0.0 0.464945 0.528260 0.015141 0.012687
0.0 0.888516 0.932906 0.054562 0.037021
0.0 0.905109 0.924656 0.051687 0.041854
0.0 0.929273 0.898167 0.059016 0.038875
0.0 0.940695 0.879292 0.059672 0.041708
0.0 0.861266 0.417260 0.031406 0.018812
0.0 0.123203 0.524198 0.016219 0.014187
0.0 0.503125 0.676042 0.993750 0.643750
