3.0 0.147883 0.588990 0.077234 0.056354
3.0 0.801930 0.296260 0.051266 0.053562
3.0 0.429891 0.502021 0.030781 0.041042
0.0 0.078516 0.399510 0.127812 0.117813
1.0 0.062500 0.189188 0.125000 0.164417
3.0 0.886688 0.686760 0.021156 0.065437
3.0 0.524828 0.493042 0.023813 0.062583
3.0 0.387727 0.522010 0.071234 0.065896
3.0 0.306289 0.442062 0.024703 0.035375
3.0 0.457422 0.521625 0.025656 0.069708
3.0 0.181578 0.551760 0.075031 0.060021
3.0 0.255859 0.569344 0.054875 0.052271
3.0 0.936258 0.457073 0.064547 0.075521
3.0 0.776250 0.427781 0.064469 0.070229
3.0 0.382492 0.422406 0.052453 0.054646
3.0 0.217469 0.520177 0.043688 0.063521
3.0 0.947945 0.400802 0.055672 0.055396
3.0 0.572969 0.401958 0.057500 0.060083
3.0 0.109219 0.481990 0.078719 0.064646
3.0 0.652414 0.410750 0.074953 0.062208
3.0 0.866891 0.746135 0.028813 0.051354
0.0 0.721195 0.764990 0.256734 0.246938
3.0 0.389680 0.555333 0.042453 0.066917
0.0 0.574203 0.669333 0.201781 0.191500
0.0 0.322328 0.148813 0.173844 0.111958
3.0 0.871875 0.333333 0.150000 0.079167
0.0 0.893750 0.889583 0.209375 0.216667
3.0 0.322656 0.302083 0.051562 0.054167
3.0 0.975000 0.317708 0.046875 0.056250
3.0 0.184375 0.291667 0.037500 0.054167
3.0 0.762500 0.359375 0.071875 0.052083
3.0 0.920312 0.213542 0.059375 0.043750
3.0 0.222656 0.282292 0.042188 0.052083
3.0 0.286719 0.651042 0.042188 0.085417
3.0 0.069531 0.571875 0.085938 0.072917
