3.0 0.567170 0.860356 0.536380 0.256743
3.0 0.656280 0.303537 0.142640 0.214351
3.0 0.686300 0.623321 0.239680 0.125573
3.0 0.347920 0.659491 0.518200 0.315827
3.0 0.276260 0.412226 0.164320 0.201858
1.0 0.766200 0.145483 0.327480 0.290967
3.0 0.144730 0.853333 0.289460 0.266667
3.0 0.141590 0.400903 0.169180 0.302214
3.0 0.929120 0.379796 0.140840 0.345344
3.0 0.383950 0.244822 0.152780 0.098804
3.0 0.493180 0.225445 0.060080 0.148346
3.0 0.067980 0.358651 0.135960 0.251654
3.0 0.053530 0.300471 0.105980 0.141298
