0.0 0.899336 0.298103 0.006109 0.011850
0.0 0.947398 0.306511 0.012984 0.016487
0.0 0.978812 0.312201 0.015594 0.009461
1.0 0.832227 0.678489 0.126859 0.079789
1.0 0.503703 0.266581 0.031875 0.024637
1.0 0.918266 0.300995 0.015281 0.019836
1.0 0.898703 0.296230 0.031969 0.025386
1.0 0.635891 0.261850 0.027062 0.020937
0.0 0.961367 0.306838 0.016078 0.013677
0.0 0.919172 0.300316 0.013469 0.018337
0.0 0.906805 0.300035 0.012016 0.014309
1.0 0.882188 0.288525 0.026719 0.016066
1.0 0.947938 0.301944 0.014438 0.023794
