3.0 0.697143 0.722670 0.081549 0.209687
3.0 0.766704 0.694504 0.045697 0.158817
3.0 0.846627 0.506904 0.148571 0.092174
0.0 0.315869 0.519330 0.265680 0.129757
0.0 0.082857 0.522139 0.162857 0.169078
0.0 0.171540 0.546643 0.039398 0.116904
0.0 0.484398 0.301609 0.105077 0.055809
0.0 0.332573 0.435826 0.600017 0.207061
0.0 0.853778 0.439496 0.288244 0.230991
0.0 0.677522 0.428087 0.088950 0.182017
0.0 0.216394 0.455278 0.171928 0.080052
0.0 0.849071 0.287861 0.113976 0.081983
3.0 0.830663 0.700461 0.068003 0.166522
0.0 0.209423 0.484817 0.040912 0.047235
0.0 0.171781 0.504148 0.073752 0.085270
