0.0 0.347461 0.869594 0.027984 0.012104
0.0 0.514656 0.837656 0.021719 0.010646
0.0 0.499875 0.832812 0.019719 0.014292
0.0 0.066023 0.849354 0.017641 0.013958
0.0 0.152469 0.849990 0.025875 0.015521
1.0 0.735836 0.964385 0.074641 0.039688
0.0 0.300539 0.811948 0.008609 0.011479
0.0 0.394391 0.849969 0.012969 0.016271
0.0 0.314477 0.851406 0.029328 0.045354
1.0 0.642500 0.950042 0.079781 0.048333
1.0 0.105102 0.870302 0.021078 0.032771
1.0 0.080602 0.872521 0.023703 0.038083
0.0 0.464695 0.868594 0.024859 0.010313
0.0 0.523055 0.855010 0.011703 0.019854
0.0 0.516445 0.843583 0.013047 0.009375
0.0 0.192492 0.869677 0.023047 0.015354
1.0 0.135461 0.868385 0.035078 0.041646
0.0 0.374227 0.811063 0.008484 0.015833
1.0 0.255211 0.841802 0.018766 0.025021
1.0 0.314977 0.850729 0.028453 0.044250
1.0 0.394094 0.849365 0.012438 0.015896
0.0 0.283594 0.844792 0.564063 0.110417
