0.0 0.910937 0.748826 0.178125 0.455399
0.0 0.506250 0.948357 0.156250 0.089202
0.0 0.709375 0.873239 0.139063 0.190141
0.0 0.520313 0.798122 0.121875 0.161972
0.0 0.800000 0.661972 0.057813 0.143192
0.0 0.504688 0.671362 0.101562 0.124413
0.0 0.725000 0.704225 0.100000 0.171362
0.0 0.695312 0.643192 0.096875 0.129108
0.0 0.801563 0.553991 0.073438 0.112676
0.0 0.626563 0.589202 0.082812 0.098592
0.0 0.520313 0.575117 0.067187 0.086854
0.0 0.653125 0.467136 0.104688 0.161972
0.0 0.515625 0.537559 0.078125 0.115023
0.0 0.528125 0.509390 0.067187 0.084507
0.0 0.764063 0.478873 0.070312 0.096244
0.0 0.528125 0.457746 0.060937 0.032864
0.0 0.745312 0.431925 0.062500 0.084507
0.0 0.785938 0.401408 0.028125 0.082160
0.0 0.790625 0.316901 0.034375 0.044601
0.0 0.717187 0.370892 0.107813 0.157277
0.0 0.623437 0.380282 0.067187 0.115023
0.0 0.543750 0.443662 0.056250 0.065728
0.0 0.539062 0.403756 0.062500 0.063380
0.0 0.634375 0.312207 0.064062 0.039906
0.0 0.542187 0.359155 0.048438 0.025822
0.0 0.703125 0.279343 0.065625 0.028169
0.0 0.546875 0.267606 0.050000 0.068075
0.0 0.625000 0.194836 0.037500 0.049296
0.0 0.590625 0.187793 0.034375 0.039906
0.0 0.618750 0.239437 0.028125 0.021127
0.0 0.659375 0.225352 0.040625 0.039906
0.0 0.140625 0.928404 0.187500 0.129108
0.0 0.196875 0.776995 0.145313 0.206573
0.0 0.092187 0.774648 0.139063 0.192488
0.0 0.034375 0.744131 0.064062 0.159624
0.0 0.273438 0.692488 0.104688 0.145540
0.0 0.165625 0.633803 0.129688 0.110329
0.0 0.068750 0.640845 0.106250 0.098592
0.0 0.031250 0.561033 0.059375 0.115023
0.0 0.320312 0.591549 0.089063 0.082160
0.0 0.215625 0.553991 0.090625 0.110329
0.0 0.109375 0.579812 0.089063 0.068075
0.0 0.342187 0.521127 0.092188 0.112676
0.0 0.267188 0.525822 0.067187 0.093897
0.0 0.145312 0.539906 0.084375 0.072770
0.0 0.139062 0.502347 0.084375 0.077465
0.0 0.284375 0.457746 0.071875 0.075117
0.0 0.181250 0.453052 0.073438 0.072770
0.0 0.304688 0.413146 0.050000 0.079812
0.0 0.204688 0.424883 0.059375 0.091549
0.0 0.245313 0.399061 0.034375 0.070423
0.0 0.382812 0.429577 0.043750 0.065728
0.0 0.371875 0.474178 0.056250 0.042254
0.0 0.414062 0.401408 0.043750 0.056338
0.0 0.342187 0.406103 0.034375 0.063380
0.0 0.343750 0.338028 0.078125 0.115023
0.0 0.428125 0.321596 0.070312 0.093897
0.0 0.432813 0.206573 0.037500 0.065728
