3.0 0.314594 0.655854 0.286906 0.664417
0.0 0.699383 0.459385 0.050453 0.049813
0.0 0.705227 0.433240 0.044672 0.039896
0.0 0.720281 0.422604 0.040563 0.064167
0.0 0.854414 0.445615 0.048391 0.045188
0.0 0.857813 0.408813 0.029969 0.027042
0.0 0.076766 0.678083 0.153531 0.180167
0.0 0.139797 0.656833 0.133719 0.160458
0.0 0.599164 0.594885 0.063828 0.079229
0.0 0.947094 0.557187 0.067500 0.050458
0.0 0.658695 0.605708 0.022641 0.055500
0.0 0.644812 0.604448 0.028000 0.054146
0.0 0.579219 0.604750 0.029469 0.069958
0.0 0.524953 0.587135 0.094125 0.121104
0.0 0.729687 0.354167 0.537500 0.600000
0.0 0.488281 0.607292 0.051562 0.093750
0.0 0.517969 0.609375 0.035937 0.081250
0.0 0.864844 0.333333 0.039062 0.045833
0.0 0.986719 0.611458 0.026562 0.093750
0.0 0.730469 0.397917 0.035937 0.045833
