3.0 0.189062 0.550000 0.082812 0.230556
3.0 0.354687 0.522222 0.059375 0.208333
0.0 0.456250 0.205556 0.153125 0.161111
0.0 0.704688 0.280556 0.148438 0.197222
4.0 0.509375 0.452778 0.084375 0.169444
4.0 0.457813 0.597222 0.087500 0.283333
3.0 0.446875 0.383333 0.057813 0.136111
0.0 0.198437 0.450000 0.210938 0.208333
3.0 0.585938 0.302778 0.037500 0.066667
4.0 0.140625 0.844444 0.179688 0.305556
4.0 0.264062 0.241667 0.076563 0.105556
0.0 0.900000 0.169444 0.060937 0.072222
0.0 0.845313 0.158333 0.056250 0.061111
0.0 0.576562 0.405556 0.098437 0.155556
0.0 0.600000 0.266667 0.095312 0.122222
4.0 0.878125 0.441667 0.096875 0.155556
4.0 0.364063 0.905556 0.159375 0.186111
4.0 0.443750 0.872222 0.153125 0.250000
4.0 0.492188 0.808333 0.156250 0.325000
4.0 0.578125 0.766667 0.129688 0.288889
4.0 0.612500 0.713889 0.139063 0.269444
4.0 0.750000 0.544444 0.115625 0.161111
4.0 0.693750 0.552778 0.100000 0.119444
4.0 0.818750 0.502778 0.093750 0.197222
4.0 0.032813 0.344444 0.062500 0.133333
0.0 0.051562 0.669444 0.103124 0.205556
3.0 0.399219 0.590278 0.048438 0.119444
0.0 0.478906 0.337500 0.117188 0.119444
0.0 0.051562 0.208333 0.103124 0.133333
3.0 0.013281 0.947222 0.026562 0.100000
3.0 0.693750 0.463889 0.053125 0.083333
3.0 0.570312 0.691667 0.050000 0.122222
3.0 0.437500 0.648611 0.037500 0.163889
