0.0 0.383480 0.864056 0.050343 0.104997
1.0 0.153983 0.460988 0.043990 0.033357
4.0 0.638935 0.675346 0.077432 0.213398
4.0 0.667333 0.401578 0.066581 0.048518
4.0 0.326864 0.467277 0.047102 0.086224
1.0 0.270899 0.526282 0.087105 0.079068
1.0 0.535835 0.480967 0.032922 0.051365
1.0 0.603436 0.495233 0.034596 0.062303
4.0 0.580252 0.427247 0.029234 0.057366
4.0 0.600607 0.602728 0.032207 0.068376
1.0 0.471204 0.439316 0.025567 0.026170
0.0 0.438779 0.557731 0.039000 0.039290
1.0 0.805139 0.562983 0.055887 0.077395
1.0 0.160750 0.886107 0.206463 0.152116
