3.0 0.112578 0.664778 0.225031 0.211285
3.0 0.463250 0.591530 0.097188 0.122453
3.0 0.625586 0.679638 0.084641 0.200444
3.0 0.379703 0.641063 0.095937 0.204322
3.0 0.689484 0.596414 0.056750 0.113621
0.0 0.596641 0.513832 0.109875 0.105421
3.0 0.475625 0.520911 0.066594 0.060234
0.0 0.047258 0.459895 0.038172 0.035444
3.0 0.954570 0.596472 0.090234 0.116963
3.0 0.776781 0.525549 0.040906 0.083154
3.0 0.904703 0.548341 0.050438 0.031822
3.0 0.481773 0.489977 0.028672 0.031075
3.0 0.011141 0.554871 0.022281 0.067593
3.0 0.013281 0.625000 0.026562 0.067757
0.0 0.172656 0.491822 0.070312 0.105140
