0.0 0.084828 0.712609 0.169655 0.311435
0.0 0.614485 0.728234 0.218184 0.313890
0.0 0.731117 0.651325 0.219483 0.254314
0.0 0.615805 0.493220 0.065826 0.104674
0.0 0.437472 0.473854 0.077208 0.117881
0.0 0.943663 0.665552 0.073918 0.132699
0.0 0.825951 0.498744 0.052591 0.067577
0.0 0.697260 0.453675 0.041003 0.051716
0.0 0.759171 0.487785 0.093662 0.101080
0.0 0.853299 0.621763 0.116636 0.187439
0.0 0.863521 0.529593 0.069456 0.056086
0.0 0.582070 0.512001 0.076662 0.148996
0.0 0.526126 0.460419 0.057805 0.115728
0.0 0.282316 0.433118 0.068090 0.133874
0.0 0.416018 0.373919 0.026744 0.058638
3.0 0.216414 0.609021 0.096821 0.179979
4.0 0.321323 0.504895 0.072414 0.189620
0.0 0.513789 0.381654 0.086330 0.159178
0.0 0.446051 0.343410 0.053142 0.093753
4.0 0.235552 0.481166 0.100178 0.146948
3.0 0.497393 0.523706 0.030583 0.069995
