0.0 0.800000 0.745313 0.395833 0.506250
0.0 0.491667 0.518750 0.135417 0.098437
0.0 0.347917 0.517188 0.129167 0.106250
3.0 0.129167 0.531250 0.062500 0.053125
0.0 0.097917 0.487500 0.039583 0.060937
0.0 0.235417 0.471875 0.043750 0.025000
0.0 0.175000 0.485938 0.052083 0.035937
3.0 0.056250 0.478125 0.014583 0.020313
0.0 0.077083 0.468750 0.016667 0.021875
0.0 0.200000 0.468750 0.018750 0.018750
0.0 0.308333 0.457813 0.045833 0.017188
0.0 0.350000 0.460938 0.037500 0.012500
0.0 0.265625 0.494531 0.060417 0.051562
0.0 0.413542 0.494531 0.031250 0.045312
