0.0 0.903906 0.129167 0.192188 0.241667
0.0 0.800000 0.158333 0.045312 0.130556
0.0 0.621875 0.119444 0.176563 0.177778
0.0 0.498437 0.141667 0.067187 0.077778
0.0 0.362500 0.116667 0.100000 0.077778
0.0 0.250000 0.091667 0.068750 0.077778
0.0 0.034375 0.186111 0.067187 0.230556
0.0 0.528125 0.827778 0.265625 0.325000
0.0 0.298438 0.597222 0.123438 0.297222
3.0 0.135938 0.563889 0.051562 0.136111
0.0 0.964063 0.530556 0.071874 0.241667
0.0 0.623437 0.622222 0.307812 0.338889
0.0 0.790625 0.538889 0.275000 0.286111
0.0 0.743750 0.394444 0.225000 0.166667
0.0 0.757812 0.341667 0.198437 0.147222
0.0 0.562500 0.408333 0.187500 0.163889
0.0 0.237500 0.463889 0.145313 0.213889
0.0 0.385938 0.400000 0.164062 0.225000
0.0 0.953125 0.269444 0.089063 0.061111
0.0 0.859375 0.247222 0.106250 0.086111
0.0 0.762500 0.272222 0.145313 0.094444
0.0 0.634375 0.222222 0.120313 0.088889
0.0 0.706250 0.227778 0.073438 0.075000
0.0 0.748437 0.200000 0.070312 0.041667
0.0 0.746875 0.397222 0.226562 0.136111
0.0 0.517188 0.319444 0.153125 0.130556
0.0 0.525000 0.261111 0.134375 0.077778
0.0 0.420312 0.269444 0.070312 0.108333
0.0 0.121875 0.308333 0.050000 0.122222
0.0 0.143750 0.269444 0.043750 0.125000
0.0 0.206250 0.227778 0.040625 0.077778
0.0 0.198438 0.294444 0.075000 0.111111
0.0 0.278125 0.327778 0.081250 0.136111
0.0 0.310937 0.266667 0.098437 0.061111
0.0 0.348437 0.252778 0.079687 0.077778
0.0 0.400000 0.213889 0.076563 0.083333
0.0 0.290625 0.225000 0.065625 0.072222
0.0 0.335938 0.194444 0.046875 0.038889
3.0 0.235938 0.219444 0.017188 0.055556
0.0 0.160937 0.200000 0.053125 0.088889
0.0 0.079688 0.227778 0.032813 0.077778
0.0 0.093750 0.175000 0.040625 0.041667
0.0 0.118750 0.225000 0.040625 0.061111
0.0 0.596875 0.177778 0.081250 0.061111
0.0 0.267188 0.180556 0.059375 0.080556
0.0 0.220313 0.191667 0.040625 0.061111
0.0 0.062500 0.141667 0.023438 0.036111
0.0 0.084375 0.136111 0.014063 0.027778
0.0 0.362500 0.166667 0.048438 0.058333
0.0 0.529687 0.205556 0.082812 0.052778
0.0 0.453125 0.188889 0.053125 0.038889
0.0 0.496875 0.177778 0.043750 0.022222
0.0 0.179688 0.100000 0.043750 0.036111
