3.0 0.649239 0.818539 0.134169 0.166422
3.0 0.753642 0.750586 0.121335 0.128734
3.0 0.413923 0.744352 0.121850 0.138641
3.0 0.117623 0.823242 0.114262 0.154703
3.0 0.305035 0.885750 0.211756 0.161187
3.0 0.895714 0.624281 0.129649 0.144656
3.0 0.452412 0.662727 0.114333 0.087078
3.0 0.525445 0.480609 0.107377 0.094437
3.0 0.739028 0.484633 0.110328 0.088672
3.0 0.216546 0.571742 0.124005 0.104422
3.0 0.269707 0.471703 0.101054 0.100969
3.0 0.841569 0.422320 0.075035 0.101047
3.0 0.580796 0.344531 0.557377 0.248438
3.0 0.329040 0.432812 0.077283 0.078125
