0.0 0.535469 0.806313 0.131750 0.128375
0.0 0.064711 0.933198 0.129422 0.133604
0.0 0.350266 0.783479 0.086594 0.132375
0.0 0.313695 0.842042 0.094953 0.175583
0.0 0.134828 0.743208 0.108094 0.081167
0.0 0.798727 0.807844 0.156609 0.168437
0.0 0.875789 0.852135 0.164734 0.172104
0.0 0.923500 0.898698 0.153000 0.202604
0.0 0.145227 0.878656 0.290453 0.220229
0.0 0.238586 0.873667 0.173797 0.232792
0.0 0.395773 0.732917 0.059203 0.081958
0.0 0.482258 0.751063 0.061422 0.090000
0.0 0.393250 0.760719 0.038781 0.087188
0.0 0.184281 0.702365 0.103438 0.120854
0.0 0.381250 0.752083 0.759375 0.237500
0.0 0.625781 0.748958 0.073438 0.072917
0.0 0.059375 0.755208 0.115625 0.093750
0.0 0.683594 0.768750 0.089063 0.095833
