0.0 0.957031 0.297897 0.085938 0.063084
0.0 0.885938 0.296729 0.064062 0.046729
0.0 0.807812 0.268692 0.053125 0.030374
0.0 0.885938 0.268692 0.084375 0.056075
0.0 0.787500 0.292056 0.082812 0.049065
0.0 0.654687 0.278037 0.071875 0.067757
0.0 0.592187 0.289720 0.043750 0.039720
0.0 0.546875 0.278037 0.051562 0.051402
0.0 0.515625 0.289720 0.060937 0.037383
0.0 0.453125 0.289720 0.056250 0.032710
0.0 0.432813 0.273364 0.026562 0.011682
0.0 0.403125 0.273364 0.023438 0.014019
0.0 0.384375 0.287383 0.051562 0.028037
4.0 0.348437 0.287383 0.012500 0.025701
0.0 0.331250 0.285047 0.029687 0.025701
4.0 0.306250 0.285047 0.014063 0.023364
0.0 0.353125 0.271028 0.035937 0.021028
0.0 0.293750 0.280374 0.014063 0.028037
0.0 0.281250 0.278037 0.017188 0.028037
0.0 0.260938 0.280374 0.017188 0.025701
0.0 0.243750 0.280374 0.018750 0.028037
0.0 0.296875 0.264019 0.034375 0.014019
0.0 0.203125 0.271028 0.040625 0.035047
0.0 0.153125 0.266355 0.025000 0.018692
0.0 0.265625 0.257009 0.015625 0.007009
0.0 0.606250 0.450935 0.050000 0.025701
3.0 0.556250 0.432243 0.014063 0.018692
0.0 0.576562 0.469626 0.046875 0.023364
3.0 0.460938 0.432243 0.012500 0.023364
3.0 0.453125 0.411215 0.010937 0.018692
0.0 0.434375 0.432243 0.018750 0.021028
0.0 0.439063 0.455607 0.037500 0.030374
0.0 0.403125 0.413551 0.015625 0.021028
0.0 0.312500 0.399533 0.014063 0.016355
0.0 0.331250 0.411215 0.010937 0.018692
0.0 0.314063 0.387850 0.014063 0.018692
0.0 0.309375 0.364486 0.032813 0.035047
3.0 0.281250 0.343458 0.009375 0.016355
0.0 0.198438 0.334112 0.010937 0.025701
0.0 0.862500 0.747664 0.185938 0.158879
0.0 0.668750 0.600467 0.168750 0.161215
3.0 0.881250 0.955607 0.056250 0.077103
0.0 0.796875 0.922897 0.143750 0.140187
3.0 0.701562 0.955607 0.034375 0.049065
0.0 0.690625 0.827103 0.067187 0.091121
0.0 0.590625 0.866822 0.092188 0.119159
0.0 0.620312 0.771028 0.087500 0.107477
0.0 0.559375 0.894860 0.256250 0.198598
0.0 0.462500 0.782710 0.065625 0.074766
0.0 0.546875 0.696262 0.076563 0.049065
0.0 0.528125 0.761682 0.082812 0.109813
0.0 0.457812 0.675234 0.040625 0.065421
0.0 0.445312 0.724299 0.045312 0.060748
0.0 0.457812 0.628505 0.054688 0.058411
0.0 0.381250 0.866822 0.067187 0.130841
0.0 0.404687 0.672897 0.059375 0.058411
0.0 0.389062 0.738318 0.064062 0.095794
0.0 0.420312 0.593458 0.053125 0.051402
0.0 0.356250 0.640187 0.032813 0.060748
0.0 0.376563 0.593458 0.059375 0.105140
0.0 0.210938 0.637850 0.017188 0.046729
0.0 0.326562 0.509346 0.020313 0.021028
0.0 0.289062 0.691589 0.134375 0.226636
0.0 0.284375 0.584112 0.103125 0.142523
0.0 0.315625 0.551402 0.057813 0.086449
0.0 0.276563 0.490654 0.035937 0.039720
0.0 0.207812 0.457944 0.026562 0.030374
0.0 0.107812 0.432243 0.010937 0.030374
0.0 0.217187 0.558411 0.031250 0.060748
0.0 0.181250 0.567757 0.082812 0.130841
0.0 0.164062 0.464953 0.028125 0.065421
0.0 0.250000 0.483645 0.023438 0.032710
0.0 0.195312 0.476636 0.014063 0.025701
0.0 0.187500 0.492991 0.018750 0.021028
0.0 0.235938 0.467290 0.017188 0.023364
0.0 0.342187 0.542056 0.026562 0.039720
1.0 0.232812 0.436916 0.051562 0.058411
1.0 0.129687 0.434579 0.031250 0.060748
0.0 0.193750 0.518692 0.026562 0.030374
0.0 0.184375 0.413551 0.012500 0.023364
0.0 0.209375 0.399533 0.046875 0.056075
0.0 0.104688 0.359813 0.018750 0.042056
0.0 0.139062 0.385514 0.010937 0.018692
0.0 0.160937 0.404206 0.020313 0.025701
0.0 0.081250 0.352804 0.009375 0.016355
0.0 0.139062 0.362150 0.017188 0.016355
0.0 0.104688 0.406542 0.018750 0.021028
0.0 0.095313 0.334112 0.009375 0.011682
0.0 0.120313 0.348131 0.012500 0.016355
0.0 0.129687 0.261682 0.020313 0.018692
0.0 0.235938 0.257009 0.017188 0.009346
0.0 0.760156 0.975410 0.095312 0.044496
