3.0 0.475047 0.518124 0.610062 0.591026
1.0 0.543922 0.083252 0.165781 0.164592
0.0 0.792406 0.090594 0.015938 0.021702
0.0 0.025078 0.188182 0.050156 0.103310
0.0 0.736313 0.089242 0.051875 0.034289
0.0 0.690000 0.089103 0.070688 0.048555
0.0 0.661781 0.097343 0.049938 0.042564
0.0 0.649422 0.101585 0.047844 0.077203
0.0 0.037359 0.118730 0.074718 0.107716
0.0 0.927234 0.107914 0.130875 0.059277
0.0 0.130508 0.087086 0.021203 0.035664
0.0 0.227820 0.095140 0.072016 0.074336
0.0 0.908570 0.178730 0.179859 0.209161
0.0 0.200625 0.091503 0.062687 0.064499
0.0 0.417758 0.100326 0.220891 0.146154
0.0 0.908547 0.152133 0.182906 0.148322
0.0 0.097625 0.082261 0.068781 0.047273
0.0 0.469531 0.097902 0.889062 0.153846
