0.0 0.431250 0.615196 0.054688 0.085784
3.0 0.656250 0.539216 0.017188 0.036765
0.0 0.464062 0.460784 0.040625 0.083333
4.0 0.101562 0.661765 0.070312 0.075980
0.0 0.593750 0.477941 0.032813 0.049020
0.0 0.537500 0.419118 0.014063 0.026961
1.0 0.600000 0.384804 0.026562 0.044118
1.0 0.540625 0.375000 0.015625 0.019608
1.0 0.329688 0.436275 0.051562 0.056373
1.0 0.370312 0.404412 0.034375 0.044118
1.0 0.401562 0.384804 0.026562 0.041667
3.0 0.406250 0.431373 0.006250 0.014706
4.0 0.429688 0.387255 0.007812 0.017157
1.0 0.473438 0.372549 0.015625 0.026961
4.0 0.789062 0.563725 0.042188 0.053922
4.0 0.329688 0.480392 0.023438 0.029412
