0.0 0.834500 0.755618 0.281594 0.116866
0.0 0.700078 0.722740 0.220906 0.113454
0.0 0.614867 0.699371 0.087484 0.041940
0.0 0.521617 0.672846 0.042359 0.036141
0.0 0.171672 0.613486 0.260188 0.314606
1.0 0.017531 0.618774 0.035062 0.071748
0.0 0.554992 0.688284 0.095859 0.045053
0.0 0.049086 0.834808 0.098172 0.186290
0.0 0.924703 0.714403 0.037031 0.028422
0.0 0.346813 0.667090 0.028937 0.051066
0.0 0.665297 0.671770 0.048625 0.026141
0.0 0.974688 0.719424 0.050624 0.069510
0.0 0.898617 0.701269 0.029297 0.016866
