3.0 0.582250 0.633853 0.148100 0.131653
3.0 0.417290 0.627373 0.106900 0.120667
0.0 0.385370 0.509360 0.100180 0.076160
0.0 0.458610 0.519053 0.066220 0.064240
0.0 0.296350 0.726960 0.301700 0.249440
0.0 0.691610 0.581093 0.069580 0.075360
0.0 0.063610 0.625267 0.124820 0.121413
1.0 0.161440 0.535787 0.062360 0.027093
0.0 0.176480 0.624893 0.157320 0.116187
0.0 0.298720 0.577000 0.079000 0.049467
0.0 0.380120 0.564880 0.049480 0.058827
0.0 0.622960 0.593467 0.077680 0.094080
0.0 0.444820 0.575040 0.029640 0.046720
1.0 0.475730 0.567173 0.066660 0.061227
1.0 0.513200 0.564307 0.051280 0.050267
0.0 0.026000 0.926667 0.048000 0.141333
