1.0 0.518056 0.448785 0.016667 0.022569
1.0 0.780556 0.456597 0.030556 0.027778
1.0 0.966667 0.655382 0.066666 0.098958
1.0 0.783333 0.812500 0.161111 0.118056
1.0 0.600694 0.812500 0.045833 0.093750
1.0 0.464583 0.485243 0.029167 0.046875
1.0 0.412500 0.479167 0.027778 0.059028
4.0 0.427083 0.458333 0.054167 0.055556
4.0 0.415972 0.526042 0.087500 0.086806
4.0 0.358333 0.417535 0.044444 0.043403
4.0 0.368056 0.387153 0.038889 0.031250
4.0 0.637500 0.472222 0.033333 0.076389
1.0 0.686806 0.518229 0.068056 0.064236
4.0 0.402778 0.611111 0.036111 0.069444
1.0 0.052083 0.947917 0.101389 0.100694
1.0 0.243750 0.568576 0.048611 0.071181
