0.0 0.294296 0.816087 0.194615 0.367827
0.0 0.047399 0.927104 0.094798 0.145792
0.0 0.544324 0.945318 0.155149 0.109365
0.0 0.665668 0.914139 0.139982 0.171723
0.0 0.559577 0.817507 0.146104 0.234681
0.0 0.430555 0.876094 0.133818 0.247812
0.0 0.145941 0.875518 0.133586 0.248965
0.0 0.382569 0.709498 0.105670 0.212976
0.0 0.478794 0.682931 0.109878 0.227265
0.0 0.094443 0.830303 0.085768 0.161905
0.0 0.124989 0.721017 0.080425 0.127242
0.0 0.080390 0.640853 0.094184 0.190483
0.0 0.433606 0.623493 0.070644 0.135311
0.0 0.238106 0.653213 0.064185 0.050066
0.0 0.156082 0.652833 0.066815 0.127812
0.0 0.412758 0.562507 0.062417 0.110128
0.0 0.344114 0.614339 0.065699 0.077231
0.0 0.238906 0.604967 0.066078 0.084022
0.0 0.208065 0.583805 0.076785 0.123140
0.0 0.309065 0.580301 0.066835 0.097605
0.0 0.353749 0.536809 0.060314 0.102983
0.0 0.394792 0.490628 0.055728 0.081903
0.0 0.286872 0.526459 0.060145 0.069380
0.0 0.324086 0.474194 0.061871 0.069733
0.0 0.357073 0.439965 0.050553 0.080844
0.0 0.269263 0.492286 0.049606 0.063866
0.0 0.316450 0.431109 0.031787 0.050146
0.0 0.214818 0.517169 0.058420 0.069027
0.0 0.148867 0.554711 0.057432 0.112465
0.0 0.341968 0.388107 0.036773 0.047811
0.0 0.239390 0.457189 0.062817 0.086711
0.0 0.179960 0.486527 0.043252 0.102847
0.0 0.296928 0.393893 0.034270 0.064083
0.0 0.271809 0.412773 0.032923 0.070521
0.0 0.174154 0.288520 0.109983 0.076226
0.0 0.263436 0.325193 0.028148 0.046045
0.0 0.151117 0.344751 0.032755 0.036918
0.0 0.301009 0.310631 0.026612 0.049087
0.0 0.293182 0.264152 0.047502 0.056721
0.0 0.856287 0.756765 0.132702 0.208439
0.0 0.903446 0.537840 0.193107 0.354779
0.0 0.791598 0.629197 0.088062 0.172445
0.0 0.669687 0.664458 0.086169 0.138489
0.0 0.616841 0.592850 0.102662 0.128437
0.0 0.791492 0.502145 0.062417 0.110128
0.0 0.672253 0.554031 0.044788 0.099805
0.0 0.642970 0.498207 0.070475 0.101707
0.0 0.653362 0.434260 0.079100 0.103473
0.0 0.444588 0.257197 0.061681 0.066338
0.0 0.787327 0.427441 0.050932 0.087635
0.0 0.758213 0.405926 0.042117 0.082474
4.0 0.721460 0.341328 0.022405 0.034799
4.0 0.825489 0.392154 0.031219 0.039960
0.0 0.980404 0.916521 0.039192 0.123078
