3.0 0.836100 0.817000 0.327800 0.366000
3.0 0.545620 0.802920 0.244600 0.371493
3.0 0.446010 0.640653 0.142540 0.500507
3.0 0.177360 0.678493 0.354720 0.643013
3.0 0.038530 0.709413 0.077060 0.392960
3.0 0.914420 0.448240 0.164120 0.275307
3.0 0.412870 0.516373 0.126420 0.316107
3.0 0.638520 0.739707 0.252560 0.520587
3.0 0.891100 0.631000 0.216480 0.214747
3.0 0.536360 0.455213 0.146000 0.063387
3.0 0.595540 0.426560 0.152800 0.064960
3.0 0.526300 0.632093 0.116160 0.326747
3.0 0.336000 0.560000 0.080000 0.309333
