0.0 0.230070 0.713960 0.274300 0.295029
0.0 0.204590 0.562919 0.396540 0.285376
0.0 0.485670 0.478613 0.190140 0.198208
0.0 0.618630 0.412283 0.140340 0.199942
0.0 0.537370 0.579783 0.141500 0.152803
0.0 0.849430 0.564465 0.086620 0.125173
0.0 0.651730 0.511590 0.099460 0.106647
0.0 0.752010 0.445231 0.049140 0.059480
0.0 0.966430 0.533801 0.067140 0.109509
0.0 0.955000 0.491908 0.050400 0.073237
0.0 0.888970 0.402153 0.033340 0.039162
0.0 0.876530 0.438931 0.043900 0.060462
0.0 0.395980 0.933367 0.349400 0.133266
0.0 0.709320 0.736156 0.182320 0.224798
0.0 0.731660 0.596763 0.125440 0.141329
0.0 0.766760 0.521561 0.082440 0.109191
0.0 0.811780 0.414118 0.039400 0.051127
0.0 0.831000 0.411850 0.306000 0.176301
