0.0 0.096875 0.725000 0.189062 0.500000
0.0 0.439063 0.561111 0.339062 0.436111
0.0 0.787500 0.272222 0.218750 0.277778
0.0 0.921875 0.163889 0.073438 0.150000
0.0 0.953125 0.083333 0.093750 0.088889
0.0 0.764063 0.047222 0.045312 0.030556
0.0 0.250000 0.869444 0.198437 0.255556
0.0 0.565625 0.783333 0.225000 0.263889
0.0 0.789062 0.508333 0.132812 0.172222
0.0 0.746875 0.438889 0.076563 0.155556
0.0 0.898438 0.366667 0.106250 0.155556
0.0 0.965625 0.288889 0.064062 0.091667
0.0 0.957812 0.213889 0.076563 0.094444
0.0 0.835938 0.347222 0.042188 0.119444
0.0 0.739063 0.436111 0.082812 0.144444
0.0 0.646875 0.291667 0.046875 0.108333
0.0 0.290625 0.519444 0.089063 0.180556
0.0 0.553125 0.325000 0.101562 0.102778
0.0 0.612500 0.400000 0.031250 0.108333
4.0 0.628125 0.344444 0.023438 0.066667
0.0 0.834375 0.119444 0.046875 0.036111
0.0 0.850000 0.102778 0.053125 0.055556
0.0 0.778125 0.097222 0.059375 0.044444
