0.0 0.670312 0.533333 0.234375 0.183333
0.0 0.771875 0.436111 0.134375 0.100000
0.0 0.631250 0.413889 0.107813 0.086111
0.0 0.564063 0.422222 0.051562 0.083333
0.0 0.440625 0.408333 0.050000 0.044444
1.0 0.346875 0.541667 0.079687 0.216667
4.0 0.248437 0.525000 0.100000 0.172222
0.0 0.439063 0.502778 0.101562 0.136111
0.0 0.109375 0.697222 0.209375 0.450000
0.0 0.095313 0.413889 0.100000 0.088889
0.0 0.153125 0.425000 0.031250 0.036111
0.0 0.315625 0.447222 0.095312 0.072222
0.0 0.966406 0.936111 0.067187 0.122222
0.0 0.464063 0.445833 0.078125 0.075000
3.0 0.384375 0.572222 0.056250 0.144444
0.0 0.121875 0.458333 0.090625 0.038889
0.0 0.030469 0.475000 0.057813 0.061111
