0.0 0.325772 0.925683 0.370030 0.137367
0.0 0.086906 0.682969 0.173811 0.291988
0.0 0.884277 0.646528 0.231447 0.319379
3.0 0.968894 0.455352 0.062213 0.203698
0.0 0.973680 0.279254 0.052640 0.159443
0.0 0.859678 0.200481 0.077364 0.119315
0.0 0.827769 0.122710 0.055752 0.085307
0.0 0.686626 0.241451 0.054838 0.109498
0.0 0.611563 0.269266 0.058976 0.131483
0.0 0.542869 0.280645 0.060793 0.134827
0.0 0.424160 0.346452 0.081201 0.132122
0.0 0.419939 0.217953 0.048782 0.081109
0.0 0.464985 0.275090 0.061707 0.110636
0.0 0.468429 0.222225 0.052517 0.090857
0.0 0.671178 0.191716 0.050498 0.081393
0.0 0.612989 0.207507 0.048882 0.084169
0.0 0.633916 0.108681 0.025450 0.046816
0.0 0.634729 0.080860 0.026766 0.034862
0.0 0.457128 0.141041 0.025651 0.052935
0.0 0.441261 0.183660 0.041609 0.070793
0.0 0.343161 0.246052 0.042212 0.089150
0.0 0.391054 0.179672 0.030200 0.035431
0.0 0.409443 0.161245 0.027168 0.047100
0.0 0.433085 0.145024 0.035553 0.042404
0.0 0.486515 0.194620 0.033325 0.078548
0.0 0.527623 0.237029 0.056354 0.103664
0.0 0.525915 0.185017 0.048882 0.084169
0.0 0.493193 0.135067 0.036558 0.072998
0.0 0.538748 0.155207 0.040496 0.088865
0.0 0.585721 0.165882 0.049485 0.102526
0.0 0.589164 0.113017 0.041710 0.073852
0.0 0.545426 0.095653 0.035041 0.078833
0.0 0.514111 0.088536 0.027570 0.059338
0.0 0.457538 0.100984 0.036156 0.060760
0.0 0.442484 0.115782 0.026565 0.028743
0.0 0.630390 0.053894 0.028483 0.035147
0.0 0.592809 0.066272 0.027168 0.047100
0.0 0.569469 0.091671 0.018581 0.045678
0.0 0.493201 0.082772 0.014643 0.029812
0.0 0.625621 0.171577 0.029789 0.074920
0.0 0.665633 0.128036 0.047767 0.102241
0.0 0.948516 0.402342 0.102969 0.166769
4.0 0.955715 0.082472 0.088569 0.164945
3.0 0.922928 0.128481 0.019686 0.079332
3.0 0.870100 0.097241 0.019284 0.067094
0.0 0.372219 0.315886 0.084549 0.130039
3.0 0.841048 0.474375 0.055051 0.115992
