0.0 0.317188 0.957237 0.065625 0.069079
0.0 0.350000 0.914474 0.050000 0.082237
0.0 0.395313 0.842105 0.035937 0.065789
0.0 0.406250 0.805921 0.031250 0.049342
4.0 0.468750 0.865132 0.023438 0.072368
4.0 0.532813 0.763158 0.015625 0.052632
4.0 0.490625 0.713816 0.012500 0.039474
4.0 0.531250 0.707237 0.012500 0.039474
4.0 0.514062 0.687500 0.010937 0.032895
4.0 0.503125 0.684211 0.009375 0.032895
4.0 0.475000 0.677632 0.009375 0.029605
4.0 0.439063 0.677632 0.009375 0.029605
0.0 0.462500 0.677632 0.009375 0.029605
0.0 0.487500 0.661184 0.009375 0.029605
0.0 0.504687 0.654605 0.012500 0.016447
0.0 0.542188 0.690789 0.021875 0.039474
0.0 0.434375 0.651316 0.007812 0.023026
0.0 0.451562 0.644737 0.009375 0.019737
1.0 0.475000 0.631579 0.023438 0.039474
0.0 0.507812 0.611842 0.031250 0.036184
0.0 0.470313 0.611842 0.029687 0.019737
4.0 0.698438 0.904605 0.056250 0.171053
0.0 0.723437 0.878289 0.035937 0.108553
0.0 0.703125 0.799342 0.035937 0.042763
0.0 0.729688 0.730263 0.020313 0.046053
0.0 0.717187 0.694079 0.031250 0.042763
4.0 0.629687 0.723684 0.014063 0.055921
0.0 0.685937 0.710526 0.028125 0.046053
0.0 0.800781 0.949013 0.064062 0.082237
4.0 0.778125 0.901316 0.031250 0.098684
4.0 0.862500 0.945724 0.040625 0.088816
0.0 0.934375 0.934211 0.112500 0.085526
0.0 0.890625 0.868421 0.101562 0.055921
0.0 0.864062 0.832237 0.096875 0.095395
4.0 0.746875 0.809211 0.015625 0.042763
3.0 0.762500 0.753289 0.010937 0.026316
0.0 0.718750 0.776316 0.035937 0.059211
0.0 0.754687 0.700658 0.018750 0.046053
1.0 0.743750 0.657895 0.025000 0.059211
3.0 0.759375 0.802632 0.006250 0.036184
