3.0 0.515695 0.455156 0.874453 0.560521
3.0 0.811305 0.146052 0.133141 0.274188
0.0 0.954266 0.042063 0.089094 0.082958
3.0 0.951227 0.150531 0.097547 0.277938
3.0 0.290148 0.177302 0.257297 0.304979
3.0 0.549078 0.154323 0.264813 0.274063
3.0 0.097539 0.184865 0.194641 0.253146
3.0 0.372797 0.058937 0.069000 0.117875
3.0 0.459570 0.050125 0.071266 0.100250
3.0 0.956484 0.501229 0.087031 0.266667
3.0 0.278742 0.062156 0.067734 0.120562
3.0 0.183695 0.039458 0.047047 0.063750
3.0 0.077500 0.070344 0.154406 0.096979
