0.0 0.372242 0.625281 0.050422 0.025896
1.0 0.454039 0.857969 0.127766 0.215438
1.0 0.326258 0.682208 0.120984 0.055917
1.0 0.307477 0.655937 0.087766 0.033375
1.0 0.306781 0.634135 0.080125 0.033771
0.0 0.278891 0.557646 0.035625 0.019917
1.0 0.302344 0.587208 0.095500 0.045875
1.0 0.030680 0.723021 0.061359 0.056833
1.0 0.024742 0.747583 0.049484 0.067458
1.0 0.526203 0.548771 0.042031 0.037167
0.0 0.525977 0.548917 0.041328 0.039625
0.0 0.067445 0.691031 0.042859 0.040896
0.0 0.746547 0.623469 0.054375 0.045854
1.0 0.033484 0.692833 0.066969 0.044958
1.0 0.625781 0.643750 0.092188 0.100000
