4.0 0.693750 0.872024 0.081250 0.244048
4.0 0.751563 0.630952 0.050000 0.169643
4.0 0.751563 0.812500 0.054688 0.214286
4.0 0.831250 0.556548 0.100000 0.145833
4.0 0.773438 0.491071 0.062500 0.142857
4.0 0.282813 0.901786 0.132812 0.184524
4.0 0.175000 0.758929 0.098437 0.178571
4.0 0.404687 0.625000 0.073438 0.157738
4.0 0.465625 0.645833 0.076563 0.151786
3.0 0.635938 0.568452 0.048438 0.089286
3.0 0.700000 0.571429 0.054688 0.139881
3.0 0.926562 0.535714 0.051562 0.104167
4.0 0.681250 0.502976 0.046875 0.119048
3.0 0.576562 0.773810 0.098437 0.190476
0.0 0.882812 0.416667 0.142187 0.142857
0.0 0.596875 0.705357 0.184375 0.190476
4.0 0.440625 0.818452 0.135937 0.244048
0.0 0.303125 0.821429 0.253125 0.261905
0.0 0.482812 0.455357 0.131250 0.107143
0.0 0.420312 0.556548 0.145313 0.157738
0.0 0.339062 0.505952 0.151562 0.178571
0.0 0.593750 0.508929 0.143750 0.122024
0.0 0.587500 0.446429 0.153125 0.136905
0.0 0.659375 0.386905 0.114062 0.125000
0.0 0.757812 0.422619 0.135937 0.151786
0.0 0.090625 0.500000 0.132812 0.181548
0.0 0.164062 0.425595 0.085938 0.080357
0.0 0.160938 0.339286 0.060937 0.083333
0.0 0.089063 0.386905 0.056250 0.083333
0.0 0.203125 0.375000 0.060937 0.092262
0.0 0.290625 0.681548 0.112500 0.214286
0.0 0.182812 0.276786 0.035937 0.062500
0.0 0.159375 0.279762 0.032813 0.071429
0.0 0.275000 0.315476 0.043750 0.053571
0.0 0.176563 0.695522 0.187500 0.220896
3.0 0.146094 0.865672 0.054688 0.137313
0.0 0.060937 0.876119 0.121874 0.235821
