0.0 0.379094 0.537946 0.396594 0.359075
0.0 0.824625 0.439656 0.203563 0.295269
0.0 0.567039 0.644398 0.865922 0.711204
0.0 0.220586 0.434624 0.260172 0.299398
0.0 0.894695 0.388387 0.181234 0.107871
0.0 0.532258 0.427462 0.138734 0.125290
0.0 0.888164 0.526968 0.213891 0.105634
0.0 0.823727 0.293978 0.143328 0.088043
0.0 0.857953 0.166290 0.199188 0.301140
0.0 0.449008 0.284839 0.168328 0.091441
0.0 0.615492 0.205247 0.191016 0.164043
0.0 0.699977 0.138505 0.132047 0.162731
1.0 0.613047 0.197194 0.179594 0.177527
1.0 0.530070 0.085312 0.103047 0.106624
0.0 0.889859 0.591882 0.220125 0.105054
0.0 0.463813 0.390753 0.126469 0.147656
0.0 0.434898 0.080204 0.091234 0.091505
0.0 0.419906 0.310688 0.145219 0.097333
0.0 0.329688 0.210753 0.115625 0.086022
0.0 0.964063 0.340860 0.071874 0.131183
