0.0 0.526555 0.627268 0.152025 0.283218
4.0 0.319220 0.588879 0.169624 0.262802
4.0 0.091258 0.601344 0.182515 0.358714
0.0 0.183851 0.581243 0.093258 0.107142
0.0 0.217163 0.505669 0.052718 0.066521
0.0 0.400379 0.517109 0.046119 0.065996
0.0 0.869102 0.548124 0.030798 0.046079
0.0 0.829426 0.548098 0.039125 0.049858
0.0 0.761702 0.545841 0.026242 0.061299
4.0 0.724226 0.589796 0.069531 0.145768
3.0 0.815285 0.650228 0.093965 0.135246
3.0 0.662552 0.544215 0.018778 0.026424
4.0 0.783387 0.538179 0.019171 0.042038
0.0 0.933368 0.556363 0.032369 0.043087
4.0 0.892200 0.549961 0.016028 0.048021
0.0 0.309556 0.513016 0.027969 0.064553
1.0 0.628691 0.510233 0.085165 0.112730
