0.0 0.680906 0.590153 0.034969 0.021722
0.0 0.703555 0.583420 0.027766 0.024292
0.0 0.722586 0.578868 0.032766 0.019670
0.0 0.856039 0.524623 0.038922 0.031462
0.0 0.746070 0.505094 0.024797 0.028396
0.0 0.118648 0.488078 0.035734 0.024741
0.0 0.799469 0.515448 0.019219 0.025472
1.0 0.530508 0.606050 0.039641 0.046627
1.0 0.467437 0.540943 0.021813 0.016698
0.0 0.751242 0.579045 0.018484 0.013703
0.0 0.925109 0.535248 0.039969 0.036675
0.0 0.815727 0.516958 0.036078 0.035236
0.0 0.787336 0.513007 0.025047 0.027382
1.0 0.885187 0.556969 0.068125 0.036297
1.0 0.492086 0.599410 0.050109 0.051038
0.0 0.730172 0.505472 0.021625 0.024340
1.0 0.432813 0.594340 0.106250 0.056604
