0.0 0.471875 0.611111 0.137500 0.241667
4.0 0.668750 0.591667 0.154688 0.222222
4.0 0.892188 0.619444 0.181250 0.305556
0.0 0.796875 0.594444 0.085938 0.088889
0.0 0.767188 0.525000 0.048438 0.055556
0.0 0.593750 0.522222 0.042188 0.055556
0.0 0.150000 0.516667 0.028125 0.038889
0.0 0.187500 0.519444 0.035937 0.041667
0.0 0.251563 0.522222 0.023438 0.052778
4.0 0.285938 0.563889 0.062500 0.125000
3.0 0.198437 0.611111 0.085938 0.113889
3.0 0.345313 0.527778 0.017188 0.022222
4.0 0.231250 0.513889 0.017188 0.036111
0.0 0.089063 0.519444 0.029687 0.036111
4.0 0.128125 0.516667 0.014063 0.041667
0.0 0.679688 0.525000 0.025000 0.055556
1.0 0.378125 0.500000 0.078125 0.094444
