3.0 0.679688 0.691667 0.106250 0.238889
3.0 0.256250 0.961111 0.090625 0.075000
0.0 0.299219 0.722222 0.598437 0.533333
0.0 0.668750 0.508333 0.237500 0.252778
0.0 0.289062 0.502778 0.396875 0.222222
0.0 0.171875 0.463889 0.259375 0.188889
0.0 0.567187 0.408333 0.223438 0.197222
0.0 0.784375 0.416667 0.093750 0.169444
0.0 0.835938 0.394444 0.092188 0.155556
0.0 0.870313 0.355556 0.060937 0.113889
0.0 0.903125 0.338889 0.035937 0.100000
0.0 0.701562 0.361111 0.067187 0.094444
0.0 0.743750 0.338889 0.050000 0.055556
0.0 0.804688 0.316667 0.042188 0.055556
0.0 0.856250 0.283333 0.095312 0.061111
0.0 0.187500 0.294444 0.225000 0.113889
0.0 0.060937 0.366667 0.115625 0.125000
0.0 0.175000 0.361111 0.109375 0.125000
0.0 0.284375 0.355556 0.093750 0.102778
0.0 0.359375 0.350000 0.079687 0.105556
0.0 0.406250 0.336111 0.046875 0.088889
0.0 0.460938 0.350000 0.065625 0.102778
