0.0 0.489063 0.513889 0.023438 0.050000
3.0 0.267188 0.527778 0.026562 0.063889
0.0 0.326562 0.516667 0.037500 0.044444
0.0 0.348438 0.516667 0.021875 0.030556
0.0 0.423438 0.513889 0.015625 0.019444
0.0 0.434375 0.511111 0.009375 0.019444
0.0 0.473438 0.516667 0.014063 0.030556
0.0 0.668750 0.527778 0.085938 0.094444
3.0 0.734375 0.541667 0.032813 0.052778
0.0 0.909375 0.527778 0.179688 0.194444
4.0 0.409375 0.516667 0.012500 0.055556
4.0 0.448437 0.511111 0.010937 0.027778
0.0 0.360938 0.511111 0.031250 0.033333
