0.0 0.858999 0.833185 0.282003 0.333630
0.0 0.233266 0.704738 0.202587 0.280994
3.0 0.729813 0.710948 0.042111 0.154015
0.0 0.893561 0.691725 0.148839 0.093250
4.0 0.523890 0.689283 0.087503 0.120462
4.0 0.684647 0.658844 0.022961 0.048116
0.0 0.581776 0.642485 0.019520 0.031375
0.0 0.553329 0.635489 0.039040 0.062749
4.0 0.607007 0.652080 0.016619 0.047790
0.0 0.408066 0.688849 0.056840 0.085752
0.0 0.365395 0.678356 0.042391 0.073965
4.0 0.491137 0.654411 0.020015 0.061769
4.0 0.457529 0.672038 0.033014 0.081765
0.0 0.449737 0.663341 0.027807 0.053888
0.0 0.411822 0.653092 0.037094 0.040562
0.0 0.042617 0.749960 0.085234 0.140211
0.0 0.128674 0.696588 0.047417 0.090789
