4.0 0.465872 0.888424 0.130269 0.223152
4.0 0.294877 0.849010 0.135426 0.226594
4.0 0.163970 0.839829 0.146441 0.229951
4.0 0.159408 0.740166 0.122113 0.199372
4.0 0.093512 0.674020 0.076970 0.188510
0.0 0.248399 0.684366 0.140235 0.193310
0.0 0.121067 0.608712 0.112003 0.149959
0.0 0.163928 0.575708 0.099839 0.134670
0.0 0.140668 0.464206 0.074135 0.103671
0.0 0.272068 0.350696 0.032938 0.050577
4.0 0.165078 0.358016 0.025027 0.065541
4.0 0.108922 0.337832 0.096572 0.142361
0.0 0.318095 0.490634 0.047977 0.095700
0.0 0.371209 0.512961 0.048265 0.098684
3.0 0.220391 0.313451 0.017506 0.042979
4.0 0.799890 0.784860 0.053608 0.126374
4.0 0.793027 0.709064 0.069552 0.125440
0.0 0.418879 0.518274 0.048327 0.113180
0.0 0.496137 0.569457 0.057677 0.113135
0.0 0.535383 0.544564 0.055436 0.103764
0.0 0.529547 0.487507 0.039142 0.087216
0.0 0.475960 0.514171 0.042985 0.085491
0.0 0.474193 0.473709 0.037930 0.060785
0.0 0.498007 0.447186 0.028581 0.060832
0.0 0.435297 0.480283 0.042122 0.076541
0.0 0.398024 0.425930 0.035300 0.088941
0.0 0.518492 0.425789 0.018596 0.040415
0.0 0.432789 0.418098 0.035527 0.077428
0.0 0.465480 0.446486 0.023075 0.059154
0.0 0.465089 0.406444 0.031396 0.076169
0.0 0.430796 0.365283 0.025314 0.068524
0.0 0.400161 0.374374 0.031273 0.047174
0.0 0.399194 0.340298 0.018596 0.040415
0.0 0.415653 0.360669 0.013602 0.030206
0.0 0.453974 0.360062 0.018883 0.043398
0.0 0.468603 0.355308 0.011650 0.023820
0.0 0.487979 0.404207 0.019171 0.046382
0.0 0.502835 0.411804 0.021061 0.038271
0.0 0.528643 0.438095 0.021287 0.026756
0.0 0.492808 0.368825 0.022725 0.041673
0.0 0.332046 0.448819 0.040745 0.076122
0.0 0.340552 0.389990 0.039430 0.090200
0.0 0.367963 0.429054 0.026116 0.062977
0.0 0.366257 0.373255 0.021349 0.041254
0.0 0.373325 0.329345 0.025479 0.042512
3.0 0.320972 0.872317 0.067600 0.119054
3.0 0.704334 0.827911 0.028417 0.086844
