0.0 0.406250 0.775568 0.092188 0.096591
0.0 0.515625 0.738636 0.034375 0.076705
0.0 0.459375 0.750000 0.070312 0.093750
0.0 0.545312 0.715909 0.059375 0.073864
0.0 0.595313 0.715909 0.035937 0.059659
0.0 0.454688 0.687500 0.053125 0.051136
0.0 0.179688 0.707386 0.084375 0.068182
0.0 0.043750 0.721591 0.084375 0.065341
0.0 0.264062 0.701705 0.040625 0.051136
0.0 0.971875 0.875000 0.043750 0.088068
0.0 0.965625 0.965909 0.064062 0.062500
0.0 0.873438 0.965909 0.050000 0.062500
0.0 0.885938 0.866477 0.073438 0.071023
0.0 0.782812 0.801136 0.054688 0.102273
0.0 0.578125 0.923295 0.098437 0.113636
