0.0 0.369078 0.470129 0.078063 0.062183
0.0 0.420750 0.464695 0.045500 0.059812
3.0 0.226109 0.543979 0.067344 0.159131
3.0 0.485633 0.508216 0.039172 0.094554
3.0 0.539172 0.507782 0.034875 0.090540
3.0 0.632555 0.499437 0.013641 0.057887
3.0 0.642438 0.494038 0.025438 0.076432
3.0 0.685594 0.489941 0.026062 0.070962
3.0 0.706672 0.485012 0.016719 0.065094
3.0 0.729820 0.480962 0.017484 0.060188
3.0 0.744891 0.477418 0.015813 0.051315
0.0 0.051438 0.481092 0.038406 0.025939
0.0 0.322086 0.450704 0.072266 0.044319
0.0 0.051664 0.474765 0.032891 0.025399
3.0 0.805117 0.480505 0.019234 0.056362
3.0 0.790305 0.486901 0.010672 0.030423
3.0 0.841148 0.467770 0.015078 0.040282
3.0 0.611273 0.499965 0.026641 0.088756
0.0 0.296875 0.451878 0.025000 0.039906
