0.0 0.600000 0.633333 0.162500 0.205556
0.0 0.426563 0.547222 0.331250 0.358333
0.0 0.178125 0.611111 0.159375 0.230556
0.0 0.632812 0.294444 0.128125 0.141667
4.0 0.467187 0.833333 0.148438 0.322222
4.0 0.671875 0.472222 0.081250 0.150000
0.0 0.770312 0.400000 0.065625 0.108333
4.0 0.751563 0.586111 0.096875 0.208333
0.0 0.692187 0.366667 0.100000 0.111111
0.0 0.912500 0.297222 0.076563 0.094444
0.0 0.970313 0.300000 0.057813 0.088889
4.0 0.278125 0.888889 0.135937 0.219444
4.0 0.560937 0.922222 0.140625 0.150000
4.0 0.615625 0.872222 0.151562 0.252778
4.0 0.687500 0.863889 0.153125 0.269444
4.0 0.720313 0.822222 0.143750 0.316667
4.0 0.814063 0.694444 0.100000 0.169444
4.0 0.960938 0.586111 0.060937 0.116667
4.0 0.896875 0.630556 0.115625 0.097222
4.0 0.873437 0.672222 0.117188 0.094444
4.0 0.859375 0.433333 0.043750 0.130556
4.0 0.835938 0.397222 0.043750 0.102778
4.0 0.978125 0.422222 0.042188 0.127778
0.0 0.096094 0.368056 0.192188 0.136111
4.0 0.320312 0.366667 0.039062 0.102778
4.0 0.534375 0.294444 0.029687 0.072222
4.0 0.364063 0.336111 0.029687 0.069444
0.0 0.012500 0.675000 0.025000 0.194444
0.0 0.814063 0.355556 0.068750 0.088889
