0.0 0.323553 0.702540 0.222158 0.242914
0.0 0.053002 0.849643 0.106004 0.300713
0.0 0.446822 0.573559 0.184097 0.147175
0.0 0.743810 0.505443 0.068099 0.136393
4.0 0.835368 0.558561 0.035386 0.077377
0.0 0.635977 0.517405 0.039376 0.052390
0.0 0.581323 0.455808 0.038653 0.072772
4.0 0.950703 0.589667 0.050795 0.105453
0.0 0.929106 0.478544 0.033232 0.069347
0.0 0.835062 0.446651 0.032191 0.048683
0.0 0.455393 0.496688 0.088233 0.049920
0.0 0.438408 0.512411 0.084836 0.051942
4.0 0.868743 0.550644 0.035126 0.072211
0.0 0.530295 0.889634 0.123547 0.160595
0.0 0.530295 0.889634 0.123547 0.160595
