3.0 0.121875 0.813889 0.092188 0.327778
3.0 0.181250 0.686111 0.039062 0.105556
0.0 0.714063 0.822222 0.448437 0.347222
0.0 0.287500 0.652778 0.104688 0.155556
0.0 0.732812 0.638889 0.173437 0.108333
0.0 0.953125 0.619444 0.089063 0.100000
0.0 0.596875 0.597222 0.085938 0.063889
0.0 0.243750 0.591667 0.054688 0.075000
0.0 0.417187 0.622222 0.098437 0.147222
0.0 0.492188 0.572222 0.054688 0.061111
0.0 0.364063 0.600000 0.026562 0.066667
0.0 0.296875 0.527778 0.029687 0.030556
0.0 0.535937 0.577778 0.034375 0.050000
0.0 0.317188 0.580556 0.050000 0.072222
