0.0 0.779980 0.503445 0.148802 0.212218
0.0 0.760826 0.773026 0.177804 0.377228
0.0 0.664951 0.921211 0.129075 0.157577
3.0 0.427908 0.836727 0.070788 0.192128
0.0 0.532067 0.820072 0.126501 0.351017
0.0 0.329293 0.906363 0.170070 0.187275
0.0 0.481357 0.349793 0.031349 0.060753
0.0 0.454695 0.463640 0.045436 0.102755
0.0 0.452893 0.319001 0.022402 0.046818
0.0 0.630179 0.739940 0.082977 0.206773
0.0 0.684055 0.567669 0.066573 0.131334
0.0 0.587158 0.570389 0.052617 0.137257
0.0 0.553992 0.448052 0.033035 0.085070
0.0 0.604370 0.486384 0.056782 0.105241
0.0 0.648636 0.436568 0.054107 0.089688
0.0 0.576489 0.369061 0.036212 0.061818
0.0 0.583103 0.416986 0.041917 0.075042
0.0 0.527084 0.392231 0.037412 0.056094
0.0 0.488814 0.409876 0.034591 0.061463
0.0 0.433347 0.440546 0.040508 0.077727
0.0 0.425504 0.541012 0.062066 0.112387
0.0 0.398129 0.692047 0.088764 0.175112
0.0 0.210526 0.739331 0.114632 0.156834
0.0 0.165010 0.699933 0.098991 0.138439
0.0 0.228953 0.577916 0.080252 0.098411
0.0 0.210636 0.551071 0.070316 0.093240
0.0 0.262730 0.471766 0.054253 0.068766
0.0 0.469087 0.386427 0.031138 0.057713
0.0 0.561348 0.316834 0.021559 0.034659
0.0 0.495574 0.436168 0.029518 0.057358
0.0 0.526160 0.426379 0.028108 0.060042
0.0 0.510322 0.340359 0.019371 0.049147
0.0 0.538510 0.343440 0.024234 0.050213
0.0 0.530762 0.326623 0.018949 0.043068
0.0 0.500110 0.311740 0.015286 0.036279
0.0 0.454157 0.337238 0.017118 0.039673
0.0 0.518361 0.313911 0.015497 0.039317
0.0 0.480870 0.319041 0.017263 0.018751
0.0 0.504617 0.329266 0.017118 0.039673
0.0 0.272521 0.494307 0.037055 0.073977
0.0 0.304453 0.456450 0.033181 0.064148
0.0 0.348006 0.443819 0.028319 0.063082
0.0 0.133109 0.595834 0.063833 0.091819
3.0 0.210044 0.956267 0.094324 0.087466
4.0 0.184085 0.476658 0.095749 0.137728
0.0 0.328264 0.491348 0.053053 0.074489
0.0 0.284696 0.574957 0.073980 0.100030
0.0 0.093062 0.938600 0.178741 0.122800
0.0 0.060737 0.744655 0.121473 0.152887
0.0 0.307985 0.412474 0.021348 0.031620
0.0 0.352107 0.384290 0.031706 0.042870
0.0 0.363518 0.406476 0.028674 0.045199
0.0 0.374944 0.357684 0.024800 0.035370
0.0 0.393066 0.310511 0.037623 0.059134
0.0 0.365575 0.341223 0.016696 0.033594
0.0 0.328571 0.377105 0.032338 0.051989
3.0 0.295520 0.375090 0.016907 0.036634
0.0 0.436343 0.270169 0.012610 0.020725
3.0 0.423798 0.279089 0.007327 0.013579
0.0 0.447057 0.258563 0.008947 0.013935
0.0 0.469815 0.278262 0.014653 0.027159
0.0 0.471712 0.305619 0.018528 0.036989
0.0 0.487289 0.292948 0.016275 0.027514
0.0 0.512170 0.272066 0.012821 0.023764
0.0 0.530631 0.277278 0.027119 0.068806
0.0 0.551427 0.244948 0.023034 0.055937
0.0 0.527048 0.225603 0.020149 0.037344
0.0 0.115359 0.553435 0.055518 0.087003
0.0 0.603557 0.332270 0.031138 0.057713
0.0 0.590946 0.316519 0.025433 0.044489
0.0 0.563326 0.297886 0.023180 0.035015
0.0 0.572207 0.283595 0.024168 0.026250
0.0 0.556355 0.268555 0.014864 0.030199
4.0 0.876391 0.469973 0.070025 0.135085
4.0 0.935165 0.463265 0.048531 0.124388
3.0 0.677521 0.473440 0.030571 0.072556
3.0 0.710572 0.475454 0.027606 0.098847
0.0 0.967170 0.585089 0.065660 0.141834
1.0 0.507748 0.516817 0.065795 0.143138
0.0 0.488211 0.258802 0.010568 0.014290
0.0 0.502800 0.255605 0.010779 0.017330
0.0 0.501325 0.234327 0.014443 0.024119
0.0 0.478210 0.233221 0.011201 0.023408
0.0 0.476655 0.258248 0.010779 0.017330
0.0 0.967576 0.588129 0.064849 0.147558
