0.0 0.370101 0.340459 0.261581 0.429323
3.0 0.195965 0.416240 0.102457 0.139596
3.0 0.665593 0.314055 0.065758 0.272932
4.0 0.860473 0.358351 0.235923 0.411044
3.0 0.973950 0.295086 0.052101 0.275659
4.0 0.228805 0.223670 0.041016 0.098640
0.0 0.172202 0.232098 0.107415 0.209735
4.0 0.526098 0.199930 0.044894 0.110784
4.0 0.466852 0.223414 0.052925 0.140897
4.0 0.912431 0.215719 0.089396 0.178135
4.0 0.769551 0.207668 0.071237 0.143624
0.0 0.024465 0.227703 0.042817 0.101800
0.0 0.241456 0.171933 0.078327 0.118654
0.0 0.105784 0.174539 0.036177 0.066111
4.0 0.802865 0.167518 0.066674 0.116919
4.0 0.560647 0.185989 0.031301 0.102977
0.0 0.600876 0.185864 0.063345 0.116423
4.0 0.978478 0.123273 0.043045 0.073919
3.0 0.808170 0.369070 0.120597 0.208806
