3.0 0.116508 0.619323 0.193016 0.223354
0.0 0.500633 0.517490 0.109453 0.084062
0.0 0.627844 0.500094 0.059531 0.059312
0.0 0.205523 0.489844 0.053328 0.057896
0.0 0.412461 0.479177 0.039578 0.026979
3.0 0.351289 0.505448 0.027953 0.049104
3.0 0.383227 0.502229 0.037328 0.041375
3.0 0.410570 0.507490 0.016703 0.039396
3.0 0.435422 0.509969 0.041406 0.041646
3.0 0.240906 0.511479 0.060500 0.047500
3.0 0.288672 0.510354 0.043625 0.037708
3.0 0.049367 0.518490 0.029047 0.057688
3.0 0.719875 0.505521 0.018031 0.037042
3.0 0.580438 0.541958 0.048781 0.125250
3.0 0.973680 0.700167 0.052640 0.094958
3.0 0.549547 0.485958 0.007844 0.021167
0.0 0.598914 0.465458 0.020297 0.020458
3.0 0.961758 0.595542 0.076484 0.133292
3.0 0.517969 0.526042 0.667188 0.143750
3.0 0.775000 0.511458 0.018750 0.039583
