3.0 0.675500 0.470083 0.017906 0.076417
0.0 0.875539 0.426719 0.248922 0.528021
0.0 0.743266 0.459094 0.085656 0.152604
0.0 0.714992 0.441083 0.040547 0.097500
0.0 0.662852 0.431583 0.018266 0.038208
0.0 0.625969 0.431052 0.020563 0.028771
0.0 0.604086 0.412125 0.026141 0.018083
0.0 0.628789 0.409927 0.021141 0.013938
0.0 0.637633 0.430760 0.013859 0.029062
0.0 0.550992 0.426646 0.028703 0.033292
0.0 0.645852 0.432406 0.015609 0.035354
0.0 0.795695 0.767687 0.408609 0.438667
3.0 0.553906 0.463542 0.017188 0.039583
