1.0 0.610938 0.633333 0.040625 0.041667
1.0 0.565625 0.633333 0.021875 0.027778
1.0 0.925000 0.633333 0.109375 0.113889
0.0 0.746875 0.636111 0.095312 0.072222
0.0 0.039062 0.616667 0.078125 0.097222
0.0 0.142187 0.608333 0.079687 0.091667
0.0 0.217188 0.611111 0.070312 0.072222
0.0 0.273438 0.608333 0.042188 0.063889
0.0 0.310937 0.616667 0.029687 0.038889
1.0 0.346875 0.613889 0.037500 0.044444
0.0 0.412500 0.613889 0.010937 0.022222
1.0 0.493750 0.622222 0.020313 0.025000
0.0 0.528125 0.636111 0.015625 0.011111
0.0 0.671875 0.634722 0.062500 0.063889
