0.0 0.650523 0.444953 0.056234 0.025550
0.0 0.582484 0.449133 0.063219 0.031569
0.0 0.500836 0.454707 0.061828 0.031756
0.0 0.432117 0.460468 0.045578 0.022436
0.0 0.361555 0.463232 0.045672 0.031522
0.0 0.134219 0.478173 0.041438 0.025667
0.0 0.067617 0.481183 0.043359 0.027892
0.0 0.019320 0.488525 0.038640 0.021593
0.0 0.627250 0.444496 0.040156 0.027681
0.0 0.202203 0.472190 0.062750 0.030656
0.0 0.879797 0.426429 0.037531 0.021803
0.0 0.785406 0.434251 0.022156 0.030515
0.0 0.748000 0.440703 0.022594 0.023091
0.0 0.061719 0.481265 0.010937 0.025761
