3.0 0.500970 0.428057 0.075694 0.111464
3.0 0.657112 0.359297 0.020299 0.033175
4.0 0.839689 0.367848 0.072650 0.069332
0.0 0.350468 0.400162 0.168828 0.058898
0.0 0.204083 0.442359 0.203291 0.079754
4.0 0.198167 0.398490 0.053031 0.021648
0.0 0.428078 0.382143 0.093018 0.044354
0.0 0.260979 0.369664 0.166395 0.060409
0.0 0.152437 0.375930 0.057656 0.036385
0.0 0.101792 0.396066 0.075740 0.072695
0.0 0.057987 0.427349 0.106604 0.145091
0.0 0.363560 0.358750 0.062304 0.031736
0.0 0.490890 0.353317 0.059432 0.029998
0.0 0.929409 0.390165 0.079950 0.064798
4.0 0.911336 0.345181 0.052789 0.039407
4.0 0.842389 0.328513 0.014359 0.008689
3.0 0.798387 0.338561 0.010368 0.018213
