0.0 0.604167 0.490625 0.354167 0.128125
0.0 0.506250 0.443750 0.139583 0.056250
0.0 0.077083 0.445312 0.125000 0.060937
3.0 0.239583 0.439063 0.039583 0.057813
3.0 0.200000 0.432812 0.039583 0.056250
3.0 0.158333 0.423438 0.020833 0.035937
0.0 0.097917 0.415625 0.052083 0.026562
0.0 0.058333 0.398438 0.029167 0.012500
3.0 0.029167 0.420312 0.020833 0.031250
0.0 0.010417 0.414062 0.016667 0.017188
0.0 0.033333 0.400000 0.020833 0.009375
0.0 0.135417 0.428125 0.027083 0.035937
0.0 0.145833 0.407813 0.045833 0.035937
0.0 0.175000 0.417187 0.016667 0.018750
0.0 0.220833 0.404687 0.033333 0.014063
0.0 0.056250 0.410938 0.027083 0.009375
0.0 0.245833 0.432812 0.068750 0.043750
