0.0 0.179688 0.468927 0.065625 0.070621
3.0 0.165625 0.516949 0.020313 0.042373
1.0 0.353125 0.375706 0.070312 0.062147
3.0 0.364063 0.412429 0.017188 0.022599
1.0 0.125000 0.946328 0.250000 0.087571
1.0 0.123438 0.771186 0.246875 0.347458
1.0 0.303125 0.677966 0.117188 0.245763
1.0 0.445312 0.658192 0.126562 0.237288
1.0 0.479687 0.508475 0.101562 0.146893
1.0 0.456250 0.474576 0.092188 0.158192
1.0 0.540625 0.477401 0.059375 0.158192
1.0 0.668750 0.403955 0.062500 0.115819
1.0 0.601562 0.415254 0.050000 0.118644
1.0 0.546875 0.375706 0.056250 0.042373
1.0 0.709375 0.392655 0.023438 0.067797
1.0 0.731250 0.367232 0.032813 0.079096
1.0 0.757812 0.353107 0.025000 0.070621
1.0 0.784375 0.341808 0.025000 0.059322
1.0 0.831250 0.322034 0.034375 0.062147
0.0 0.012500 0.567989 0.025000 0.082153
