0.0 0.548438 0.688889 0.076563 0.086111
0.0 0.128125 0.711111 0.107813 0.161111
0.0 0.318750 0.669444 0.046875 0.077778
0.0 0.368750 0.661111 0.037500 0.061111
0.0 0.504688 0.669444 0.064062 0.097222
0.0 0.685937 0.841667 0.351562 0.297222
0.0 0.934375 0.755556 0.131250 0.141667
0.0 0.664062 0.727778 0.185938 0.144444
0.0 0.614063 0.697222 0.090625 0.088889
4.0 0.840625 0.713889 0.103125 0.072222
4.0 0.878125 0.663889 0.025000 0.055556
4.0 0.832813 0.661111 0.018750 0.036111
4.0 0.640625 0.641667 0.021875 0.030556
3.0 0.056250 0.788889 0.109375 0.144444
