0.0 0.095266 0.361589 0.089625 0.097719
0.0 0.512906 0.260750 0.102844 0.059630
0.0 0.552063 0.770517 0.193719 0.185283
0.0 0.498352 0.640078 0.203547 0.143821
0.0 0.137453 0.285127 0.100875 0.038713
0.0 0.038508 0.298177 0.077016 0.035692
0.0 0.141875 0.552534 0.186250 0.200897
0.0 0.142258 0.543665 0.200547 0.200585
0.0 0.290430 0.367076 0.101984 0.108382
0.0 0.205430 0.277164 0.063297 0.034327
0.0 0.290258 0.280010 0.097266 0.054211
0.0 0.240398 0.423957 0.114578 0.168733
0.0 0.728422 0.221423 0.077938 0.027135
0.0 0.017852 0.328587 0.035703 0.028285
