0.0 0.079688 0.888889 0.103125 0.216667
0.0 0.060937 0.727778 0.075000 0.166667
0.0 0.020312 0.650000 0.037500 0.155556
0.0 0.037500 0.600000 0.053125 0.094444
0.0 0.326562 0.911111 0.134375 0.172222
0.0 0.459375 0.833333 0.128125 0.302778
0.0 0.259375 0.691667 0.145313 0.297222
0.0 0.121875 0.522222 0.128125 0.275000
0.0 0.345313 0.608333 0.081250 0.183333
0.0 0.946875 0.702778 0.106250 0.383333
0.0 0.028125 0.461111 0.053125 0.177778
0.0 0.845312 0.863889 0.112500 0.175000
0.0 0.760937 0.800000 0.103125 0.158333
0.0 0.668750 0.702778 0.096875 0.163889
0.0 0.721875 0.588889 0.087500 0.119444
0.0 0.628125 0.627778 0.078125 0.172222
0.0 0.710938 0.472222 0.046875 0.116667
0.0 0.784375 0.502778 0.106250 0.244444
0.0 0.548438 0.538889 0.100000 0.230556
0.0 0.626563 0.505556 0.062500 0.086111
0.0 0.421875 0.455556 0.062500 0.100000
0.0 0.535938 0.322222 0.106250 0.138889
0.0 0.567188 0.358333 0.075000 0.125000
0.0 0.643750 0.444444 0.089063 0.172222
0.0 0.271875 0.438889 0.107813 0.163889
0.0 0.306250 0.511111 0.084375 0.094444
