0.0 0.603548 0.527180 0.086478 0.022680
0.0 0.743175 0.535440 0.106710 0.063920
0.0 0.386542 0.517870 0.080334 0.017180
1.0 0.259139 0.509790 0.102545 0.026700
0.0 0.130925 0.503990 0.040668 0.022700
0.0 0.836015 0.537090 0.072956 0.021900
0.0 0.457686 0.513680 0.064936 0.019640
0.0 0.093419 0.510890 0.024473 0.026420
0.0 0.988689 0.550700 0.020977 0.039720
0.0 0.344769 0.515770 0.042494 0.015860
0.0 0.578985 0.518380 0.064344 0.018120
0.0 0.227378 0.506820 0.043548 0.021240
0.0 0.928021 0.543000 0.118252 0.038000
