4.0 0.964811 0.851075 0.070378 0.167807
4.0 0.990489 0.720501 0.019022 0.097968
4.0 0.901433 0.704257 0.084824 0.099366
4.0 0.809260 0.677327 0.081502 0.098767
4.0 0.766001 0.628326 0.058787 0.080658
4.0 0.798680 0.619804 0.022142 0.052030
4.0 0.273972 0.588980 0.048206 0.132787
4.0 0.196690 0.808817 0.092508 0.154791
4.0 0.102135 0.716575 0.096385 0.203526
4.0 0.196598 0.651230 0.073802 0.125397
4.0 0.134105 0.611118 0.072833 0.113214
4.0 0.176656 0.563183 0.049310 0.084952
4.0 0.215742 0.601131 0.067206 0.104192
3.0 0.250966 0.772266 0.048161 0.152794
0.0 0.402584 0.581291 0.094770 0.183220
3.0 0.562098 0.587415 0.040891 0.061417
0.0 0.494713 0.587615 0.082149 0.106889
0.0 0.546686 0.675264 0.082221 0.148932
0.0 0.656009 0.804156 0.215988 0.349196
0.0 0.371146 0.817639 0.215608 0.221035
0.0 0.344218 0.722151 0.171714 0.389242
0.0 0.267196 0.525966 0.066075 0.089978
0.0 0.981463 0.969927 0.037073 0.060145
0.0 0.782137 0.721867 0.131108 0.125730
4.0 0.935225 0.597068 0.028666 0.031191
4.0 0.908821 0.590244 0.025507 0.032623
4.0 0.891203 0.578826 0.027491 0.036984
4.0 0.932829 0.563680 0.024699 0.022470
4.0 0.864754 0.551397 0.026199 0.020738
4.0 0.842316 0.537049 0.023201 0.024201
4.0 0.819394 0.528794 0.027168 0.032922
4.0 0.797279 0.510385 0.024861 0.024500
4.0 0.899945 0.553627 0.021540 0.023901
0.0 0.816647 0.563314 0.101194 0.058288
0.0 0.904782 0.641009 0.139660 0.089246
0.0 0.822364 0.597301 0.119045 0.097535
0.0 0.661218 0.527030 0.044212 0.062016
0.0 0.638046 0.479594 0.049560 0.046970
0.0 0.633081 0.563148 0.083163 0.099067
0.0 0.774770 0.539280 0.055673 0.062083
0.0 0.693852 0.497902 0.056364 0.050199
4.0 0.828137 0.503595 0.019880 0.023601
4.0 0.803554 0.495039 0.017573 0.015180
4.0 0.784114 0.485353 0.021540 0.023901
4.0 0.771198 0.499500 0.023201 0.024201
4.0 0.728514 0.485619 0.018219 0.023302
4.0 0.747262 0.482822 0.013238 0.022403
4.0 0.723165 0.468176 0.025184 0.028561
4.0 0.685137 0.459255 0.022187 0.032024
4.0 0.667196 0.451898 0.014899 0.022703
4.0 0.695584 0.454961 0.020850 0.035785
4.0 0.858068 0.529593 0.018219 0.023302
3.0 0.705224 0.460819 0.011901 0.026165
4.0 0.578155 0.491444 0.061830 0.057190
3.0 0.544050 0.454395 0.019350 0.037516
4.0 0.596330 0.453529 0.025830 0.036684
4.0 0.565752 0.435654 0.019189 0.035486
4.0 0.535335 0.415747 0.018543 0.027363
0.0 0.646463 0.458455 0.036161 0.022536
0.0 0.617061 0.446971 0.035146 0.030359
0.0 0.589805 0.429694 0.030165 0.029460
0.0 0.575508 0.418876 0.025023 0.026531
0.0 0.557728 0.409489 0.033485 0.030059
4.0 0.622159 0.425233 0.014575 0.018641
4.0 0.607540 0.418477 0.014576 0.018641
0.0 0.610332 0.404562 0.017896 0.019240
4.0 0.586762 0.404428 0.012592 0.014281
4.0 0.539743 0.381527 0.012753 0.016311
4.0 0.521963 0.372139 0.011093 0.016012
0.0 0.511973 0.434189 0.028828 0.033222
0.0 0.493826 0.408257 0.038467 0.030958
0.0 0.507872 0.379895 0.017896 0.019240
0.0 0.446733 0.428596 0.034455 0.042243
0.0 0.439725 0.410854 0.025184 0.028561
0.0 0.400655 0.457358 0.072466 0.129159
0.0 0.359308 0.447838 0.033926 0.056157
3.0 0.318166 0.456892 0.020481 0.051730
0.0 0.339501 0.421606 0.032795 0.041944
0.0 0.372340 0.411054 0.027168 0.032922
0.0 0.344436 0.401899 0.025184 0.028561
0.0 0.355045 0.395574 0.028828 0.033222
4.0 0.187337 0.513616 0.043035 0.067809
4.0 0.197047 0.476232 0.045181 0.074200
3.0 0.017873 0.671836 0.035747 0.092142
4.0 0.112018 0.528862 0.048340 0.072768
4.0 0.126064 0.500500 0.045504 0.078261
4.0 0.062647 0.493177 0.059110 0.084719
4.0 0.017650 0.465315 0.035300 0.076829
4.0 0.223039 0.445907 0.047532 0.062615
4.0 0.255351 0.420841 0.029842 0.025399
4.0 0.179502 0.421573 0.025507 0.032623
0.0 0.128444 0.449436 0.120427 0.073767
0.0 0.039998 0.409956 0.079996 0.096337
0.0 0.082554 0.412319 0.020158 0.047669
0.0 0.263903 0.461519 0.064298 0.067642
4.0 0.306940 0.407492 0.022186 0.032024
0.0 0.243889 0.416713 0.049399 0.044940
0.0 0.265429 0.400002 0.031826 0.029760
0.0 0.278183 0.387885 0.031664 0.027730
4.0 0.304910 0.390648 0.016236 0.018941
4.0 0.321999 0.387552 0.015383 0.028794
0.0 0.353502 0.372639 0.014253 0.014581
0.0 0.368284 0.377366 0.014253 0.014581
0.0 0.371237 0.361421 0.017412 0.013149
0.0 0.425383 0.379429 0.029151 0.037283
0.0 0.371192 0.340815 0.012915 0.018341
0.0 0.353250 0.333459 0.014576 0.018641
0.0 0.387473 0.347872 0.009432 0.015712
0.0 0.359525 0.318112 0.014253 0.014581
0.0 0.377950 0.319377 0.015913 0.014880
0.0 0.328875 0.343479 0.017735 0.017210
0.0 0.388531 0.376900 0.019557 0.019540
0.0 0.438253 0.344677 0.014414 0.016611
0.0 0.457003 0.341880 0.014253 0.014581
4.0 0.635281 0.429661 0.015060 0.024734
0.0 0.546518 0.444541 0.042434 0.039680
0.0 0.480480 0.491317 0.106343 0.143569
3.0 0.085579 0.765881 0.045476 0.098482
