4.0 0.748059 0.540204 0.443698 0.314845
3.0 0.363286 0.451328 0.104908 0.089614
0.0 0.686476 0.390785 0.401854 0.145102
0.0 0.243107 0.400260 0.092223 0.060257
0.0 0.262367 0.378291 0.072347 0.038550
0.0 0.467538 0.414027 0.065631 0.049420
4.0 0.312350 0.411591 0.043983 0.053198
4.0 0.347020 0.398622 0.036650 0.022494
4.0 0.178093 0.398451 0.024513 0.015533
4.0 0.155967 0.401109 0.022434 0.020228
4.0 0.133364 0.400551 0.024274 0.013923
0.0 0.111407 0.385378 0.026831 0.012444
0.0 0.156137 0.383278 0.046639 0.014973
4.0 0.367474 0.384698 0.020762 0.008964
4.0 0.426181 0.381941 0.023797 0.010705
4.0 0.405150 0.429919 0.093249 0.085870
4.0 0.220573 0.419141 0.066825 0.057466
0.0 0.439513 0.395899 0.036412 0.020884
4.0 0.474661 0.386146 0.037775 0.011361
4.0 0.085840 0.402782 0.032662 0.014317
4.0 0.111239 0.403209 0.026831 0.012444
4.0 0.051815 0.401139 0.020762 0.008964
0.0 0.892870 0.377854 0.057244 0.049026
3.0 0.860209 0.594080 0.210055 0.180837
