0.0 0.914844 0.719792 0.170313 0.556250
4.0 0.042188 0.704167 0.079687 0.112500
0.0 0.506250 0.658333 0.473438 0.572917
0.0 0.096875 0.629167 0.189062 0.093750
0.0 0.109375 0.552083 0.150000 0.052083
3.0 0.750000 0.500000 0.042188 0.116667
0.0 0.182813 0.337500 0.193750 0.325000
0.0 0.435937 0.272917 0.200000 0.285417
0.0 0.610938 0.237500 0.154688 0.225000
0.0 0.150000 0.100000 0.139063 0.097917
0.0 0.329688 0.077083 0.126562 0.112500
0.0 0.890625 0.277083 0.096875 0.085417
0.0 0.868750 0.087500 0.159375 0.141667
0.0 0.535938 0.089583 0.171875 0.056250
4.0 0.306250 0.354167 0.050000 0.168750
3.0 0.091406 0.896875 0.057813 0.181250
