0.0 0.912500 0.736111 0.170313 0.519444
0.0 0.891406 0.479167 0.217188 0.363889
0.0 0.932031 0.288889 0.135937 0.055556
0.0 0.829687 0.305556 0.101562 0.150000
0.0 0.746875 0.322222 0.114062 0.194444
0.0 0.689063 0.191667 0.301563 0.147222
0.0 0.628125 0.466667 0.262500 0.391667
0.0 0.360938 0.666667 0.434375 0.652778
0.0 0.087500 0.544444 0.171875 0.480556
0.0 0.117188 0.347222 0.175000 0.172222
0.0 0.045312 0.272222 0.068750 0.105556
0.0 0.103125 0.255556 0.100000 0.047222
0.0 0.273438 0.294444 0.087500 0.147222
0.0 0.192187 0.280556 0.070312 0.130556
0.0 0.465625 0.347222 0.156250 0.200000
0.0 0.518750 0.255556 0.115625 0.050000
0.0 0.596875 0.250000 0.060937 0.055556
4.0 0.485938 0.222222 0.025000 0.061111
0.0 0.395312 0.213889 0.054688 0.047222
0.0 0.325000 0.216667 0.056250 0.050000
0.0 0.246875 0.219444 0.085938 0.052778
0.0 0.114062 0.205556 0.064062 0.055556
0.0 0.354688 0.286111 0.084375 0.102778
