3.0 0.450510 0.649280 0.451340 0.458613
0.0 0.648230 0.359840 0.346980 0.205227
0.0 0.992610 0.370093 0.014780 0.018107
3.0 0.297010 0.811707 0.594020 0.376586
3.0 0.679000 0.670667 0.192000 0.333333
3.0 0.744200 0.650173 0.102120 0.214213
3.0 0.852660 0.637200 0.123600 0.282560
3.0 0.500880 0.758453 0.357400 0.460107
3.0 0.857900 0.520227 0.153240 0.144347
3.0 0.858840 0.578853 0.159000 0.177173
3.0 0.948430 0.470947 0.045620 0.039920
3.0 0.308220 0.732040 0.453960 0.301093
3.0 0.255560 0.647000 0.185120 0.170000
3.0 0.710770 0.552720 0.037620 0.072373
3.0 0.547220 0.526880 0.098840 0.057653
0.0 0.962380 0.402400 0.052280 0.032747
0.0 0.925460 0.365373 0.021280 0.015760
0.0 0.853950 0.372093 0.071660 0.087067
3.0 0.728170 0.617080 0.056100 0.050800
3.0 0.537000 0.673333 0.830000 0.520000
