0.0 0.463211 0.496984 0.028672 0.048175
0.0 0.406945 0.505833 0.028609 0.056349
3.0 0.238047 0.719742 0.112750 0.438452
3.0 0.359453 0.555913 0.045969 0.116746
0.0 0.439117 0.410933 0.009484 0.015992
0.0 0.413609 0.449901 0.026406 0.028849
0.0 0.460422 0.447024 0.013750 0.020873
0.0 0.440391 0.441250 0.025406 0.037183
0.0 0.419055 0.426567 0.012891 0.022024
0.0 0.500930 0.448929 0.018078 0.043254
0.0 0.482711 0.442520 0.013328 0.039881
0.0 0.473328 0.423036 0.009406 0.032024
0.0 0.423031 0.401429 0.009781 0.016032
0.0 0.250711 0.535456 0.124203 0.090437
