3.0 0.847297 0.272417 0.139187 0.153500
3.0 0.637141 0.331844 0.145469 0.264188
0.0 0.120961 0.332260 0.235484 0.156979
0.0 0.915422 0.175250 0.060406 0.055708
0.0 0.845430 0.187240 0.059203 0.052646
3.0 0.703969 0.307979 0.101469 0.234083
0.0 0.476125 0.470781 0.800563 0.815729
3.0 0.611469 0.412552 0.086469 0.171771
3.0 0.896078 0.264937 0.089031 0.169458
3.0 0.797164 0.348938 0.025609 0.079167
0.0 0.993898 0.157417 0.012203 0.029875
0.0 0.874914 0.173219 0.035109 0.032979
0.0 0.948547 0.167448 0.025000 0.033646
0.0 0.979734 0.231469 0.040406 0.100687
0.0 0.798016 0.198927 0.070469 0.058729
3.0 0.735094 0.300896 0.080563 0.230625
