0.0 0.118750 0.580169 0.071875 0.090717
0.0 0.562500 0.586498 0.060937 0.065401
4.0 0.832813 0.588608 0.050000 0.073840
4.0 0.887500 0.597046 0.034375 0.073840
0.0 0.956250 0.597046 0.060937 0.071730
4.0 0.684375 0.569620 0.020313 0.031646
1.0 0.468750 0.550633 0.053125 0.073840
4.0 0.418750 0.561181 0.012500 0.023207
1.0 0.564063 0.537975 0.021875 0.031646
4.0 0.254687 0.569620 0.021875 0.048523
1.0 0.746875 0.567511 0.050000 0.056962
0.0 0.653125 0.559072 0.034375 0.023207
1.0 0.606250 0.550633 0.023438 0.035865
