0.0 0.803131 0.907298 0.393739 0.185405
0.0 0.047747 0.887455 0.095495 0.225091
4.0 0.853719 0.656771 0.113077 0.280092
4.0 0.769455 0.581113 0.102620 0.227191
4.0 0.712766 0.531730 0.072979 0.170179
4.0 0.689711 0.489790 0.057090 0.172403
4.0 0.668200 0.444681 0.044933 0.113252
4.0 0.646636 0.396493 0.023106 0.047425
0.0 0.650119 0.507343 0.026538 0.155364
0.0 0.548246 0.522078 0.190682 0.441284
0.0 0.291610 0.631506 0.337362 0.636980
0.0 0.059426 0.419166 0.118852 0.201002
0.0 0.262449 0.324639 0.251866 0.105917
