3.0 0.592187 0.813889 0.209375 0.308333
0.0 0.565625 0.597222 0.187500 0.269444
3.0 0.357812 0.594444 0.100000 0.263889
3.0 0.264062 0.588889 0.071875 0.277778
0.0 0.351562 0.497222 0.073438 0.111111
0.0 0.434375 0.475000 0.090625 0.147222
0.0 0.760937 0.575000 0.323437 0.313889
0.0 0.614063 0.438889 0.176563 0.119444
0.0 0.028125 0.480556 0.051562 0.075000
0.0 0.173438 0.483333 0.053125 0.088889
3.0 0.960938 0.494444 0.076563 0.105556
3.0 0.878125 0.466667 0.050000 0.055556
3.0 0.795313 0.466667 0.051562 0.080556
3.0 0.934375 0.777778 0.126562 0.402778
3.0 0.217187 0.536111 0.042188 0.158333
0.0 0.979687 0.593056 0.040625 0.119444
