0.0 0.681344 0.404792 0.244813 0.160625
0.0 0.458922 0.307521 0.090125 0.098375
0.0 0.087094 0.498927 0.167750 0.180646
0.0 0.804414 0.346073 0.204734 0.132938
0.0 0.953656 0.364604 0.092688 0.079375
0.0 0.221094 0.375021 0.212062 0.112792
1.0 0.585625 0.223271 0.237156 0.189542
0.0 0.459367 0.212917 0.052078 0.041667
0.0 0.440719 0.198281 0.078375 0.035771
0.0 0.915094 0.295771 0.169813 0.070542
0.0 0.822336 0.227521 0.095641 0.053500
0.0 0.358148 0.267635 0.136297 0.095187
0.0 0.752594 0.253250 0.120781 0.059750
1.0 0.363305 0.167771 0.127422 0.066958
0.0 0.167789 0.328490 0.208359 0.116812
1.0 0.780625 0.162396 0.096094 0.068583
1.0 0.433172 0.135979 0.043812 0.027292
1.0 0.252320 0.162396 0.043672 0.032083
0.0 0.423750 0.796354 0.640906 0.387208
0.0 0.579688 0.215625 0.781250 0.202083
0.0 0.947656 0.248958 0.104688 0.060417
0.0 0.902344 0.175000 0.067187 0.037500
1.0 0.725781 0.204167 0.057813 0.058333
