3.0 0.396453 0.773469 0.067844 0.110562
3.0 0.451438 0.781365 0.053187 0.078354
3.0 0.305875 0.789937 0.102656 0.093625
0.0 0.632547 0.775188 0.140625 0.127833
0.0 0.533469 0.765396 0.080406 0.089417
0.0 0.796359 0.741073 0.061031 0.058187
3.0 0.360187 0.785427 0.059969 0.096062
3.0 0.486203 0.776552 0.035500 0.080854
3.0 0.500180 0.769344 0.049422 0.096729
0.0 0.875250 0.732198 0.045188 0.052312
0.0 0.831773 0.740385 0.032297 0.051271
0.0 0.415852 0.726021 0.022547 0.035792
0.0 0.688180 0.752156 0.043641 0.066604
0.0 0.712008 0.754510 0.051641 0.063521
0.0 0.736906 0.749844 0.043781 0.062437
0.0 0.839008 0.737802 0.045141 0.051854
0.0 0.898516 0.734135 0.016531 0.037146
3.0 0.427383 0.784083 0.048078 0.082542
