0.0 0.642188 0.925000 0.075000 0.141667
0.0 0.196875 0.877778 0.090625 0.169444
0.0 0.254687 0.694444 0.056250 0.105556
0.0 0.273438 0.650000 0.046875 0.080556
0.0 0.287500 0.616667 0.043750 0.066667
0.0 0.315625 0.594444 0.035937 0.061111
0.0 0.314063 0.550000 0.032813 0.025000
0.0 0.243750 0.572222 0.035937 0.030556
0.0 0.623437 0.652778 0.035937 0.083333
0.0 0.823437 0.675000 0.050000 0.072222
0.0 0.818750 0.627778 0.042188 0.027778
0.0 0.746875 0.575000 0.043750 0.044444
0.0 0.815625 0.836111 0.181250 0.316667
0.0 0.529687 0.736111 0.064062 0.111111
0.0 0.609375 0.513889 0.023438 0.033333
0.0 0.596875 0.433333 0.010937 0.019444
0.0 0.595313 0.408333 0.006250 0.011111
0.0 0.578125 0.413889 0.007812 0.008333
0.0 0.057813 0.883333 0.110937 0.197222
0.0 0.109375 0.736111 0.107813 0.113889
0.0 0.156250 0.791667 0.112500 0.152778
0.0 0.179688 0.675000 0.068750 0.086111
0.0 0.323438 0.697222 0.082812 0.097222
0.0 0.367188 0.769444 0.081250 0.141667
0.0 0.293750 0.841667 0.140625 0.194444
0.0 0.273438 0.786111 0.096875 0.130556
0.0 0.103125 0.952778 0.150000 0.083333
0.0 0.037500 0.722222 0.067187 0.108333
0.0 0.110938 0.663889 0.096875 0.108333
0.0 0.239062 0.622222 0.071875 0.088889
0.0 0.287500 0.575000 0.040625 0.025000
3.0 0.428125 0.694444 0.031250 0.100000
3.0 0.396875 0.688889 0.023438 0.094444
3.0 0.379687 0.661111 0.014063 0.066667
3.0 0.368750 0.672222 0.018750 0.050000
0.0 0.337500 0.627778 0.050000 0.047222
0.0 0.390625 0.611111 0.056250 0.077778
0.0 0.270312 0.558333 0.035937 0.038889
0.0 0.312500 0.552778 0.035937 0.036111
0.0 0.428125 0.658333 0.062500 0.091667
0.0 0.346875 0.600000 0.056250 0.044444
0.0 0.451562 0.608333 0.048438 0.069444
0.0 0.421875 0.583333 0.040625 0.052778
0.0 0.445312 0.552778 0.037500 0.041667
0.0 0.470313 0.575000 0.039062 0.061111
0.0 0.356250 0.555556 0.045312 0.052778
0.0 0.406250 0.538889 0.039062 0.036111
0.0 0.351562 0.525000 0.032813 0.022222
0.0 0.396875 0.516667 0.021875 0.022222
0.0 0.428125 0.519444 0.031250 0.038889
0.0 0.459375 0.527778 0.021875 0.036111
0.0 0.496875 0.522222 0.034375 0.061111
0.0 0.431250 0.461111 0.054688 0.050000
0.0 0.381250 0.511111 0.026562 0.033333
0.0 0.425000 0.500000 0.025000 0.025000
0.0 0.457812 0.494444 0.023438 0.025000
0.0 0.379687 0.536111 0.026562 0.027778
0.0 0.450000 0.513889 0.021875 0.027778
0.0 0.464063 0.466667 0.026562 0.036111
0.0 0.335938 0.538889 0.026562 0.033333
0.0 0.403125 0.508333 0.018750 0.025000
3.0 0.521875 0.880556 0.039062 0.144444
0.0 0.578125 0.436111 0.015625 0.038889
0.0 0.489062 0.552778 0.032813 0.047222
0.0 0.520313 0.488889 0.018750 0.041667
0.0 0.507812 0.461111 0.018750 0.030556
0.0 0.500000 0.422222 0.021875 0.027778
0.0 0.487500 0.466667 0.014063 0.022222
0.0 0.537500 0.463889 0.007812 0.036111
0.0 0.546875 0.425000 0.010937 0.016667
0.0 0.542187 0.450000 0.014063 0.025000
0.0 0.515625 0.430556 0.015625 0.022222
0.0 0.925000 0.808333 0.078125 0.130556
