0.0 0.740300 0.854796 0.168078 0.290409
0.0 0.699261 0.632032 0.107020 0.151987
0.0 0.313682 0.827188 0.151134 0.269261
0.0 0.414116 0.468334 0.058280 0.100132
0.0 0.621862 0.476702 0.061242 0.089868
0.0 0.713898 0.522168 0.089771 0.118808
0.0 0.579687 0.576110 0.083620 0.131416
0.0 0.500979 0.579518 0.070628 0.132863
0.0 0.485453 0.493377 0.058204 0.097491
0.0 0.297276 0.431195 0.062266 0.068892
0.0 0.493969 0.425316 0.050036 0.096746
0.0 0.621492 0.376058 0.042207 0.051258
0.0 0.662817 0.419544 0.055655 0.065654
0.0 0.620851 0.341581 0.033583 0.034669
0.0 0.278972 0.384515 0.065531 0.069190
0.0 0.338001 0.381959 0.048816 0.054496
0.0 0.356808 0.354551 0.032101 0.039802
0.0 0.387734 0.304421 0.026744 0.023510
0.0 0.457665 0.321394 0.025569 0.039205
0.0 0.068218 0.553220 0.136436 0.131053
0.0 0.022075 0.539932 0.044150 0.109097
0.0 0.314187 0.355957 0.032177 0.042442
0.0 0.354456 0.322565 0.027049 0.034073
0.0 0.280605 0.384664 0.058846 0.063312
0.0 0.033415 0.723331 0.066830 0.180289
0.0 0.159787 0.598686 0.152418 0.200903
0.0 0.415815 0.579689 0.081878 0.183930
0.0 0.537684 0.839687 0.101217 0.233102
0.0 0.566989 0.675561 0.065316 0.174518
0.0 0.555045 0.465309 0.039778 0.080008
0.0 0.569257 0.426892 0.031155 0.063418
0.0 0.538527 0.413497 0.029673 0.068550
0.0 0.519460 0.393223 0.022760 0.054752
0.0 0.442876 0.436539 0.031460 0.073981
0.0 0.457010 0.400762 0.027888 0.063120
0.0 0.534846 0.370799 0.023782 0.033775
0.0 0.492423 0.308680 0.020516 0.033476
0.0 0.520647 0.295369 0.018501 0.020124
0.0 0.535501 0.291430 0.018730 0.028047
0.0 0.531516 0.259294 0.017020 0.025257
0.0 0.577054 0.326993 0.048175 0.088675
0.0 0.575236 0.276522 0.039887 0.027343
0.0 0.574365 0.249968 0.020363 0.028196
0.0 0.553283 0.242748 0.019264 0.046531
0.0 0.499643 0.285510 0.020287 0.025555
0.0 0.481860 0.334192 0.025950 0.052409
0.0 0.445011 0.362600 0.036132 0.066507
0.0 0.570324 0.389923 0.025187 0.026002
3.0 0.610472 0.417415 0.019340 0.049172
0.0 0.525821 0.229651 0.013601 0.019677
0.0 0.508268 0.270411 0.013677 0.022318
0.0 0.471798 0.285617 0.020668 0.038758
0.0 0.495658 0.253375 0.011891 0.016888
0.0 0.486728 0.279036 0.010410 0.022019
0.0 0.500863 0.243260 0.010182 0.014098
0.0 0.510358 0.254717 0.011814 0.014247
0.0 0.224720 0.448402 0.052923 0.083841
0.0 0.189473 0.421356 0.047793 0.075472
0.0 0.258119 0.369373 0.032635 0.058286
3.0 0.294892 0.343606 0.018883 0.033327
4.0 0.190050 0.344629 0.092658 0.105903
3.0 0.315102 0.324269 0.013906 0.030240
3.0 0.294968 0.340965 0.014211 0.040803
3.0 0.277001 0.339325 0.015845 0.040952
0.0 0.358409 0.299097 0.017020 0.025257
0.0 0.391534 0.286234 0.015235 0.019826
0.0 0.417897 0.280698 0.012043 0.022168
0.0 0.388420 0.280655 0.020211 0.022914
0.0 0.409883 0.274671 0.015387 0.025108
0.0 0.438032 0.264001 0.015158 0.017186
0.0 0.423407 0.260020 0.015387 0.025108
0.0 0.438413 0.250798 0.011738 0.011606
0.0 0.453418 0.241577 0.017096 0.027897
0.0 0.504663 0.225073 0.013525 0.017037
4.0 0.867435 0.536180 0.078414 0.120405
4.0 0.956448 0.557582 0.087103 0.113378
3.0 0.188141 0.807788 0.099508 0.230312
0.0 0.160637 0.455792 0.059609 0.089719
0.0 0.114947 0.393375 0.054022 0.065505
3.0 0.108670 0.837603 0.119064 0.174155
0.0 0.622558 0.537661 0.046694 0.093807
