3.0 0.443718 0.838853 0.350440 0.322295
3.0 0.596332 0.638810 0.032793 0.086711
3.0 0.626776 0.588144 0.012102 0.032195
3.0 0.583477 0.560208 0.007028 0.019751
4.0 0.563965 0.578918 0.035134 0.082375
4.0 0.278374 0.572929 0.122555 0.209867
3.0 0.221023 0.564505 0.063216 0.063102
0.0 0.437944 0.581984 0.092697 0.158686
0.0 0.509541 0.568526 0.046057 0.083979
0.0 0.551484 0.562701 0.026936 0.064792
3.0 0.404786 0.565126 0.026540 0.043676
0.0 0.634979 0.555786 0.011319 0.022721
0.0 0.625224 0.556750 0.014834 0.032596
0.0 0.610205 0.554544 0.010541 0.029626
0.0 0.596158 0.557276 0.017761 0.035367
