0.0 0.658586 0.548883 0.070891 0.046766
0.0 0.544281 0.501336 0.050156 0.035641
0.0 0.627180 0.501055 0.023609 0.017047
0.0 0.655719 0.522125 0.025938 0.016250
0.0 0.676734 0.512641 0.027125 0.017625
0.0 0.032164 0.738031 0.029047 0.033031
0.0 0.735992 0.536055 0.025547 0.016172
0.0 0.754305 0.522289 0.031109 0.014547
0.0 0.722594 0.511273 0.027750 0.014984
1.0 0.545625 0.469859 0.044094 0.032031
1.0 0.123711 0.822438 0.047047 0.067906
1.0 0.076992 0.777219 0.039953 0.039719
0.0 0.741578 0.551664 0.024625 0.015609
0.0 0.751906 0.570211 0.019969 0.018578
0.0 0.812852 0.520742 0.029266 0.015203
0.0 0.598039 0.502234 0.024703 0.013969
0.0 0.895594 0.548906 0.030094 0.021500
0.0 0.777266 0.507445 0.025125 0.016016
0.0 0.446875 0.653125 0.890625 0.628125
0.0 0.026563 0.946094 0.050000 0.042188
0.0 0.792969 0.683594 0.042188 0.023438
0.0 0.851562 0.618750 0.034375 0.025000
0.0 0.871094 0.614062 0.029687 0.021875
1.0 0.110938 0.725000 0.046875 0.062500
0.0 0.824219 0.678906 0.029687 0.020313
0.0 0.707031 0.524219 0.029687 0.017188
0.0 0.557812 0.406250 0.021875 0.009375
