0.0 0.981445 0.582529 0.036578 0.096534
0.0 0.954172 0.566745 0.091281 0.092974
0.0 0.843297 0.571604 0.102125 0.123302
0.0 0.659641 0.456077 0.142750 0.346862
0.0 0.745063 0.511920 0.015688 0.021077
0.0 0.582195 0.559227 0.022828 0.096159
0.0 0.788586 0.517108 0.023984 0.034169
0.0 0.911312 0.547178 0.063219 0.065316
0.0 0.381273 0.618419 0.387797 0.320117
0.0 0.752844 0.506347 0.012094 0.021827
0.0 0.807414 0.520386 0.028453 0.037119
0.0 0.246070 0.507740 0.022016 0.045176
0.0 0.865180 0.521522 0.048891 0.031897
0.0 0.382203 0.620785 0.389906 0.311686
