0.0 0.303712 0.318781 0.055808 0.029000
0.0 0.090621 0.400016 0.071546 0.047375
0.0 0.018033 0.460469 0.036066 0.035906
0.0 0.715504 0.441594 0.096628 0.038125
0.0 0.390785 0.314406 0.037119 0.029594
0.0 0.941639 0.460656 0.051148 0.029625
0.0 0.238489 0.430773 0.143958 0.118672
1.0 0.179766 0.374984 0.107354 0.092937
0.0 0.423454 0.227664 0.035012 0.021922
1.0 0.370878 0.266930 0.082693 0.055734
1.0 0.248033 0.342539 0.056487 0.059453
0.0 0.249672 0.342055 0.058876 0.055516
1.0 0.377518 0.228227 0.044496 0.031891
