0.0 0.372414 0.914469 0.102297 0.161979
0.0 0.449531 0.886719 0.093625 0.134521
0.0 0.527000 0.864031 0.103094 0.128438
0.0 0.599094 0.849542 0.118469 0.130708
0.0 0.698594 0.933333 0.146625 0.114625
0.0 0.776477 0.796344 0.111953 0.088521
0.0 0.840922 0.888167 0.146437 0.106417
0.0 0.758289 0.906542 0.154797 0.151625
0.0 0.603289 0.947000 0.130484 0.106000
0.0 0.975586 0.902344 0.048828 0.077646
0.0 0.890125 0.871594 0.128094 0.094937
0.0 0.515195 0.945042 0.123109 0.109917
0.0 0.950453 0.789875 0.099094 0.079917
0.0 0.520312 0.790625 0.956250 0.414583
0.0 0.892188 0.960417 0.159375 0.075000
0.0 0.974219 0.629167 0.048438 0.033333
0.0 0.408594 0.966667 0.098437 0.062500
0.0 0.682031 0.988542 0.076563 0.018750
0.0 0.794531 0.615625 0.039062 0.031250
