0.0 0.625000 0.663551 0.195312 0.385514
0.0 0.714063 0.474299 0.157812 0.247664
0.0 0.923438 0.866822 0.148438 0.245327
4.0 0.906250 0.710280 0.076563 0.077103
0.0 0.173437 0.899533 0.132812 0.179907
0.0 0.073438 0.915888 0.073438 0.114486
0.0 0.207813 0.745327 0.142187 0.219626
0.0 0.242188 0.684579 0.109375 0.182243
0.0 0.306250 0.593458 0.081250 0.147196
0.0 0.292187 0.621495 0.109375 0.100467
0.0 0.331250 0.474299 0.095312 0.093458
0.0 0.434375 0.665888 0.087500 0.219626
0.0 0.421875 0.696262 0.103125 0.177570
0.0 0.392188 0.844626 0.118750 0.296729
0.0 0.360938 0.899533 0.173437 0.189252
0.0 0.716406 0.926402 0.195312 0.133178
0.0 0.371875 0.352804 0.057813 0.247664
0.0 0.340625 0.341121 0.076563 0.137850
0.0 0.509375 0.439252 0.078125 0.121495
0.0 0.582812 0.404206 0.076563 0.107477
0.0 0.557813 0.343458 0.065625 0.072430
0.0 0.454688 0.308411 0.015625 0.077103
0.0 0.415625 0.327103 0.026562 0.098131
0.0 0.492188 0.331776 0.057813 0.088785
0.0 0.451562 0.235981 0.031250 0.063084
0.0 0.532813 0.242991 0.070312 0.123832
1.0 0.615625 0.271028 0.084375 0.154206
1.0 0.729688 0.317757 0.090625 0.158879
0.0 0.823438 0.327103 0.050000 0.086449
0.0 0.576562 0.163551 0.050000 0.063084
0.0 0.457813 0.186916 0.031250 0.035047
0.0 0.534375 0.112150 0.026562 0.039720
0.0 0.614062 0.144860 0.039062 0.046729
0.0 0.542188 0.172897 0.010937 0.023364
0.0 0.468750 0.172897 0.025000 0.051402
0.0 0.557813 0.070093 0.017188 0.037383
0.0 0.500000 0.144860 0.028125 0.035047
0.0 0.539062 0.156542 0.020313 0.042056
0.0 0.576562 0.114486 0.040625 0.030374
0.0 0.504687 0.100467 0.017188 0.021028
0.0 0.485938 0.119159 0.020313 0.018692
0.0 0.503125 0.072430 0.014063 0.018692
0.0 0.520312 0.074766 0.012500 0.016355
0.0 0.531250 0.051402 0.014063 0.014019
0.0 0.539062 0.074766 0.012500 0.018692
4.0 0.654687 0.224299 0.023438 0.049065
0.0 0.648438 0.343458 0.065625 0.011682
0.0 0.620313 0.371495 0.017188 0.056075
0.0 0.532813 0.947183 0.131250 0.100939
0.0 0.744531 0.636150 0.095312 0.103286
0.0 0.782031 0.794601 0.120313 0.241784
