0.0 0.310414 0.303426 0.129141 0.322492
0.0 0.191567 0.113813 0.108322 0.227626
0.0 0.133503 0.895307 0.169490 0.209385
4.0 0.335480 0.904218 0.172475 0.191563
4.0 0.375050 0.816784 0.161834 0.366432
0.0 0.360200 0.670645 0.157399 0.173106
4.0 0.663493 0.307142 0.123856 0.215949
4.0 0.669229 0.397880 0.124868 0.231961
4.0 0.675749 0.547746 0.138371 0.307934
4.0 0.710860 0.682782 0.183785 0.338186
4.0 0.709617 0.779897 0.157393 0.310635
4.0 0.738030 0.900898 0.169329 0.198204
4.0 0.898597 0.709977 0.154973 0.318226
4.0 0.810027 0.523292 0.112484 0.288389
4.0 0.878622 0.650881 0.154125 0.373647
4.0 0.701320 0.134821 0.081255 0.207254
4.0 0.647794 0.268980 0.101625 0.231306
4.0 0.765415 0.214580 0.110177 0.274837
4.0 0.703403 0.121062 0.084518 0.213008
0.0 0.486797 0.083686 0.093635 0.167372
4.0 0.464790 0.106477 0.068650 0.168437
4.0 0.411819 0.412891 0.103987 0.268669
4.0 0.214506 0.537849 0.127736 0.277331
4.0 0.206226 0.687124 0.146644 0.301175
3.0 0.123784 0.620742 0.060201 0.310057
4.0 0.528090 0.337141 0.106410 0.192313
4.0 0.560398 0.241000 0.094816 0.238273
4.0 0.662271 0.034463 0.075966 0.068927
0.0 0.341261 0.142405 0.175233 0.284810
4.0 0.544158 0.869087 0.177878 0.261827
4.0 0.541748 0.693333 0.155763 0.238994
4.0 0.526221 0.587829 0.140739 0.207767
4.0 0.235281 0.376028 0.119353 0.236468
