3.0 0.558312 0.373281 0.420875 0.321979
3.0 0.784680 0.229740 0.311297 0.352687
0.0 0.162906 0.091938 0.325812 0.178500
3.0 0.498594 0.477781 0.726406 0.788771
3.0 0.943836 0.201875 0.106422 0.188708
3.0 0.846695 0.072146 0.116641 0.094125
3.0 0.943344 0.018927 0.030031 0.037854
3.0 0.111117 0.753573 0.218516 0.461729
3.0 0.842328 0.190167 0.238563 0.291333
3.0 0.693375 0.264469 0.345313 0.397271
3.0 0.883477 0.238052 0.119047 0.141229
3.0 0.883211 0.141042 0.104609 0.086708
3.0 0.883570 0.113708 0.109609 0.062000
3.0 0.658797 0.299333 0.331531 0.312042
3.0 0.493750 0.506250 0.721875 0.854167
0.0 0.028125 0.007292 0.053125 0.014583
