0.0 0.583531 0.766592 0.094844 0.161061
0.0 0.534773 0.485743 0.044016 0.060259
0.0 0.209219 0.500590 0.073719 0.072217
0.0 0.081195 0.763078 0.162390 0.254080
0.0 0.476867 0.374410 0.024672 0.027783
0.0 0.105680 0.579068 0.116766 0.123373
0.0 0.438742 0.345920 0.010109 0.017406
0.0 0.256148 0.458785 0.048734 0.064929
0.0 0.061664 0.435908 0.044109 0.074552
0.0 0.333883 0.431108 0.037203 0.043868
0.0 0.514266 0.425967 0.026687 0.038302
3.0 0.349773 0.408479 0.010641 0.023278
0.0 0.405305 0.322465 0.028828 0.039505
0.0 0.433531 0.314186 0.033406 0.033844
1.0 0.304648 0.380330 0.037359 0.067783
0.0 0.496469 0.394363 0.022250 0.033962
3.0 0.350242 0.365106 0.009359 0.022429
3.0 0.362164 0.380802 0.011203 0.020519
0.0 0.402672 0.596262 0.116969 0.174741
1.0 0.201969 0.606368 0.120531 0.133302
0.0 0.928945 0.621450 0.141297 0.126250
0.0 0.459266 0.362370 0.019281 0.021250
0.0 0.500000 0.568396 0.996875 0.575472
0.0 0.015625 0.652123 0.028125 0.115566
1.0 0.412500 0.658019 0.193750 0.438679
0.0 0.406250 0.738208 0.103125 0.122642
0.0 0.441406 0.507075 0.085938 0.108491
0.0 0.285937 0.423349 0.034375 0.044811
