0.0 0.120313 0.561111 0.237500 0.241667
0.0 0.317187 0.583333 0.168750 0.247222
0.0 0.639062 0.680556 0.254688 0.461111
0.0 0.818750 0.530556 0.087500 0.186111
0.0 0.865625 0.488889 0.029687 0.094444
0.0 0.143750 0.427778 0.107813 0.041667
0.0 0.282813 0.438889 0.176563 0.061111
0.0 0.473437 0.619444 0.184375 0.286111
3.0 0.912500 0.516667 0.028125 0.088889
0.0 0.781250 0.472222 0.054688 0.094444
0.0 0.868750 0.422222 0.029687 0.030556
0.0 0.839062 0.427778 0.032813 0.022222
0.0 0.706250 0.438889 0.064062 0.025000
