4.0 0.838785 0.929688 0.224299 0.137500
4.0 0.488318 0.929688 0.221963 0.135937
4.0 0.696262 0.775000 0.420561 0.179688
4.0 0.238318 0.859375 0.341121 0.234375
4.0 0.364486 0.785937 0.329439 0.121875
4.0 0.434579 0.684375 0.119159 0.096875
4.0 0.679907 0.590625 0.198598 0.203125
4.0 0.492991 0.600000 0.257009 0.200000
4.0 0.789720 0.534375 0.060748 0.123438
4.0 0.668224 0.485938 0.116822 0.064062
4.0 0.691589 0.462500 0.100467 0.092188
4.0 0.726636 0.432812 0.112150 0.104688
4.0 0.462617 0.473438 0.086449 0.054688
4.0 0.221963 0.523438 0.133178 0.135937
4.0 0.109813 0.565625 0.217290 0.160938
4.0 0.259346 0.454688 0.095794 0.098437
4.0 0.053738 0.492188 0.107477 0.095312
4.0 0.179907 0.437500 0.095794 0.096875
4.0 0.301402 0.448437 0.119159 0.118750
4.0 0.408879 0.500000 0.098131 0.168750
4.0 0.607477 0.428125 0.093458 0.115625
4.0 0.450935 0.417187 0.086449 0.065625
4.0 0.525701 0.404687 0.074766 0.087500
4.0 0.747664 0.390625 0.079439 0.090625
4.0 0.474299 0.346875 0.093458 0.075000
4.0 0.621495 0.356250 0.095794 0.096875
4.0 0.467290 0.306250 0.063084 0.028125
4.0 0.455607 0.318750 0.074766 0.090625
4.0 0.577103 0.292187 0.074766 0.064062
4.0 0.668224 0.320312 0.086449 0.090625
4.0 0.742991 0.323437 0.065421 0.054688
4.0 0.792056 0.346875 0.070093 0.064062
4.0 0.836449 0.320312 0.077103 0.089063
4.0 0.855140 0.295312 0.077103 0.087500
4.0 0.897196 0.221875 0.060748 0.062500
4.0 0.574766 0.254688 0.056075 0.023438
4.0 0.619159 0.250000 0.060748 0.054688
4.0 0.647196 0.243750 0.056075 0.062500
4.0 0.750000 0.217188 0.049065 0.068750
4.0 0.871495 0.184375 0.049065 0.050000
4.0 0.927570 0.196875 0.042056 0.053125
4.0 0.852804 0.175000 0.025701 0.050000
4.0 0.901869 0.162500 0.032710 0.037500
4.0 0.929907 0.154688 0.030374 0.012500
4.0 0.950935 0.187500 0.042056 0.051562
4.0 0.859813 0.142187 0.042056 0.032813
4.0 0.969626 0.160938 0.039720 0.045312
4.0 0.978972 0.153125 0.030374 0.042188
4.0 0.953271 0.109375 0.028037 0.031250
4.0 0.976636 0.103125 0.023364 0.026562
4.0 0.962617 0.089063 0.016355 0.010937
4.0 0.939252 0.095312 0.021028 0.010937
4.0 0.978972 0.085938 0.016355 0.010937
0.0 0.754673 0.185938 0.088785 0.051562
0.0 0.915888 0.118750 0.051402 0.040625
4.0 0.834112 0.571875 0.154206 0.195312
0.0 0.927570 0.500000 0.130841 0.159375
0.0 0.932243 0.398438 0.123832 0.100000
0.0 0.953271 0.332813 0.079439 0.037500
0.0 0.964953 0.292187 0.058411 0.048438
0.0 0.971963 0.251563 0.044393 0.028125
0.0 0.985981 0.207813 0.014019 0.028125
0.0 0.985981 0.231250 0.016355 0.015625
3.0 0.567757 0.239063 0.037383 0.021875
3.0 0.575117 0.645312 0.098592 0.106250
