0.0 0.484375 0.971992 0.125000 0.047718
0.0 0.671875 0.854772 0.075000 0.157676
0.0 0.704688 0.773859 0.064062 0.118257
0.0 0.575000 0.624481 0.035937 0.062241
0.0 0.614063 0.612033 0.037500 0.066390
0.0 0.668750 0.614108 0.039062 0.068465
0.0 0.670312 0.570539 0.028125 0.026971
0.0 0.762500 0.695021 0.084375 0.072614
0.0 0.870312 0.601660 0.087500 0.047718
0.0 0.506250 0.711618 0.070312 0.087137
0.0 0.582813 0.740664 0.087500 0.172199
3.0 0.740625 0.582988 0.017188 0.033195
3.0 0.687500 0.553942 0.012500 0.026971
3.0 0.668750 0.516598 0.009375 0.022822
0.0 0.748437 0.516598 0.042188 0.041494
0.0 0.625000 0.535270 0.034375 0.045643
0.0 0.575000 0.522822 0.031250 0.037344
0.0 0.623437 0.485477 0.025000 0.029046
0.0 0.571875 0.491701 0.028125 0.031120
0.0 0.568750 0.466805 0.020313 0.018672
4.0 0.607812 0.460581 0.020313 0.026971
0.0 0.582813 0.448133 0.014063 0.014523
0.0 0.598438 0.446058 0.012500 0.016598
0.0 0.571875 0.439834 0.012500 0.012448
0.0 0.562500 0.433610 0.012500 0.012448
0.0 0.600000 0.410788 0.014063 0.020747
4.0 0.228125 0.943983 0.132812 0.105809
3.0 0.307813 0.912863 0.039062 0.087137
3.0 0.328125 0.848548 0.039062 0.089212
0.0 0.176562 0.863071 0.179688 0.176349
0.0 0.023438 0.941909 0.039062 0.109959
0.0 0.128125 0.778008 0.173437 0.188797
0.0 0.040625 0.796680 0.076563 0.143154
0.0 0.293750 0.699170 0.107813 0.165975
0.0 0.378125 0.659751 0.057813 0.085062
0.0 0.400000 0.599585 0.046875 0.078838
0.0 0.445312 0.568465 0.046875 0.072614
0.0 0.345313 0.591286 0.057813 0.047718
0.0 0.048438 0.684647 0.071875 0.082988
0.0 0.054688 0.616183 0.106250 0.136929
0.0 0.142188 0.684647 0.114062 0.082988
0.0 0.146875 0.636929 0.090625 0.066390
0.0 0.229688 0.690871 0.056250 0.097510
0.0 0.240625 0.632780 0.081250 0.070539
0.0 0.210938 0.605809 0.046875 0.068465
0.0 0.131250 0.605809 0.046875 0.056017
0.0 0.129687 0.570539 0.043750 0.026971
0.0 0.289062 0.589212 0.056250 0.053942
0.0 0.221875 0.547718 0.121875 0.109959
0.0 0.404687 0.543568 0.048438 0.041494
0.0 0.335938 0.553942 0.045312 0.047718
0.0 0.301562 0.541494 0.037500 0.037344
0.0 0.300000 0.518672 0.034375 0.037344
0.0 0.373437 0.535270 0.035937 0.041494
0.0 0.339063 0.510373 0.042188 0.031120
0.0 0.396875 0.504149 0.035937 0.037344
0.0 0.370313 0.502075 0.023438 0.029046
0.0 0.457812 0.531120 0.034375 0.039419
0.0 0.431250 0.518672 0.031250 0.035270
0.0 0.326562 0.487552 0.032813 0.016598
0.0 0.343750 0.479253 0.020313 0.024896
0.0 0.498437 0.512448 0.015625 0.031120
0.0 0.453125 0.495851 0.029687 0.031120
0.0 0.365625 0.479253 0.018750 0.018672
0.0 0.425000 0.489627 0.021875 0.020747
0.0 0.387500 0.462656 0.048438 0.037344
0.0 0.496875 0.477178 0.021875 0.022822
1.0 0.448438 0.454357 0.023438 0.024896
0.0 0.448438 0.414938 0.025000 0.016598
0.0 0.510937 0.448133 0.017188 0.020747
