0.0 0.918750 0.211111 0.073438 0.183333
0.0 0.845312 0.238889 0.112500 0.202778
0.0 0.803125 0.266667 0.176563 0.222222
0.0 0.720313 0.197222 0.109375 0.141667
0.0 0.659375 0.180556 0.039062 0.125000
0.0 0.610938 0.202778 0.110937 0.125000
0.0 0.521875 0.191667 0.081250 0.141667
0.0 0.432813 0.194444 0.103125 0.108333
0.0 0.345313 0.191667 0.071875 0.111111
0.0 0.643750 0.625000 0.546875 0.744444
0.0 0.435937 0.400000 0.218750 0.377778
0.0 0.220313 0.566667 0.251563 0.663889
0.0 0.096875 0.386111 0.134375 0.336111
0.0 0.043750 0.272222 0.085938 0.152778
0.0 0.190625 0.194444 0.042188 0.108333
0.0 0.265625 0.163889 0.067187 0.055556
0.0 0.343750 0.188889 0.079687 0.083333
0.0 0.432813 0.180556 0.096875 0.077778
0.0 0.610938 0.208333 0.104688 0.119444
0.0 0.551563 0.111111 0.082812 0.088889
0.0 0.379687 0.108333 0.181250 0.094444
0.0 0.167188 0.133333 0.254688 0.147222
0.0 0.023438 0.116667 0.040625 0.111111
0.0 0.017188 0.136111 0.029687 0.083333
0.0 0.262500 0.300000 0.170313 0.202778
0.0 0.251563 0.208333 0.132812 0.066667
