3.0 0.334365 0.668336 0.173229 0.144141
3.0 0.193167 0.596289 0.095250 0.083141
3.0 0.277771 0.597961 0.068333 0.098078
3.0 0.272510 0.530367 0.093063 0.042609
3.0 0.134250 0.634461 0.066208 0.111016
3.0 0.554385 0.666594 0.144229 0.144875
3.0 0.060885 0.621031 0.100854 0.154469
0.0 0.127781 0.491539 0.116604 0.051359
0.0 0.756490 0.488742 0.056354 0.020391
1.0 0.361156 0.472516 0.256146 0.089906
1.0 0.678302 0.481031 0.034354 0.023156
0.0 0.127125 0.491102 0.116500 0.053328
3.0 0.104688 0.598539 0.050250 0.052797
3.0 0.017990 0.603930 0.035062 0.045922
3.0 0.124865 0.567320 0.071438 0.026953
3.0 0.007677 0.641328 0.015354 0.056313
