3.0 0.504981 0.669352 0.065310 0.116953
0.0 0.439503 0.577836 0.064484 0.024797
0.0 0.607467 0.572805 0.061839 0.038922
0.0 0.774503 0.577891 0.028143 0.015625
0.0 0.813790 0.580586 0.026754 0.016797
0.0 0.689071 0.562711 0.130375 0.095859
0.0 0.196060 0.601984 0.392120 0.249437
0.0 0.569362 0.575992 0.032946 0.023203
0.0 0.508218 0.583844 0.090469 0.038781
0.0 0.781538 0.574578 0.020638 0.017188
0.0 0.455685 0.567469 0.044353 0.016344
0.0 0.553340 0.571430 0.018311 0.010078
0.0 0.756632 0.579445 0.015103 0.028641
