3.0 0.390958 0.818883 0.160500 0.254141
0.0 0.079354 0.828156 0.102500 0.165875
0.0 0.132719 0.824273 0.063187 0.150547
0.0 0.635260 0.824992 0.104271 0.088297
0.0 0.538313 0.799070 0.024750 0.017516
0.0 0.583104 0.820922 0.033083 0.054813
0.0 0.247229 0.832352 0.106708 0.087766
0.0 0.165115 0.823445 0.071146 0.140141
0.0 0.255990 0.796125 0.130479 0.143906
0.0 0.524906 0.792328 0.020854 0.016469
0.0 0.460167 0.798258 0.022958 0.017484
0.0 0.591104 0.793844 0.032125 0.017313
0.0 0.555021 0.779148 0.023708 0.012078
0.0 0.210729 0.833219 0.054875 0.107219
