0.0 0.126563 0.830556 0.250000 0.322222
0.0 0.307813 0.722222 0.179688 0.136111
0.0 0.456250 0.683333 0.120313 0.091667
0.0 0.882031 0.818056 0.235937 0.352778
0.0 0.721875 0.647222 0.054688 0.077778
0.0 0.946875 0.650000 0.079687 0.066667
3.0 0.687500 0.716667 0.053125 0.147222
3.0 0.792187 0.627778 0.009375 0.027778
0.0 0.846875 0.622222 0.054688 0.055556
0.0 0.782812 0.613889 0.015625 0.033333
0.0 0.748437 0.619444 0.020313 0.041667
0.0 0.606250 0.652778 0.093750 0.130556
0.0 0.510937 0.658333 0.040625 0.063889
0.0 0.254687 0.691667 0.131250 0.105556
0.0 0.106250 0.638889 0.206250 0.088889
0.0 0.323438 0.622222 0.209375 0.069444
