3.0 0.784727 0.650727 0.180047 0.299848
3.0 0.202477 0.731714 0.404953 0.536572
3.0 0.322445 0.605401 0.193891 0.273319
3.0 0.348555 0.567733 0.163672 0.237028
3.0 0.890367 0.448666 0.030328 0.081887
3.0 0.868852 0.453200 0.041203 0.067614
3.0 0.459680 0.483829 0.018953 0.040369
3.0 0.408523 0.518818 0.031484 0.074382
3.0 0.927484 0.456345 0.058969 0.076247
3.0 0.970437 0.467061 0.037219 0.050998
3.0 0.413008 0.573384 0.038266 0.052104
3.0 0.507031 0.482234 0.012969 0.031280
3.0 0.589844 0.465293 0.054688 0.054230
3.0 0.602344 0.463124 0.020313 0.041215
