0.0 0.168750 0.495312 0.272917 0.103125
0.0 0.670833 0.482812 0.220833 0.093750
3.0 0.922917 0.437500 0.022917 0.046875
3.0 0.866667 0.440625 0.035417 0.053125
0.0 0.762500 0.443750 0.060417 0.054688
0.0 0.825000 0.428125 0.037500 0.021875
0.0 0.806250 0.442188 0.027083 0.040625
0.0 0.835417 0.407813 0.029167 0.010937
0.0 0.697917 0.415625 0.027083 0.014063
0.0 0.885417 0.425000 0.025000 0.020313
0.0 0.860417 0.409375 0.020833 0.007812
0.0 0.825000 0.415625 0.027083 0.007812
0.0 0.596875 0.450781 0.060417 0.045312
