0.0 0.452336 0.308333 0.043953 0.027167
0.0 0.884477 0.086750 0.060953 0.056375
0.0 0.624984 0.191604 0.036281 0.022625
0.0 0.658789 0.177250 0.035922 0.019625
0.0 0.668227 0.168187 0.023578 0.021375
0.0 0.699094 0.147844 0.034344 0.022229
0.0 0.882766 0.187000 0.030344 0.027250
0.0 0.681797 0.162052 0.030562 0.021271
0.0 0.684281 0.099448 0.022500 0.025271
0.0 0.839719 0.172219 0.039125 0.027021
0.0 0.920492 0.199542 0.037547 0.025375
0.0 0.955844 0.214271 0.039031 0.025667
0.0 0.940063 0.078708 0.031563 0.025250
0.0 0.909414 0.158437 0.037016 0.036375
0.0 0.845312 0.115625 0.306250 0.122917
