0.0 0.336111 0.582812 0.163889 0.079687
0.0 0.538889 0.573438 0.155556 0.073438
0.0 0.788889 0.568750 0.116667 0.051562
0.0 0.688889 0.565625 0.061111 0.046875
0.0 0.988889 0.585938 0.022222 0.104688
0.0 0.880556 0.564063 0.044444 0.032813
4.0 0.741667 0.557813 0.025000 0.023438
0.0 0.119444 0.564063 0.141667 0.082812
0.0 0.025000 0.567187 0.044444 0.023438
0.0 0.419444 0.565625 0.027778 0.035937
1.0 0.511111 0.520312 0.155556 0.048438
0.0 0.027778 0.664844 0.050000 0.126562
0.0 0.254167 0.570312 0.052778 0.040625
