0.0 0.042969 0.297897 0.085938 0.063084
0.0 0.114062 0.296729 0.064062 0.046729
0.0 0.192188 0.268692 0.053125 0.030374
0.0 0.114062 0.268692 0.084375 0.056075
0.0 0.212500 0.292056 0.082812 0.049065
0.0 0.345313 0.278037 0.071875 0.067757
0.0 0.407813 0.289720 0.043750 0.039720
0.0 0.453125 0.278037 0.051562 0.051402
0.0 0.484375 0.289720 0.060937 0.037383
0.0 0.546875 0.289720 0.056250 0.032710
0.0 0.567187 0.273364 0.026562 0.011682
0.0 0.596875 0.273364 0.023438 0.014019
0.0 0.615625 0.287383 0.051562 0.028037
4.0 0.651563 0.287383 0.012500 0.025701
0.0 0.668750 0.285047 0.029687 0.025701
4.0 0.693750 0.285047 0.014063 0.023364
0.0 0.646875 0.271028 0.035937 0.021028
0.0 0.706250 0.280374 0.014063 0.028037
0.0 0.718750 0.278037 0.017188 0.028037
0.0 0.739062 0.280374 0.017188 0.025701
0.0 0.756250 0.280374 0.018750 0.028037
0.0 0.703125 0.264019 0.034375 0.014019
0.0 0.796875 0.271028 0.040625 0.035047
0.0 0.846875 0.266355 0.025000 0.018692
0.0 0.734375 0.257009 0.015625 0.007009
0.0 0.393750 0.450935 0.050000 0.025701
3.0 0.443750 0.432243 0.014063 0.018692
0.0 0.423438 0.469626 0.046875 0.023364
3.0 0.539062 0.432243 0.012500 0.023364
3.0 0.546875 0.411215 0.010937 0.018692
0.0 0.565625 0.432243 0.018750 0.021028
0.0 0.560937 0.455607 0.037500 0.030374
0.0 0.596875 0.413551 0.015625 0.021028
0.0 0.687500 0.399533 0.014063 0.016355
0.0 0.668750 0.411215 0.010937 0.018692
0.0 0.685937 0.387850 0.014063 0.018692
0.0 0.690625 0.364486 0.032813 0.035047
3.0 0.718750 0.343458 0.009375 0.016355
0.0 0.801562 0.334112 0.010937 0.025701
0.0 0.137500 0.747664 0.185938 0.158879
0.0 0.331250 0.600467 0.168750 0.161215
3.0 0.118750 0.955607 0.056250 0.077103
0.0 0.203125 0.922897 0.143750 0.140187
3.0 0.298438 0.955607 0.034375 0.049065
0.0 0.309375 0.827103 0.067187 0.091121
0.0 0.409375 0.866822 0.092188 0.119159
0.0 0.379688 0.771028 0.087500 0.107477
0.0 0.440625 0.894860 0.256250 0.198598
0.0 0.537500 0.782710 0.065625 0.074766
0.0 0.453125 0.696262 0.076563 0.049065
0.0 0.471875 0.761682 0.082812 0.109813
0.0 0.542188 0.675234 0.040625 0.065421
0.0 0.554688 0.724299 0.045312 0.060748
0.0 0.542188 0.628505 0.054688 0.058411
0.0 0.618750 0.866822 0.067187 0.130841
0.0 0.595313 0.672897 0.059375 0.058411
0.0 0.610938 0.738318 0.064062 0.095794
0.0 0.579688 0.593458 0.053125 0.051402
0.0 0.643750 0.640187 0.032813 0.060748
0.0 0.623437 0.593458 0.059375 0.105140
0.0 0.789062 0.637850 0.017188 0.046729
0.0 0.673438 0.509346 0.020313 0.021028
0.0 0.710938 0.691589 0.134375 0.226636
0.0 0.715625 0.584112 0.103125 0.142523
0.0 0.684375 0.551402 0.057813 0.086449
0.0 0.723437 0.490654 0.035937 0.039720
0.0 0.792188 0.457944 0.026562 0.030374
0.0 0.892188 0.432243 0.010937 0.030374
0.0 0.782813 0.558411 0.031250 0.060748
0.0 0.818750 0.567757 0.082812 0.130841
0.0 0.835938 0.464953 0.028125 0.065421
0.0 0.750000 0.483645 0.023438 0.032710
0.0 0.804688 0.476636 0.014063 0.025701
0.0 0.812500 0.492991 0.018750 0.021028
0.0 0.764062 0.467290 0.017188 0.023364
0.0 0.657813 0.542056 0.026562 0.039720
1.0 0.767188 0.436916 0.051562 0.058411
1.0 0.870313 0.434579 0.031250 0.060748
0.0 0.806250 0.518692 0.026562 0.030374
0.0 0.815625 0.413551 0.012500 0.023364
0.0 0.790625 0.399533 0.046875 0.056075
0.0 0.895312 0.359813 0.018750 0.042056
0.0 0.860938 0.385514 0.010937 0.018692
0.0 0.839063 0.404206 0.020313 0.025701
0.0 0.918750 0.352804 0.009375 0.016355
0.0 0.860938 0.362150 0.017188 0.016355
0.0 0.895312 0.406542 0.018750 0.021028
0.0 0.904687 0.334112 0.009375 0.011682
0.0 0.879687 0.348131 0.012500 0.016355
0.0 0.870313 0.261682 0.020313 0.018692
0.0 0.764062 0.257009 0.017188 0.009346
0.0 0.239844 0.975410 0.095312 0.044496
