0.0 0.067805 0.637510 0.133703 0.093187
0.0 0.919414 0.620031 0.159203 0.062604
0.0 0.495836 0.614865 0.052047 0.042562
3.0 0.174383 0.802615 0.174266 0.242438
3.0 0.362820 0.756833 0.094359 0.147667
3.0 0.626234 0.685094 0.039531 0.050687
3.0 0.700297 0.654865 0.045125 0.077646
3.0 0.675922 0.652531 0.021750 0.052646
3.0 0.656750 0.628083 0.013906 0.041292
3.0 0.509430 0.732115 0.046953 0.083896
3.0 0.575437 0.692771 0.045437 0.075458
0.0 0.680727 0.590406 0.037109 0.032104
0.0 0.882367 0.815125 0.235266 0.363000
3.0 0.306805 0.681312 0.065516 0.098292
3.0 0.422711 0.684052 0.056516 0.083521
3.0 0.741687 0.633552 0.018156 0.036312
3.0 0.468859 0.671385 0.035500 0.069313
3.0 0.764844 0.630208 0.039062 0.035417
