4.0 0.598438 0.613889 0.112500 0.316667
0.0 0.398438 0.591667 0.129688 0.336111
0.0 0.732812 0.355556 0.221875 0.105556
4.0 0.460938 0.494444 0.046875 0.155556
4.0 0.053125 0.516667 0.089063 0.136111
4.0 0.510937 0.466667 0.031250 0.102778
0.0 0.612500 0.372222 0.043750 0.063889
4.0 0.162500 0.780556 0.321875 0.408333
4.0 0.696875 0.483333 0.075000 0.147222
4.0 0.753125 0.533333 0.187500 0.230556
4.0 0.807812 0.602778 0.225000 0.352778
4.0 0.868750 0.663889 0.262500 0.455556
4.0 0.870312 0.711111 0.257812 0.436111
4.0 0.293750 0.452778 0.040625 0.075000
4.0 0.603125 0.430556 0.029687 0.041667
4.0 0.559375 0.430556 0.023438 0.047222
4.0 0.578125 0.436111 0.026562 0.050000
3.0 0.700781 0.590278 0.076563 0.136111
