0.0 0.551914 0.910258 0.052609 0.053770
0.0 0.792758 0.902283 0.030266 0.037541
0.0 0.852141 0.904696 0.039875 0.051686
0.0 0.821031 0.896803 0.030344 0.028173
0.0 0.760789 0.897869 0.037453 0.028197
0.0 0.623313 0.902014 0.038219 0.039110
0.0 0.716586 0.894918 0.049578 0.034052
0.0 0.578250 0.910726 0.019125 0.040937
0.0 0.582906 0.908068 0.027469 0.040164
0.0 0.606297 0.904848 0.033937 0.038454
0.0 0.461977 0.912096 0.052766 0.082459
0.0 0.363219 0.940105 0.039969 0.096370
0.0 0.404687 0.941452 0.118750 0.112412
0.0 0.648438 0.901639 0.018750 0.032787
