0.0 0.882812 0.916185 0.101562 0.153179
0.0 0.096875 0.728324 0.084375 0.127168
0.0 0.196875 0.578035 0.043750 0.080925
0.0 0.221875 0.514451 0.021875 0.057803
0.0 0.357812 0.540462 0.034375 0.075145
0.0 0.329688 0.500000 0.025000 0.063584
0.0 0.320312 0.456647 0.021875 0.028902
0.0 0.373437 0.453757 0.026562 0.046243
0.0 0.451562 0.447977 0.020313 0.049133
0.0 0.434375 0.436416 0.012500 0.043353
0.0 0.757812 0.739884 0.051562 0.147399
0.0 0.817187 0.690751 0.040625 0.080925
0.0 0.785937 0.621387 0.050000 0.043353
0.0 0.612500 0.768786 0.034375 0.101156
4.0 0.550000 0.583815 0.021875 0.060694
3.0 0.615625 0.450867 0.014063 0.034682
4.0 0.654687 0.401734 0.015625 0.040462
0.0 0.603125 0.367052 0.018750 0.043353
3.0 0.592187 0.346821 0.006250 0.017341
4.0 0.851562 0.780347 0.045312 0.115607
4.0 0.806250 0.846821 0.043750 0.193642
0.0 0.701562 0.494220 0.042188 0.060694
0.0 0.535937 0.341040 0.009375 0.017341
0.0 0.517188 0.369942 0.025000 0.046243
4.0 0.493750 0.372832 0.010937 0.028902
4.0 0.453125 0.404624 0.015625 0.037572
0.0 0.406250 0.413295 0.043750 0.063584
0.0 0.254688 0.546243 0.042188 0.089595
4.0 0.153125 0.595376 0.039062 0.069364
0.0 0.079687 0.624277 0.095312 0.080925
3.0 0.951562 0.751445 0.043750 0.086705
3.0 0.923438 0.708092 0.029687 0.078035
3.0 0.851562 0.699422 0.026562 0.057803
3.0 0.807813 0.560694 0.012500 0.052023
