0.0 0.370734 0.973698 0.033719 0.014146
0.0 0.545148 0.982688 0.028266 0.010500
0.0 0.018070 0.954052 0.032203 0.017062
0.0 0.442609 0.977854 0.027094 0.010417
0.0 0.214227 0.964562 0.032891 0.013958
0.0 0.176539 0.961750 0.030172 0.016375
0.0 0.292930 0.968708 0.019797 0.015375
0.0 0.406031 0.971417 0.035625 0.015583
0.0 0.259727 0.967594 0.035391 0.012937
0.0 0.052297 0.956281 0.037719 0.015479
0.0 0.116461 0.957229 0.036672 0.019125
0.0 0.578055 0.984500 0.024359 0.010833
0.0 0.554742 0.980969 0.023984 0.016354
