0.0 0.825461 0.665750 0.347734 0.283667
0.0 0.530203 0.593156 0.174500 0.143187
0.0 0.700781 0.407094 0.126531 0.081604
0.0 0.148906 0.311083 0.048562 0.052292
0.0 0.129047 0.339188 0.047313 0.062292
0.0 0.139695 0.395948 0.063359 0.049271
0.0 0.287477 0.243646 0.042797 0.032167
0.0 0.284711 0.488146 0.533297 0.241542
0.0 0.287617 0.357542 0.208734 0.117333
0.0 0.363617 0.213031 0.091328 0.053229
0.0 0.489867 0.338969 0.263516 0.220729
0.0 0.131187 0.362760 0.042469 0.036563
0.0 0.824070 0.666667 0.351859 0.281500
1.0 0.230531 0.275885 0.046656 0.050521
0.0 0.205695 0.293052 0.032891 0.027104
0.0 0.201906 0.274115 0.032156 0.039146
0.0 0.249219 0.253125 0.035937 0.031250
