3.0 0.509460 0.636642 0.041920 0.055392
3.0 0.323970 0.607786 0.017860 0.037380
3.0 0.200620 0.626355 0.025000 0.050181
3.0 0.148460 0.616852 0.027840 0.065392
3.0 0.619080 0.662892 0.036120 0.073193
3.0 0.456780 0.579473 0.021080 0.058825
3.0 0.276080 0.605633 0.015360 0.038916
3.0 0.165940 0.622093 0.035240 0.072259
3.0 0.095570 0.638268 0.029340 0.069066
3.0 0.392300 0.590889 0.024160 0.050030
3.0 0.301660 0.616883 0.023600 0.040512
3.0 0.477080 0.584518 0.019320 0.036506
3.0 0.209180 0.595256 0.015640 0.034849
