0.0 0.103125 0.719444 0.201563 0.558333
0.0 0.734375 0.444444 0.067187 0.108333
4.0 0.051562 0.333333 0.100000 0.200000
4.0 0.114062 0.333333 0.050000 0.166667
4.0 0.171875 0.341667 0.059375 0.161111
3.0 0.306250 0.375000 0.031250 0.072222
3.0 0.246875 0.341667 0.017188 0.044444
0.0 0.348437 0.338889 0.064062 0.075000
0.0 0.921094 0.681944 0.157812 0.630556
0.0 0.646875 0.441667 0.126562 0.180556
0.0 0.414062 0.377778 0.023438 0.105556
0.0 0.903125 0.400000 0.193750 0.258333
0.0 0.393750 0.327778 0.064062 0.050000
