0.0 0.590625 0.622222 0.068750 0.083333
0.0 0.453125 0.652778 0.025000 0.091667
0.0 0.401562 0.688889 0.070312 0.077778
3.0 0.246875 0.700000 0.025000 0.094444
0.0 0.221875 0.694444 0.025000 0.058333
0.0 0.290625 0.669444 0.017188 0.038889
0.0 0.312500 0.666667 0.018750 0.044444
0.0 0.267188 0.675000 0.014063 0.047222
4.0 0.278125 0.669444 0.006250 0.030556
0.0 0.082812 0.716667 0.048438 0.072222
3.0 0.114062 0.711111 0.010937 0.050000
0.0 0.029687 0.713889 0.059375 0.108333
0.0 0.392188 0.594444 0.073438 0.058333
