0.0 0.565969 0.654962 0.336656 0.219121
0.0 0.366078 0.652739 0.137656 0.269899
0.0 0.964367 0.864472 0.071266 0.224724
0.0 0.816914 0.582450 0.099578 0.096307
0.0 0.683867 0.602274 0.360609 0.274447
0.0 0.832852 0.500289 0.098578 0.068568
0.0 0.959508 0.621432 0.080984 0.166935
0.0 0.982008 0.511595 0.035984 0.069221
0.0 0.634664 0.451369 0.114859 0.025553
0.0 0.409938 0.541143 0.050438 0.084698
0.0 0.349977 0.500226 0.037047 0.026935
0.0 0.752969 0.518229 0.113156 0.109171
0.0 0.946211 0.509196 0.060672 0.087236
0.0 0.664062 0.522613 0.665625 0.231156
1.0 0.760156 0.444724 0.179688 0.050251
