0.0 0.584578 0.915271 0.017875 0.014458
0.0 0.516531 0.904604 0.018500 0.024667
0.0 0.426063 0.770698 0.015094 0.017896
0.0 0.451078 0.846125 0.014875 0.015708
0.0 0.424625 0.846469 0.021813 0.017896
0.0 0.584352 0.890115 0.036859 0.041021
0.0 0.321508 0.692417 0.021766 0.027583
1.0 0.613445 0.925469 0.033109 0.026104
1.0 0.587516 0.892167 0.033469 0.039667
1.0 0.479203 0.828552 0.014344 0.016313
0.0 0.501305 0.847542 0.014891 0.012500
0.0 0.479648 0.828344 0.013859 0.014229
0.0 0.544898 0.915563 0.020859 0.021500
0.0 0.379906 0.819865 0.014000 0.010729
0.0 0.512680 0.869990 0.017734 0.014229
0.0 0.491500 0.818479 0.012188 0.013042
1.0 0.359500 0.743042 0.018531 0.026542
1.0 0.419742 0.784417 0.014891 0.014167
0.0 0.438961 0.822979 0.015109 0.013958
0.0 0.293898 0.690292 0.020297 0.021167
1.0 0.459086 0.811615 0.014734 0.019563
1.0 0.294227 0.691302 0.018859 0.024021
0.0 0.362500 0.779167 0.565625 0.437500
