3.0 0.636301 0.549536 0.180119 0.387637
4.0 0.365929 0.471931 0.172788 0.392767
4.0 0.155336 0.419612 0.117763 0.290167
4.0 0.080136 0.440950 0.112172 0.301508
0.0 0.658036 0.415832 0.262338 0.253342
0.0 0.478050 0.397441 0.233697 0.291956
0.0 0.234467 0.374512 0.186009 0.304291
0.0 0.095222 0.282224 0.079358 0.069477
3.0 0.748053 0.323568 0.049469 0.074925
4.0 0.132521 0.259404 0.029024 0.051480
0.0 0.047761 0.252347 0.032274 0.057871
0.0 0.864750 0.550977 0.249230 0.344834
3.0 0.399424 0.550119 0.086660 0.223430
3.0 0.046549 0.647445 0.080614 0.222711
3.0 0.178176 0.478360 0.052648 0.159350
0.0 0.276098 0.256805 0.136911 0.079327
0.0 0.985459 0.329106 0.017804 0.113180
