4.0 0.539549 0.617712 0.173654 0.347633
0.0 0.214587 0.523969 0.144957 0.154662
0.0 0.062795 0.448325 0.083705 0.281834
3.0 0.377996 0.520126 0.072611 0.126322
0.0 0.806623 0.514115 0.054516 0.073969
4.0 0.763134 0.515548 0.029925 0.095145
4.0 0.718644 0.501931 0.032911 0.095457
0.0 0.686294 0.483605 0.030334 0.062537
0.0 0.739627 0.456301 0.042163 0.105329
0.0 0.778539 0.457379 0.033911 0.080720
4.0 0.853099 0.512995 0.035798 0.092791
0.0 0.812777 0.463947 0.017013 0.019588
4.0 0.962978 0.542413 0.032911 0.095457
0.0 0.480988 0.486057 0.038586 0.087146
4.0 0.617230 0.488342 0.049612 0.150633
4.0 0.557023 0.496994 0.061850 0.160816
0.0 0.551333 0.442599 0.078499 0.079445
0.0 0.417696 0.497376 0.089343 0.092451
4.0 0.318578 0.504949 0.072611 0.126322
0.0 0.272876 0.437405 0.134621 0.112025
4.0 0.179236 0.460495 0.077302 0.088224
4.0 0.131366 0.458481 0.038685 0.090125
3.0 0.567682 0.672959 0.106734 0.168476
