0.0 0.392188 0.580556 0.120313 0.252778
0.0 0.378125 0.872222 0.118750 0.238889
0.0 0.053906 0.816667 0.107813 0.172222
0.0 0.329688 0.522222 0.128125 0.266667
0.0 0.445312 0.302778 0.054688 0.075000
0.0 0.437500 0.386111 0.062500 0.091667
4.0 0.151562 0.936111 0.076563 0.113889
4.0 0.167187 0.872222 0.075000 0.133333
4.0 0.229687 0.872222 0.064062 0.177778
4.0 0.167187 0.686111 0.048438 0.077778
4.0 0.178125 0.630556 0.042188 0.069444
0.0 0.721875 0.894444 0.117188 0.191667
0.0 0.653125 0.825000 0.118750 0.244444
0.0 0.254688 0.650000 0.075000 0.086111
0.0 0.585938 0.477778 0.090625 0.177778
0.0 0.925000 0.758333 0.110937 0.119444
0.0 0.175000 0.511111 0.057813 0.055556
0.0 0.096875 0.658333 0.064062 0.136111
0.0 0.048438 0.705556 0.089063 0.041667
4.0 0.084375 0.425000 0.021875 0.038889
0.0 0.607812 0.661111 0.078125 0.072222
4.0 0.593750 0.733333 0.051562 0.177778
4.0 0.875000 0.916667 0.060937 0.133333
4.0 0.785937 0.833333 0.054688 0.158333
4.0 0.778125 0.752778 0.059375 0.083333
4.0 0.845313 0.788889 0.065625 0.136111
0.0 0.723437 0.586111 0.103125 0.136111
4.0 0.976562 0.680556 0.042188 0.086111
4.0 0.815625 0.672222 0.048438 0.072222
0.0 0.103125 0.491667 0.060937 0.044444
0.0 0.151562 0.461111 0.060937 0.047222
0.0 0.235937 0.586111 0.050000 0.063889
0.0 0.259375 0.341667 0.040625 0.030556
4.0 0.257812 0.427778 0.023438 0.058333
4.0 0.220312 0.436111 0.025000 0.052778
0.0 0.026562 0.613889 0.053125 0.105556
0.0 0.365625 0.372222 0.082812 0.044444
4.0 0.765625 0.511111 0.028125 0.063889
4.0 0.914062 0.663889 0.046875 0.050000
0.0 0.959375 0.947222 0.076563 0.088889
0.0 0.278125 0.750696 0.087500 0.164345
0.0 0.326562 0.944290 0.168750 0.105850
