3.0 0.357812 0.530556 0.171875 0.338889
4.0 0.639062 0.488889 0.164062 0.344444
4.0 0.857812 0.463889 0.110937 0.255556
4.0 0.934375 0.491667 0.104688 0.266667
0.0 0.340625 0.405556 0.262500 0.205556
0.0 0.526563 0.408333 0.231250 0.244444
0.0 0.778125 0.413889 0.181250 0.261111
0.0 0.925000 0.344444 0.079687 0.055556
3.0 0.251563 0.311111 0.048438 0.063889
4.0 0.887500 0.319444 0.028125 0.044444
0.0 0.975000 0.322222 0.031250 0.050000
0.0 0.122656 0.506944 0.245312 0.291667
3.0 0.601562 0.556944 0.081250 0.197222
3.0 0.960938 0.684722 0.075000 0.197222
3.0 0.832031 0.515278 0.048438 0.141667
0.0 0.739844 0.301389 0.139063 0.058333
0.0 0.007031 0.290278 0.014062 0.102778
