0.0 0.820904 0.382679 0.233158 0.204999
0.0 0.746741 0.331427 0.038793 0.056188
0.0 0.702732 0.342126 0.046130 0.064898
0.0 0.598157 0.366606 0.045546 0.054997
0.0 0.512686 0.407549 0.054195 0.085985
0.0 0.450819 0.446598 0.073805 0.094534
0.0 0.382983 0.431704 0.069295 0.064316
0.0 0.306801 0.440887 0.070529 0.062098
4.0 0.255164 0.440494 0.017075 0.035006
0.0 0.154135 0.560659 0.200402 0.181762
4.0 0.895828 0.281139 0.028258 0.039537
4.0 0.910861 0.275837 0.021651 0.043202
3.0 0.657683 0.548210 0.096063 0.240671
1.0 0.467651 0.377147 0.062766 0.092478
