0.0 0.837079 0.929076 0.079453 0.141848
0.0 0.828915 0.758889 0.045657 0.087741
0.0 0.845052 0.683258 0.023336 0.053105
0.0 0.838045 0.631174 0.021093 0.036438
0.0 0.948438 0.623358 0.018074 0.035874
4.0 0.750846 0.935387 0.066642 0.129225
4.0 0.760383 0.859263 0.050078 0.098722
4.0 0.831355 0.696497 0.026463 0.043534
3.0 0.906803 0.716568 0.020316 0.052541
3.0 0.500598 0.973825 0.076850 0.052349
3.0 0.519774 0.957624 0.074779 0.052563
3.0 0.547060 0.941846 0.066560 0.057121
3.0 0.556616 0.920838 0.070141 0.061852
3.0 0.606034 0.862480 0.064101 0.060724
0.0 0.717656 0.852298 0.068866 0.096141
0.0 0.672233 0.813801 0.129025 0.072857
0.0 0.704997 0.792727 0.103358 0.068060
0.0 0.715504 0.767271 0.133618 0.096056
0.0 0.779741 0.704007 0.054716 0.089434
0.0 0.737120 0.686344 0.038434 0.055927
0.0 0.828381 0.662881 0.021762 0.030470
4.0 0.819258 0.641093 0.017233 0.029623
0.0 0.861579 0.599011 0.019972 0.028104
0.0 0.840550 0.592263 0.014321 0.018924
0.0 0.849438 0.577788 0.013761 0.014757
0.0 0.776250 0.632045 0.023272 0.030752
0.0 0.903467 0.599726 0.017901 0.023655
0.0 0.992160 0.591693 0.012142 0.024610
3.0 0.911622 0.568302 0.008001 0.015713
1.0 0.832033 0.540461 0.011582 0.020443
4.0 0.823165 0.612598 0.015162 0.025175
0.0 0.793184 0.596844 0.015831 0.019207
1.0 0.800390 0.569869 0.019412 0.023937
