4.0 0.665099 0.373230 0.119219 0.264160
4.0 0.568417 0.336857 0.061856 0.141458
4.0 0.520830 0.315927 0.037741 0.083434
4.0 0.480450 0.330457 0.041693 0.091808
4.0 0.784633 0.264463 0.057112 0.084064
0.0 0.855391 0.318211 0.255271 0.176005
0.0 0.729799 0.276146 0.055068 0.078579
0.0 0.541702 0.304624 0.025753 0.055721
0.0 0.483339 0.282858 0.047705 0.072215
0.0 0.382788 0.343984 0.126078 0.193245
0.0 0.410098 0.284495 0.098705 0.106378
4.0 0.445661 0.349297 0.021900 0.116840
0.0 0.769944 0.188358 0.144675 0.111404
4.0 0.269303 0.362744 0.054645 0.104241
