3.0 0.011719 0.945093 0.023438 0.067757
0.0 0.098437 0.957944 0.096875 0.070093
0.0 0.501563 0.880841 0.051562 0.070093
0.0 0.540625 0.957944 0.062500 0.070093
0.0 0.575000 0.852804 0.040625 0.065421
0.0 0.628125 0.724299 0.010937 0.018692
0.0 0.592187 0.742991 0.015625 0.021028
0.0 0.578125 0.752336 0.012500 0.023364
0.0 0.606250 0.726636 0.012500 0.016355
0.0 0.614062 0.714953 0.010937 0.014019
0.0 0.600000 0.719626 0.010937 0.016355
0.0 0.579688 0.731308 0.014063 0.016355
0.0 0.596875 0.803738 0.017188 0.039720
0.0 0.618750 0.834112 0.025000 0.046729
0.0 0.600000 0.759346 0.017188 0.025701
0.0 0.626563 0.754673 0.015625 0.025701
4.0 0.784375 0.967290 0.032813 0.053738
4.0 0.704688 0.880841 0.026562 0.074766
4.0 0.721875 0.857477 0.021875 0.056075
4.0 0.714063 0.829439 0.015625 0.016355
0.0 0.748437 0.922897 0.059375 0.086449
0.0 0.712500 0.810748 0.031250 0.044393
4.0 0.659375 0.719626 0.009375 0.009346
4.0 0.657813 0.733645 0.009375 0.016355
0.0 0.684375 0.712617 0.018750 0.018692
0.0 0.632812 0.693925 0.006250 0.007009
0.0 0.621875 0.689252 0.009375 0.021028
0.0 0.648438 0.703271 0.009375 0.018692
0.0 0.587500 0.719626 0.009375 0.014019
0.0 0.598437 0.700935 0.007812 0.011682
0.0 0.607812 0.707944 0.009375 0.009346
0.0 0.560937 0.775701 0.039062 0.070093
