0.0 0.650000 0.492188 0.300000 0.146875
0.0 0.411111 0.450000 0.191667 0.128125
4.0 0.258333 0.434375 0.144444 0.110937
3.0 0.047222 0.396875 0.036111 0.056250
0.0 0.138889 0.393750 0.113889 0.046875
0.0 0.125000 0.367188 0.127778 0.018750
0.0 0.047222 0.375000 0.086111 0.021875
0.0 0.055556 0.343750 0.086111 0.026562
0.0 0.119444 0.346875 0.050000 0.026562
0.0 0.211111 0.351562 0.102778 0.035937
0.0 0.458333 0.384375 0.377778 0.115625
4.0 0.894444 0.462500 0.200000 0.140625
4.0 0.772222 0.420312 0.066667 0.071875
