1.0 0.027138 0.466576 0.035852 0.063811
1.0 0.060152 0.464541 0.050967 0.050807
1.0 0.060624 0.430000 0.092165 0.055006
4.0 0.125291 0.499508 0.119917 0.090189
4.0 0.276026 0.496424 0.115017 0.096022
0.0 0.264890 0.469054 0.103077 0.055327
0.0 0.203259 0.455224 0.026917 0.026192
0.0 0.604971 0.459515 0.232182 0.097969
0.0 0.696415 0.505771 0.229593 0.099388
0.0 0.845173 0.465069 0.145194 0.040127
0.0 0.793286 0.493593 0.061601 0.048131
3.0 0.891161 0.529521 0.107390 0.101774
3.0 0.960002 0.554080 0.053664 0.109161
4.0 0.900931 0.483234 0.076717 0.035127
