0.0 0.225000 0.872222 0.396875 0.236111
4.0 0.614062 0.813889 0.207813 0.280556
4.0 0.431250 0.794444 0.214062 0.263889
0.0 0.268750 0.741667 0.123438 0.097222
0.0 0.403125 0.725000 0.076563 0.105556
0.0 0.443750 0.708333 0.029687 0.069444
3.0 0.445312 0.722222 0.021875 0.077778
0.0 0.357812 0.705556 0.042188 0.069444
0.0 0.123438 0.769444 0.218750 0.119444
0.0 0.304688 0.708333 0.043750 0.055556
4.0 0.048438 0.716667 0.025000 0.052778
0.0 0.176563 0.688889 0.026562 0.025000
0.0 0.190625 0.686111 0.017188 0.019444
3.0 0.500000 0.702778 0.018750 0.058333
4.0 0.784375 0.725000 0.048438 0.100000
4.0 0.857812 0.722222 0.071875 0.105556
0.0 0.025000 0.863889 0.050000 0.177778
0.0 0.838281 0.944444 0.320312 0.100000
3.0 0.379688 0.831944 0.112500 0.119444
0.0 0.189062 0.719444 0.062500 0.038889
3.0 0.803125 0.741667 0.018750 0.066667
