3.0 0.753100 0.417240 0.079240 0.063387
3.0 0.616380 0.490933 0.078000 0.068693
3.0 0.808670 0.384360 0.069540 0.059120
0.0 0.076940 0.449640 0.152560 0.111493
0.0 0.482700 0.337373 0.125120 0.081093
0.0 0.752170 0.256133 0.044660 0.061653
1.0 0.626960 0.370787 0.198880 0.206747
1.0 0.923850 0.269560 0.065140 0.046427
1.0 0.783330 0.327693 0.044540 0.050160
3.0 0.914500 0.492360 0.025400 0.069467
3.0 0.834840 0.380707 0.050440 0.060507
0.0 0.909420 0.289440 0.032840 0.047627
0.0 0.605110 0.268440 0.053900 0.038427
0.0 0.289460 0.333187 0.161880 0.099547
1.0 0.928000 0.802667 0.140000 0.389333
