0.0 0.628125 0.297222 0.032813 0.088889
0.0 0.701562 0.330556 0.028125 0.041667
0.0 0.896875 0.491667 0.064062 0.094444
0.0 0.812500 0.366667 0.045312 0.041667
0.0 0.948438 0.891667 0.100000 0.200000
0.0 0.884375 0.430556 0.046875 0.038889
0.0 0.265625 0.644444 0.082812 0.158333
0.0 0.318750 0.469444 0.051562 0.094444
0.0 0.334375 0.436111 0.046875 0.077778
0.0 0.371875 0.338889 0.029687 0.030556
0.0 0.335938 0.341667 0.029687 0.038889
0.0 0.371875 0.377778 0.031250 0.044444
0.0 0.359375 0.647222 0.134375 0.238889
0.0 0.445312 0.400000 0.054688 0.072222
0.0 0.462500 0.327778 0.039062 0.036111
0.0 0.429688 0.550000 0.076563 0.127778
3.0 0.482812 0.486111 0.026562 0.102778
0.0 0.257812 0.875000 0.151562 0.238889
0.0 0.217187 0.747222 0.071875 0.155556
0.0 0.229688 0.563889 0.098437 0.141667
0.0 0.334375 0.561111 0.090625 0.113889
0.0 0.245313 0.458333 0.065625 0.083333
0.0 0.207812 0.500000 0.051562 0.083333
0.0 0.203125 0.419444 0.042188 0.061111
0.0 0.303125 0.402778 0.067187 0.075000
0.0 0.485938 0.450000 0.057813 0.088889
0.0 0.509375 0.402778 0.048438 0.069444
0.0 0.526562 0.369444 0.034375 0.063889
0.0 0.462500 0.330556 0.037500 0.038889
0.0 0.410937 0.344444 0.042188 0.050000
0.0 0.409375 0.313889 0.025000 0.027778
0.0 0.371875 0.316667 0.023438 0.013889
0.0 0.451562 0.305556 0.021875 0.019444
0.0 0.484375 0.308333 0.031250 0.033333
0.0 0.515625 0.319444 0.020313 0.036111
0.0 0.553125 0.313889 0.031250 0.061111
0.0 0.501563 0.247222 0.043750 0.047222
0.0 0.479688 0.288889 0.025000 0.025000
0.0 0.520313 0.255556 0.026562 0.033333
0.0 0.653125 0.258333 0.018750 0.027778
0.0 0.576562 0.277778 0.021875 0.041667
0.0 0.564063 0.252778 0.018750 0.030556
0.0 0.526562 0.313889 0.021875 0.033333
0.0 0.501563 0.347222 0.035937 0.044444
0.0 0.476562 0.369444 0.035937 0.050000
0.0 0.440625 0.361111 0.045312 0.036111
0.0 0.423438 0.302778 0.028125 0.019444
0.0 0.556250 0.208333 0.025000 0.030556
0.0 0.973438 0.597222 0.053124 0.086111
0.0 0.078125 0.508333 0.134375 0.144444
0.0 0.095313 0.683333 0.185938 0.241667
0.0 0.131250 0.825000 0.228125 0.300000
3.0 0.690625 0.216667 0.006250 0.016667
0.0 0.682812 0.208333 0.007812 0.016667
0.0 0.670312 0.205556 0.006250 0.013889
0.0 0.382812 0.483333 0.078125 0.094444
0.0 0.019531 0.831944 0.035937 0.163889
