0.0 0.490374 0.678769 0.068685 0.084819
0.0 0.557752 0.859722 0.053273 0.073026
0.0 0.524188 0.897426 0.057466 0.065979
0.0 0.594122 0.826716 0.049068 0.068313
0.0 0.319552 0.662677 0.067271 0.070704
0.0 0.183907 0.827608 0.056073 0.073032
0.0 0.136365 0.888862 0.068671 0.070707
0.0 0.186781 0.902864 0.060273 0.073041
0.0 0.606491 0.589142 0.040656 0.056535
0.0 0.644319 0.617283 0.042054 0.054186
0.0 0.568735 0.636264 0.043454 0.054189
0.0 0.645772 0.671375 0.044856 0.056544
0.0 0.613615 0.716132 0.046256 0.056547
0.0 0.672404 0.704245 0.046251 0.051843
0.0 0.696162 0.659506 0.047661 0.061254
0.0 0.781531 0.624041 0.058896 0.096558
0.0 0.484855 0.763451 0.051866 0.065967
4.0 0.325338 0.853172 0.047666 0.065958
0.0 0.420358 0.664810 0.077076 0.075430
0.0 0.414828 0.737732 0.084083 0.082500
0.0 0.402301 0.813021 0.085485 0.084856
0.0 0.301223 0.531008 0.033658 0.058872
0.0 0.115014 0.529061 0.049057 0.056553
0.0 0.883695 0.583836 0.037864 0.063585
0.0 0.901976 0.666114 0.046313 0.115345
0.0 0.673679 0.574885 0.037854 0.054177
0.0 0.693236 0.530156 0.030851 0.051810
0.0 0.725424 0.515973 0.032262 0.063573
0.0 0.701591 0.483098 0.030847 0.047106
0.0 0.736575 0.466558 0.025251 0.051798
0.0 0.789806 0.494666 0.028060 0.061211
0.0 0.680880 0.781840 0.092515 0.115446
0.0 0.348486 0.182817 0.040660 0.061239
0.0 0.886701 0.795504 0.058944 0.145948
0.0 0.735336 0.631198 0.039265 0.065939
0.0 0.788462 0.553467 0.033656 0.056520
0.0 0.635844 0.539688 0.061662 0.061284
0.0 0.529509 0.610477 0.078476 0.075433
0.0 0.543606 0.709229 0.075680 0.080131
0.0 0.748022 0.718192 0.077095 0.094245
0.0 0.838763 0.449873 0.036484 0.084749
0.0 0.883579 0.463886 0.036486 0.087102
0.0 0.341824 0.530920 0.036484 0.084749
4.0 0.332072 0.580332 0.053257 0.056562
0.0 0.105264 0.580825 0.082679 0.077794
3.0 0.245480 0.796899 0.039254 0.054180
0.0 0.821846 0.329960 0.035051 0.051819
0.0 0.477380 0.274262 0.042040 0.040074
0.0 0.371095 0.396794 0.029463 0.063567
0.0 0.410251 0.349671 0.033656 0.056520
0.0 0.771563 0.452370 0.026678 0.080024
0.0 0.750507 0.395969 0.040660 0.061239
0.0 0.712741 0.431331 0.026667 0.068264
0.0 0.694455 0.344349 0.039270 0.070643
0.0 0.862632 0.520379 0.032285 0.087092
0.0 0.832925 0.205282 0.028074 0.075323
0.0 0.646778 0.266838 0.046249 0.049491
0.0 0.751814 0.299537 0.049052 0.051850
0.0 0.799505 0.391159 0.039265 0.065939
0.0 0.253528 0.434682 0.036479 0.080045
0.0 0.310520 0.733161 0.079879 0.078151
0.0 0.563972 0.777506 0.077070 0.068693
0.0 0.477947 0.858033 0.089674 0.073446
0.0 0.739474 0.566823 0.053268 0.068641
