0.0 0.575063 0.575582 0.076938 0.063098
0.0 0.786352 0.619096 0.420547 0.415738
1.0 0.551195 0.540863 0.079141 0.090582
0.0 0.212117 0.637100 0.188797 0.184927
0.0 0.437727 0.555249 0.042453 0.045676
0.0 0.413102 0.551123 0.020359 0.037256
0.0 0.397242 0.547121 0.026016 0.031497
0.0 0.382914 0.545842 0.017578 0.025821
0.0 0.311133 0.544802 0.020484 0.021455
0.0 0.621336 0.554626 0.017859 0.021310
0.0 0.488852 0.563067 0.058266 0.049834
0.0 0.292195 0.543025 0.019641 0.013867
0.0 0.500781 0.898129 0.998437 0.182952
