0.0 0.404167 0.487500 0.343750 0.121875
0.0 0.487500 0.440625 0.133333 0.048438
0.0 0.912500 0.442188 0.122917 0.059375
3.0 0.750000 0.437500 0.037500 0.057813
3.0 0.787500 0.429688 0.037500 0.054688
3.0 0.831250 0.420312 0.020833 0.032813
0.0 0.743750 0.429688 0.068750 0.043750
0.0 0.841667 0.406250 0.045833 0.035937
0.0 0.810417 0.414062 0.018750 0.018750
0.0 0.766667 0.401562 0.033333 0.014063
0.0 0.927083 0.395313 0.027083 0.014063
0.0 0.891667 0.414062 0.047917 0.026562
0.0 0.929167 0.407813 0.027083 0.009375
0.0 0.975000 0.410938 0.016667 0.017188
0.0 0.952083 0.395313 0.022917 0.009375
0.0 0.852083 0.425000 0.027083 0.034375
