0.0 0.511906 0.605063 0.972781 0.328792
3.0 0.408133 0.387604 0.059734 0.088000
3.0 0.292648 0.386333 0.056141 0.097750
3.0 0.327680 0.410010 0.088453 0.178437
3.0 0.258289 0.377615 0.061453 0.110604
3.0 0.163430 0.384781 0.065297 0.077854
3.0 0.183844 0.392427 0.076812 0.079896
3.0 0.190703 0.382417 0.048031 0.071500
3.0 0.226906 0.370760 0.054875 0.111604
3.0 0.393633 0.387740 0.062859 0.095438
3.0 0.239570 0.385708 0.052297 0.093042
3.0 0.212445 0.394854 0.056859 0.063708
3.0 0.359898 0.380615 0.069766 0.109104
3.0 0.681000 0.399656 0.094500 0.095771
3.0 0.447656 0.381250 0.532813 0.137500
