4.0 0.071182 0.959694 0.043841 0.080612
4.0 0.132088 0.951842 0.056168 0.096317
4.0 0.087523 0.889608 0.052671 0.066831
4.0 0.120741 0.834682 0.034872 0.052638
4.0 0.149682 0.879662 0.038301 0.070484
4.0 0.183230 0.835794 0.043576 0.101678
4.0 0.167866 0.759081 0.030720 0.059042
4.0 0.219547 0.787349 0.040082 0.081620
4.0 0.201877 0.730694 0.034476 0.039368
4.0 0.257049 0.729981 0.032501 0.070176
4.0 0.272865 0.675978 0.022809 0.036541
4.0 0.299700 0.796384 0.064799 0.085140
4.0 0.351641 0.784766 0.047795 0.097486
4.0 0.377939 0.741282 0.022350 0.069637
4.0 0.421704 0.699087 0.028150 0.069945
4.0 0.396787 0.691549 0.025250 0.069791
4.0 0.348273 0.671974 0.024721 0.052099
4.0 0.371607 0.675165 0.023404 0.056445
4.0 0.400937 0.635952 0.020239 0.047444
4.0 0.371603 0.626433 0.020173 0.045233
4.0 0.376545 0.597374 0.014898 0.014039
4.0 0.429675 0.625565 0.020107 0.043021
4.0 0.408581 0.600104 0.015426 0.031733
4.0 0.418005 0.575237 0.011009 0.029290
4.0 0.426508 0.568140 0.010943 0.027078
4.0 0.413126 0.557776 0.010547 0.013808
4.0 0.425782 0.543812 0.009163 0.015943
4.0 0.412664 0.542294 0.009097 0.013731
4.0 0.874223 0.823473 0.057814 0.093601
4.0 0.640544 0.683037 0.027754 0.056676
4.0 0.664998 0.675093 0.024920 0.058734
4.0 0.611538 0.635845 0.019513 0.023117
4.0 0.593013 0.599171 0.012526 0.031579
4.0 0.604350 0.589710 0.012262 0.022732
4.0 0.569018 0.573864 0.006197 0.013577
4.0 0.576269 0.573479 0.007647 0.013654
0.0 0.866178 0.748586 0.103425 0.069526
0.0 0.754381 0.701359 0.071654 0.072255
0.0 0.696769 0.668977 0.039355 0.057292
0.0 0.656426 0.631246 0.022743 0.034329
0.0 0.596445 0.665443 0.035992 0.041656
0.0 0.606664 0.715848 0.030786 0.061254
0.0 0.662104 0.772711 0.054649 0.084601
0.0 0.717809 0.887155 0.105275 0.131451
0.0 0.618194 0.615556 0.030850 0.014886
0.0 0.438704 0.587428 0.014042 0.033867
0.0 0.459270 0.595197 0.030984 0.067888
0.0 0.539622 0.610867 0.048584 0.075447
0.0 0.461714 0.677026 0.032699 0.076811
0.0 0.436788 0.523292 0.007713 0.015866
4.0 0.277491 0.879522 0.054913 0.093447
