3.0 0.494260 0.384667 0.165360 0.130141
0.0 0.215280 0.348737 0.426120 0.252909
3.0 0.207330 0.478606 0.350060 0.225212
0.0 0.527020 0.288111 0.081200 0.028424
0.0 0.574530 0.288636 0.023540 0.029313
0.0 0.588070 0.285949 0.033020 0.024788
0.0 0.202090 0.245111 0.380980 0.067919
0.0 0.286250 0.306919 0.127940 0.056949
0.0 0.369630 0.303768 0.104780 0.054444
0.0 0.613670 0.281576 0.020780 0.015192
0.0 0.602860 0.283354 0.019480 0.021172
0.0 0.698070 0.291455 0.031820 0.028283
0.0 0.678990 0.283424 0.012300 0.009636
