0.0 0.392648 0.725165 0.173109 0.296635
0.0 0.885258 0.626141 0.216328 0.177365
0.0 0.558750 0.534765 0.138813 0.083129
0.0 0.480266 0.575459 0.121156 0.130635
0.0 0.580063 0.447212 0.035313 0.019835
0.0 0.902992 0.492000 0.115203 0.053788
0.0 0.656773 0.628529 0.286516 0.229200
0.0 0.770187 0.459035 0.062906 0.049647
0.0 0.599742 0.471929 0.046141 0.046306
0.0 0.932055 0.556059 0.135890 0.102706
1.0 0.659008 0.396000 0.027578 0.036047
0.0 0.660758 0.431847 0.028422 0.028071
1.0 0.699547 0.456741 0.063094 0.065953
0.0 0.529664 0.465129 0.038078 0.038447
0.0 0.475000 0.644706 0.934375 0.527059
