0.0 0.044680 0.623292 0.053016 0.027667
0.0 0.022141 0.630990 0.044281 0.024354
0.0 0.083437 0.619771 0.044250 0.019542
0.0 0.527375 0.555396 0.021406 0.020583
0.0 0.549898 0.553031 0.015766 0.018646
0.0 0.575930 0.550854 0.022984 0.020375
0.0 0.598805 0.548187 0.021266 0.021125
0.0 0.622102 0.541177 0.017172 0.025271
0.0 0.672203 0.536094 0.020375 0.021354
0.0 0.650555 0.538073 0.018297 0.020438
0.0 0.935945 0.490802 0.024422 0.028313
0.0 0.906914 0.497333 0.018328 0.025667
0.0 0.833828 0.511396 0.016969 0.019833
1.0 0.935484 0.490896 0.022719 0.029292
1.0 0.757992 0.521135 0.019359 0.027312
0.0 0.515625 0.557292 0.912500 0.160417
0.0 0.782812 0.518750 0.018750 0.020833
0.0 0.807812 0.513542 0.018750 0.022917
0.0 0.886719 0.500000 0.020313 0.025000
0.0 0.696875 0.531250 0.015625 0.020833
