0.0 0.747190 0.852993 0.077380 0.106134
0.0 0.436950 0.798160 0.072100 0.103680
0.0 0.234990 0.841840 0.163620 0.170149
0.0 0.155410 0.745372 0.066780 0.062937
0.0 0.142180 0.837955 0.122440 0.131673
0.0 0.520900 0.857807 0.115600 0.120149
0.0 0.307690 0.786320 0.060180 0.100967
1.0 0.620980 0.804498 0.097920 0.107881
0.0 0.833060 0.834275 0.128840 0.090706
0.0 0.588930 0.828587 0.083420 0.051301
0.0 0.915160 0.839368 0.105000 0.081710
1.0 0.311060 0.788680 0.058400 0.095651
1.0 0.702920 0.843346 0.042600 0.154721
1.0 0.152200 0.754665 0.072320 0.082862
3.0 0.824460 0.901561 0.039040 0.088773
0.0 0.112210 0.766190 0.073060 0.059368
1.0 0.234600 0.797212 0.157920 0.077472
