3.0 0.912500 0.727778 0.101562 0.186111
3.0 0.723438 0.869444 0.084375 0.250000
3.0 0.570312 0.763889 0.068750 0.183333
3.0 0.784375 0.750000 0.051562 0.147222
3.0 0.654687 0.686111 0.046875 0.127778
0.0 0.781250 0.591667 0.053125 0.063889
0.0 0.715625 0.613889 0.071875 0.080556
0.0 0.056250 0.655556 0.107813 0.144444
0.0 0.171875 0.638889 0.110937 0.094444
0.0 0.412500 0.622222 0.093750 0.063889
0.0 0.487500 0.602778 0.059375 0.047222
0.0 0.537500 0.591667 0.040625 0.038889
3.0 0.610938 0.630556 0.031250 0.069444
0.0 0.381250 0.605556 0.045312 0.047222
0.0 0.267188 0.650000 0.187500 0.147222
