0.0 0.367188 0.965398 0.157812 0.060554
0.0 0.437500 0.903114 0.134375 0.091696
0.0 0.507812 0.852941 0.089063 0.070934
0.0 0.593750 0.787197 0.071875 0.062284
0.0 0.615625 0.743945 0.059375 0.046713
4.0 0.673438 0.920415 0.067187 0.115917
4.0 0.670312 0.776817 0.040625 0.074394
4.0 0.728125 0.757785 0.037500 0.074394
3.0 0.764062 0.884083 0.025000 0.070934
3.0 0.782813 0.788927 0.015625 0.039792
0.0 0.690625 0.628028 0.021875 0.031142
0.0 0.728125 0.621107 0.018750 0.031142
0.0 0.804688 0.636678 0.023438 0.036332
0.0 0.840625 0.640138 0.040625 0.034602
0.0 0.868750 0.621107 0.021875 0.031142
0.0 0.787500 0.614187 0.021875 0.031142
3.0 0.775000 0.647059 0.012500 0.019031
4.0 0.745313 0.634948 0.018750 0.025952
0.0 0.675000 0.596886 0.014063 0.022491
0.0 0.662500 0.593426 0.014063 0.022491
0.0 0.692187 0.584775 0.014063 0.020761
4.0 0.678125 0.621107 0.009375 0.031142
0.0 0.743750 0.557093 0.059375 0.025952
