3.0 0.511111 0.431250 0.063889 0.104688
3.0 0.683333 0.371875 0.016667 0.031250
4.0 0.872222 0.387500 0.066667 0.064062
0.0 0.358333 0.398438 0.169444 0.050000
0.0 0.200000 0.432812 0.202778 0.068750
4.0 0.200000 0.390625 0.052778 0.018750
0.0 0.441667 0.384375 0.091667 0.039062
0.0 0.269444 0.365625 0.166667 0.051562
0.0 0.155556 0.367188 0.055556 0.032813
0.0 0.100000 0.384375 0.069444 0.067187
0.0 0.050000 0.412500 0.091667 0.135937
0.0 0.377778 0.359375 0.061111 0.028125
0.0 0.511111 0.359375 0.058333 0.026562
0.0 0.962500 0.412500 0.075000 0.059375
4.0 0.950000 0.368750 0.050000 0.035937
4.0 0.880556 0.350000 0.013889 0.007812
3.0 0.833333 0.357812 0.008333 0.017188
