0.0 0.860938 0.905556 0.271875 0.183333
0.0 0.868750 0.638889 0.259375 0.366667
0.0 0.653125 0.752778 0.171875 0.216667
4.0 0.329688 0.572222 0.050000 0.111111
0.0 0.534375 0.566667 0.070312 0.088889
0.0 0.506250 0.502778 0.040625 0.050000
0.0 0.601562 0.513889 0.035937 0.055556
0.0 0.450000 0.430556 0.029687 0.050000
3.0 0.434375 0.469444 0.007812 0.019444
3.0 0.446875 0.475000 0.006250 0.019444
3.0 0.464062 0.469444 0.009375 0.022222
0.0 0.485938 0.465278 0.021875 0.036111
0.0 0.675781 0.565278 0.057813 0.097222
