3.0 0.283344 0.777564 0.112344 0.269836
0.0 0.532766 0.514824 0.059344 0.062389
0.0 0.609773 0.485644 0.023797 0.031944
0.0 0.629891 0.484625 0.016563 0.019649
0.0 0.401062 0.546815 0.118438 0.110117
0.0 0.147133 0.459906 0.294266 0.397049
0.0 0.679219 0.486815 0.016125 0.038126
0.0 0.393602 0.482951 0.028828 0.011054
0.0 0.469625 0.484286 0.019250 0.019063
0.0 0.561070 0.485714 0.019953 0.028852
1.0 0.584117 0.489262 0.035359 0.044426
1.0 0.610062 0.483958 0.022750 0.033162
1.0 0.535352 0.465164 0.022078 0.035855
