0.0 0.855394 0.671495 0.081452 0.116234
0.0 0.428133 0.582465 0.067485 0.085771
4.0 0.168102 0.526295 0.058128 0.092769
4.0 0.114401 0.523822 0.043114 0.089387
0.0 0.048340 0.508940 0.068349 0.092795
4.0 0.313328 0.537353 0.023840 0.039517
1.0 0.523114 0.562956 0.061131 0.093446
4.0 0.569718 0.585485 0.015180 0.028460
1.0 0.433257 0.528277 0.025341 0.039855
4.0 0.726213 0.630363 0.027646 0.058585
1.0 0.253560 0.521484 0.055823 0.074038
0.0 0.344797 0.532412 0.036200 0.033195
1.0 0.390991 0.533193 0.027419 0.044876
