4.0 0.875000 0.955959 0.021875 0.044041
4.0 0.801562 0.943005 0.018750 0.082902
0.0 0.876563 0.893782 0.082812 0.056995
4.0 0.982812 0.919689 0.026562 0.103627
4.0 0.625000 0.935233 0.031250 0.121762
4.0 0.848437 0.725389 0.020313 0.080311
0.0 0.929688 0.774611 0.135937 0.168394
3.0 0.596875 0.911917 0.017188 0.062176
0.0 0.917188 0.220207 0.012500 0.025907
0.0 0.925000 0.189119 0.012500 0.015544
0.0 0.873437 0.209845 0.029687 0.033679
0.0 0.840625 0.176166 0.021875 0.049223
0.0 0.810937 0.222798 0.029687 0.041451
0.0 0.810937 0.176166 0.025000 0.036269
0.0 0.765625 0.251295 0.043750 0.064767
0.0 0.840625 0.240933 0.025000 0.023316
0.0 0.867188 0.246114 0.026562 0.033679
0.0 0.896875 0.253886 0.029687 0.033679
0.0 0.834375 0.261658 0.031250 0.018135
0.0 0.801562 0.290155 0.032813 0.036269
0.0 0.859375 0.287565 0.025000 0.041451
0.0 0.892188 0.287565 0.034375 0.033679
0.0 0.871875 0.357513 0.043750 0.075130
0.0 0.832812 0.326425 0.025000 0.036269
0.0 0.809375 0.378238 0.039062 0.067358
0.0 0.762500 0.339378 0.057813 0.054404
0.0 0.915625 0.279793 0.012500 0.036269
0.0 0.712500 0.471503 0.065625 0.139896
0.0 0.762500 0.479275 0.071875 0.142487
4.0 0.850000 0.430052 0.010937 0.025907
4.0 0.840625 0.391192 0.015625 0.015544
4.0 0.839063 0.484456 0.015625 0.025907
4.0 0.879687 0.647668 0.032813 0.036269
4.0 0.828125 0.632124 0.012500 0.044041
4.0 0.810937 0.551813 0.018750 0.033679
4.0 0.776563 0.601036 0.021875 0.031088
0.0 0.818750 0.471503 0.025000 0.049223
0.0 0.801562 0.510363 0.037500 0.025907
0.0 0.732812 0.292746 0.018750 0.036269
0.0 0.692187 0.277202 0.046875 0.049223
0.0 0.657813 0.297927 0.018750 0.041451
0.0 0.565625 0.347150 0.093750 0.119171
0.0 0.484375 0.393782 0.060937 0.051813
4.0 0.404687 0.401554 0.015625 0.025907
4.0 0.420312 0.406736 0.015625 0.023316
4.0 0.387500 0.445596 0.012500 0.018135
4.0 0.403125 0.466321 0.012500 0.023316
4.0 0.375000 0.481865 0.007812 0.049223
4.0 0.270313 0.502591 0.015625 0.025907
4.0 0.337500 0.481865 0.010937 0.028497
0.0 0.417187 0.497409 0.043750 0.031088
4.0 0.325000 0.476684 0.012500 0.036269
0.0 0.410938 0.538860 0.051562 0.054404
0.0 0.350000 0.533679 0.068750 0.054404
0.0 0.032813 0.427461 0.065625 0.069948
0.0 0.027344 0.493523 0.054688 0.059585
0.0 0.025000 0.544041 0.045312 0.041451
0.0 0.079687 0.595855 0.075000 0.054404
0.0 0.075000 0.554404 0.051562 0.031088
0.0 0.100000 0.525907 0.053125 0.028497
0.0 0.175000 0.536269 0.032813 0.025907
0.0 0.295312 0.632124 0.045312 0.056995
0.0 0.295312 0.588083 0.040625 0.023316
0.0 0.350000 0.575130 0.062500 0.025907
0.0 0.401562 0.613990 0.023438 0.044041
0.0 0.348438 0.652850 0.057813 0.062176
0.0 0.428125 0.595855 0.029687 0.049223
0.0 0.531250 0.512953 0.164062 0.178756
0.0 0.479687 0.619171 0.067187 0.031088
0.0 0.564063 0.642487 0.068750 0.072539
0.0 0.464062 0.663212 0.057813 0.044041
0.0 0.462500 0.740933 0.060937 0.103627
0.0 0.537500 0.813472 0.078125 0.165803
0.0 0.573438 0.733161 0.062500 0.108808
0.0 0.775000 0.554404 0.035937 0.059585
0.0 0.728125 0.601036 0.043750 0.044041
0.0 0.653125 0.601036 0.037500 0.044041
0.0 0.618750 0.647668 0.032813 0.044041
0.0 0.628125 0.709845 0.040625 0.067358
0.0 0.775000 0.645078 0.043750 0.046632
0.0 0.818750 0.683938 0.040625 0.049223
3.0 0.696875 0.681347 0.018750 0.028497
4.0 0.667188 0.647668 0.020313 0.064767
3.0 0.657813 0.779793 0.014063 0.041451
0.0 0.696875 0.784974 0.057813 0.046632
0.0 0.679688 0.717617 0.050000 0.059585
0.0 0.721875 0.652850 0.053125 0.031088
0.0 0.787500 0.712435 0.035937 0.033679
0.0 0.714063 0.880829 0.118750 0.119171
0.0 0.778125 0.790155 0.104688 0.147668
0.0 0.491406 0.644156 0.085938 0.083117
0.0 0.809375 0.383117 0.081250 0.153247
0.0 0.693750 0.754545 0.078125 0.127273
