4.0 0.626389 0.414931 0.047222 0.052083
4.0 0.550000 0.441840 0.038889 0.050347
4.0 0.602083 0.519965 0.040278 0.116319
4.0 0.343750 0.466146 0.037500 0.078125
1.0 0.200694 0.455729 0.034722 0.032986
1.0 0.294444 0.517361 0.069444 0.065972
1.0 0.464583 0.449653 0.018056 0.024306
1.0 0.522222 0.485243 0.027778 0.046875
1.0 0.575694 0.498264 0.029167 0.052083
0.0 0.381944 0.812500 0.050000 0.093750
1.0 0.196528 0.817708 0.159722 0.125000
4.0 0.552083 0.561632 0.029167 0.050347
1.0 0.936806 0.943576 0.123611 0.109375
1.0 0.738194 0.570312 0.045833 0.064236
0.0 0.684028 0.607639 0.031944 0.045139
