0.0 0.710938 0.536111 0.071875 0.066667
0.0 0.668750 0.536111 0.051562 0.061111
0.0 0.639062 0.530556 0.039062 0.044444
0.0 0.557812 0.530556 0.014063 0.025000
0.0 0.548438 0.530556 0.012500 0.027778
0.0 0.503125 0.530556 0.007812 0.030556
3.0 0.853125 0.561111 0.054688 0.158333
4.0 0.573437 0.536111 0.018750 0.072222
0.0 0.487500 0.533333 0.021875 0.047222
0.0 0.517188 0.522222 0.015625 0.030556
4.0 0.531250 0.525000 0.010937 0.027778
0.0 0.106250 0.547222 0.193750 0.136111
3.0 0.275000 0.552778 0.023438 0.044444
