0.0 0.545536 0.659531 0.430186 0.171481
0.0 0.389710 0.538313 0.082619 0.072364
0.0 0.788204 0.597321 0.259909 0.103351
0.0 0.322212 0.516722 0.073611 0.042852
3.0 0.266806 0.558396 0.067065 0.055863
0.0 0.173833 0.501878 0.066821 0.054331
0.0 0.218278 0.501195 0.037909 0.035123
3.0 0.100011 0.492157 0.023087 0.023219
4.0 0.093952 0.474515 0.020658 0.021491
0.0 0.141548 0.481886 0.026727 0.019013
3.0 0.121146 0.484723 0.017007 0.012098
0.0 0.324418 0.488937 0.037166 0.016927
0.0 0.262489 0.488055 0.014578 0.010371
0.0 0.141314 0.469430 0.021135 0.010958
0.0 0.967999 0.696839 0.064003 0.098386
0.0 0.352089 0.510071 0.034016 0.024198
