0.0 0.426484 0.934824 0.083437 0.110399
0.0 0.544141 0.882242 0.067687 0.084437
0.0 0.434750 0.861479 0.070969 0.082160
0.0 0.394680 0.791303 0.113047 0.058192
0.0 0.711977 0.805317 0.142547 0.088568
1.0 0.217000 0.732300 0.094500 0.050329
0.0 0.636867 0.772007 0.098516 0.050822
0.0 0.266250 0.969413 0.092406 0.032958
0.0 0.637398 0.672653 0.027391 0.023286
0.0 0.583969 0.693545 0.030156 0.038404
0.0 0.709664 0.955833 0.086328 0.088333
0.0 0.059430 0.802606 0.103391 0.052864
0.0 0.155430 0.781796 0.094703 0.068052
3.0 0.819680 0.925904 0.043984 0.097300
0.0 0.396648 0.717664 0.045203 0.037958
0.0 0.550781 0.755869 0.898438 0.483568
0.0 0.955469 0.853286 0.089063 0.119718
0.0 0.318750 0.744131 0.096875 0.051643
