3.0 0.977321 0.546608 0.038038 0.085337
4.0 0.899669 0.547285 0.117523 0.147875
0.0 0.526725 0.481945 0.051849 0.053594
0.0 0.607343 0.491503 0.053563 0.053849
4.0 0.683282 0.490572 0.029124 0.040552
4.0 0.700640 0.488261 0.022273 0.039532
4.0 0.275042 0.478737 0.049003 0.101455
0.0 0.384900 0.453476 0.169247 0.126608
0.0 0.152971 0.470349 0.051627 0.084947
3.0 0.218518 0.470318 0.042713 0.040162
0.0 0.188259 0.453569 0.021363 0.056296
0.0 0.245243 0.452263 0.018847 0.039022
3.0 0.088226 0.453361 0.035632 0.034278
0.0 0.027365 0.427157 0.043057 0.047456
3.0 0.015019 0.557309 0.030037 0.135359
0.0 0.111410 0.437226 0.017020 0.036335
