0.0 0.385937 0.330556 0.228125 0.375000
3.0 0.220312 0.377778 0.090625 0.119444
3.0 0.662500 0.347222 0.050000 0.252778
4.0 0.842187 0.416667 0.204687 0.361111
3.0 0.965625 0.375000 0.067187 0.252778
4.0 0.259375 0.200000 0.034375 0.088889
0.0 0.206250 0.200000 0.092188 0.186111
0.0 0.031250 0.188889 0.042188 0.075000
4.0 0.537500 0.219444 0.037500 0.100000
4.0 0.481250 0.233333 0.043750 0.127778
4.0 0.896875 0.288889 0.076563 0.158333
4.0 0.764062 0.261111 0.060937 0.127778
0.0 0.068750 0.175000 0.035937 0.091667
0.0 0.273438 0.152778 0.068750 0.102778
0.0 0.146875 0.136111 0.031250 0.058333
4.0 0.796875 0.227778 0.057813 0.102778
4.0 0.570312 0.211111 0.025000 0.094444
0.0 0.607812 0.216667 0.054688 0.102778
4.0 0.006250 0.177778 0.012500 0.066667
4.0 0.965625 0.211111 0.043750 0.063889
3.0 0.792969 0.419444 0.104688 0.183333
