3.0 0.793880 0.709524 0.092173 0.249089
0.0 0.495283 0.677767 0.267028 0.287045
4.0 0.265630 0.763057 0.349098 0.473887
3.0 0.635933 0.574088 0.043374 0.111880
0.0 0.714526 0.449350 0.103002 0.074264
0.0 0.495882 0.514289 0.197023 0.153067
0.0 0.684958 0.527296 0.033832 0.099860
0.0 0.814191 0.494082 0.037201 0.064474
0.0 0.636683 0.528307 0.080641 0.088371
1.0 0.083594 0.612410 0.152075 0.354489
3.0 0.337072 0.829026 0.195522 0.243648
0.0 0.729039 0.515656 0.116722 0.119728
3.0 0.704397 0.648469 0.021607 0.098552
