0.0 0.614844 0.328906 0.084375 0.162500
0.0 0.860156 0.610938 0.162500 0.253125
0.0 0.789844 0.823438 0.190625 0.320312
0.0 0.511719 0.910156 0.145313 0.179688
0.0 0.464063 0.573438 0.107813 0.217188
0.0 0.692188 0.261719 0.087500 0.165625
0.0 0.459375 0.420312 0.067187 0.132812
0.0 0.454688 0.304688 0.064062 0.132812
0.0 0.470313 0.229687 0.051562 0.095312
0.0 0.489844 0.179688 0.043750 0.075000
0.0 0.506250 0.129688 0.042188 0.075000
0.0 0.521875 0.085938 0.042188 0.050000
0.0 0.579688 0.064062 0.045312 0.068750
0.0 0.582813 0.158594 0.051562 0.071875
0.0 0.689063 0.081250 0.045312 0.092188
