3.0 0.644617 0.667787 0.271984 0.466206
3.0 0.316922 0.446218 0.125625 0.230562
3.0 0.490758 0.335714 0.020766 0.087916
3.0 0.507461 0.417295 0.037078 0.162319
3.0 0.473484 0.316792 0.018625 0.065105
3.0 0.389758 0.353267 0.040984 0.081148
1.0 0.197648 0.273244 0.089484 0.061007
3.0 0.461484 0.299145 0.018469 0.078103
3.0 0.478602 0.269567 0.016047 0.021475
3.0 0.409461 0.288361 0.014734 0.051382
3.0 0.423906 0.285199 0.012562 0.047073
3.0 0.414969 0.257365 0.019156 0.018806
3.0 0.408953 0.315492 0.021500 0.081335
3.0 0.652344 0.686183 0.279687 0.468384
