3.0 0.313156 0.742458 0.070875 0.167042
3.0 0.026148 0.713344 0.052297 0.095354
3.0 0.060211 0.711938 0.063516 0.097125
3.0 0.055711 0.674875 0.094641 0.083875
3.0 0.163031 0.679823 0.031094 0.054062
3.0 0.086633 0.676156 0.043734 0.062479
3.0 0.185781 0.747073 0.071188 0.171813
3.0 0.097461 0.682302 0.045984 0.083729
3.0 0.073367 0.701104 0.047703 0.060083
3.0 0.148703 0.651719 0.057375 0.100479
3.0 0.744977 0.762677 0.069484 0.159146
3.0 0.108602 0.674687 0.037828 0.089542
3.0 0.120680 0.680458 0.029797 0.058958
3.0 0.885227 0.788531 0.056766 0.125938
3.0 0.483297 0.763656 0.135156 0.217771
3.0 0.238937 0.770667 0.099531 0.179833
3.0 0.526539 0.735708 0.102859 0.193417
3.0 0.800211 0.754563 0.086234 0.154083
3.0 0.350414 0.715573 0.052422 0.154521
3.0 0.178125 0.743750 0.356250 0.237500
3.0 0.011719 0.758333 0.023438 0.075000
