0.0 0.304188 0.611230 0.161906 0.102693
0.0 0.391750 0.590937 0.115656 0.110820
0.0 0.598320 0.579040 0.028703 0.034707
0.0 0.571398 0.581956 0.047266 0.040820
0.0 0.644984 0.584660 0.072406 0.056019
0.0 0.514258 0.586780 0.055359 0.055808
0.0 0.705305 0.581112 0.021484 0.035340
0.0 0.609945 0.567014 0.019578 0.021522
0.0 0.212664 0.631136 0.043953 0.105082
0.0 0.064156 0.623302 0.128312 0.160141
0.0 0.471758 0.591979 0.076391 0.064379
0.0 0.728352 0.570269 0.012609 0.028782
0.0 0.636547 0.615632 0.075063 0.063770
0.0 0.689063 0.585480 0.025000 0.037471
