4.0 0.098900 0.848864 0.025154 0.049236
4.0 0.169765 0.855746 0.026106 0.086682
0.0 0.103679 0.787195 0.084177 0.078297
4.0 0.009114 0.784297 0.018228 0.109188
4.0 0.337786 0.895316 0.041857 0.128307
4.0 0.147272 0.628833 0.027325 0.084548
0.0 0.069106 0.655589 0.138212 0.202246
3.0 0.366773 0.879870 0.022540 0.065847
0.0 0.133007 0.112785 0.014448 0.028865
0.0 0.128737 0.080071 0.013405 0.018656
0.0 0.175491 0.114280 0.031510 0.041118
0.0 0.209961 0.089879 0.025675 0.054341
0.0 0.233387 0.143758 0.032292 0.048774
0.0 0.238081 0.097820 0.027331 0.042416
0.0 0.273437 0.183950 0.047960 0.075505
0.0 0.203441 0.153682 0.026027 0.029656
0.0 0.177759 0.151680 0.028550 0.040282
0.0 0.148857 0.151396 0.031510 0.041118
0.0 0.207274 0.175770 0.031426 0.026224
0.0 0.235486 0.212619 0.034731 0.044506
0.0 0.180986 0.194604 0.027853 0.047521
0.0 0.149906 0.185827 0.035950 0.042372
0.0 0.162105 0.260167 0.049003 0.085713
0.0 0.202235 0.239990 0.027331 0.042416
0.0 0.219218 0.297300 0.043780 0.076803
0.0 0.267530 0.271557 0.060237 0.069057
0.0 0.128489 0.171902 0.015491 0.039072
0.0 0.301589 0.415088 0.076243 0.155366
0.0 0.253447 0.409371 0.082424 0.159590
4.0 0.175522 0.337476 0.012967 0.028447
4.0 0.188314 0.301703 0.016365 0.019492
4.0 0.180405 0.393996 0.017408 0.029700
4.0 0.125496 0.543911 0.034731 0.044506
4.0 0.175900 0.542390 0.016274 0.046729
4.0 0.200265 0.467872 0.021150 0.038193
4.0 0.227869 0.525557 0.023850 0.036476
0.0 0.200950 0.386669 0.028635 0.055177
0.0 0.213318 0.429547 0.038128 0.035552
0.0 0.300345 0.233561 0.021411 0.040744
0.0 0.340390 0.229114 0.049355 0.061028
0.0 0.370862 0.258725 0.021933 0.045849
0.0 0.453227 0.331873 0.100797 0.142472
0.0 0.525493 0.399543 0.062935 0.067341
4.0 0.600191 0.428514 0.017408 0.029700
4.0 0.584869 0.429440 0.017147 0.027148
4.0 0.612036 0.476498 0.013666 0.021208
4.0 0.595150 0.492735 0.014187 0.026312
4.0 0.620225 0.515570 0.012355 0.050579
4.0 0.717298 0.563989 0.017408 0.029701
4.0 0.655745 0.525600 0.013228 0.030998
0.0 0.578701 0.519598 0.044569 0.042327
4.0 0.668107 0.523840 0.015491 0.039072
0.0 0.580447 0.562103 0.054316 0.067385
0.0 0.638689 0.573299 0.070597 0.071983
0.0 0.949821 0.553504 0.069201 0.086460
0.0 0.948351 0.620045 0.057799 0.073325
0.0 0.945485 0.670437 0.047092 0.052954
0.0 0.888470 0.706852 0.076517 0.073655
0.0 0.897082 0.667272 0.051969 0.044417
0.0 0.876271 0.632512 0.053189 0.042282
0.0 0.804188 0.622659 0.033688 0.034298
0.0 0.680579 0.684906 0.048657 0.068266
0.0 0.685013 0.641521 0.040827 0.033835
0.0 0.634516 0.614133 0.061808 0.042239
0.0 0.581765 0.638622 0.026634 0.049654
0.0 0.628172 0.691113 0.061019 0.076714
0.0 0.558430 0.613652 0.033075 0.056430
0.0 0.469096 0.504401 0.173394 0.219977
0.0 0.507244 0.622829 0.066769 0.048596
0.0 0.424976 0.623229 0.072422 0.089848
0.0 0.517610 0.670394 0.059194 0.058849
0.0 0.511266 0.747375 0.068151 0.118383
0.0 0.432923 0.798773 0.090691 0.184230
0.0 0.406968 0.710045 0.070153 0.123905
0.0 0.234044 0.480037 0.040038 0.068310
0.0 0.273749 0.538513 0.045873 0.055087
0.0 0.344789 0.558574 0.039953 0.053416
0.0 0.372655 0.613706 0.035514 0.052162
0.0 0.357516 0.672449 0.045261 0.077221
0.0 0.224916 0.569361 0.046134 0.057640
0.0 0.179564 0.595940 0.043435 0.059356
3.0 0.295265 0.625986 0.020629 0.033088
4.0 0.326774 0.600750 0.025760 0.069236
3.0 0.322354 0.733414 0.017493 0.044595
0.0 0.284833 0.728070 0.059455 0.061401
0.0 0.307893 0.666313 0.053358 0.072071
0.0 0.274453 0.591227 0.053449 0.044835
0.0 0.206295 0.632371 0.037430 0.042790
0.0 0.258903 0.817900 0.124476 0.149159
0.0 0.207351 0.711441 0.114026 0.173470
0.0 0.493628 0.644308 0.089768 0.104866
0.0 0.218727 0.302107 0.092387 0.172697
0.0 0.290856 0.698930 0.086812 0.146274
