3.0 0.765328 0.860219 0.079031 0.103229
0.0 0.347578 0.733333 0.195156 0.150542
0.0 0.470453 0.698927 0.117531 0.095646
0.0 0.627523 0.680385 0.065578 0.065021
0.0 0.561547 0.686833 0.085562 0.071583
3.0 0.679648 0.688615 0.014922 0.033313
0.0 0.284711 0.605844 0.175797 0.057979
3.0 0.883586 0.813854 0.037172 0.082083
3.0 0.704836 0.819521 0.060359 0.178042
0.0 0.697445 0.634281 0.075109 0.027104
0.0 0.364859 0.660104 0.103125 0.040875
0.0 0.518297 0.667083 0.029156 0.033625
0.0 0.752258 0.585771 0.015422 0.014917
3.0 0.912156 0.808802 0.038125 0.074646
3.0 0.918945 0.763969 0.028422 0.052229
0.0 0.634125 0.610979 0.016313 0.020500
0.0 0.640203 0.609073 0.017188 0.026354
0.0 0.125391 0.687063 0.242781 0.177542
3.0 0.757211 0.774500 0.043922 0.070375
