0.0 0.613440 0.489747 0.054480 0.040720
0.0 0.579610 0.485920 0.046780 0.040747
0.0 0.692940 0.473520 0.041160 0.025600
0.0 0.785520 0.463787 0.060040 0.043413
0.0 0.401390 0.459053 0.038740 0.030960
0.0 0.292890 0.436493 0.032020 0.022533
0.0 0.336070 0.447987 0.040700 0.014693
0.0 0.714950 0.458573 0.025460 0.009840
0.0 0.749110 0.477760 0.073260 0.037013
0.0 0.681610 0.443320 0.022980 0.026960
0.0 0.632030 0.455307 0.013020 0.026560
0.0 0.382930 0.448440 0.023380 0.018853
0.0 0.429310 0.442360 0.027860 0.016187
