0.0 0.405422 0.717656 0.082437 0.103229
0.0 0.548000 0.779354 0.084344 0.114583
0.0 0.359898 0.911844 0.129203 0.154354
0.0 0.299422 0.652365 0.085875 0.084938
0.0 0.256930 0.741448 0.092422 0.106604
0.0 0.349133 0.573823 0.058203 0.065729
0.0 0.386313 0.494021 0.040313 0.045042
0.0 0.408039 0.458323 0.037922 0.045771
0.0 0.426719 0.431583 0.033031 0.036917
1.0 0.534164 0.560385 0.106641 0.241104
1.0 0.119852 0.844313 0.239703 0.311374
0.0 0.440594 0.409781 0.026281 0.028604
0.0 0.472500 0.446052 0.030156 0.029979
1.0 0.515969 0.390604 0.024563 0.036625
1.0 0.483469 0.383177 0.023062 0.035229
0.0 0.429492 0.601125 0.069109 0.078667
0.0 0.444805 0.552927 0.056297 0.070104
0.0 0.295312 0.650000 0.587500 0.695833
0.0 0.539062 0.976042 0.128125 0.043750
0.0 0.457812 0.501042 0.040625 0.052083
