0.0 0.304003 0.437002 0.035131 0.025016
0.0 0.932451 0.598791 0.135098 0.124020
0.0 0.275147 0.496618 0.052516 0.050556
0.0 0.300000 0.412394 0.018268 0.014690
0.0 0.263513 0.406977 0.022255 0.017418
0.0 0.295629 0.396871 0.019036 0.015931
0.0 0.153399 0.499281 0.020327 0.033105
0.0 0.312631 0.404240 0.019281 0.018709
3.0 0.514739 0.579175 0.045000 0.078317
3.0 0.674142 0.601846 0.052533 0.081634
3.0 0.392369 0.534126 0.029771 0.036225
3.0 0.466307 0.533889 0.033431 0.041373
3.0 0.316479 0.473227 0.008971 0.022108
3.0 0.366789 0.514020 0.023121 0.032124
3.0 0.375408 0.488056 0.017451 0.021013
0.0 0.274943 0.495801 0.055703 0.056275
1.0 0.239690 0.422827 0.030229 0.028072
1.0 0.299502 0.409910 0.020539 0.017533
3.0 0.835392 0.679453 0.190588 0.272271
3.0 0.639199 0.595000 0.019967 0.035392
0.0 0.264608 0.399248 0.035719 0.013039
0.0 0.739363 0.565425 0.057549 0.109673
