0.0 0.088281 0.766667 0.176562 0.344444
0.0 0.931250 0.883333 0.132812 0.213889
0.0 0.804688 0.619444 0.131250 0.094444
0.0 0.523438 0.650000 0.125000 0.111111
0.0 0.385937 0.613889 0.060937 0.077778
0.0 0.314063 0.591667 0.040625 0.050000
0.0 0.540625 0.588889 0.045312 0.036111
3.0 0.534375 0.833333 0.120313 0.247222
3.0 0.321875 0.850000 0.128125 0.288889
3.0 0.221875 0.783333 0.078125 0.261111
3.0 0.264062 0.627778 0.031250 0.080556
0.0 0.431250 0.591667 0.046875 0.075000
0.0 0.365625 0.552778 0.023438 0.038889
0.0 0.907813 0.602778 0.071875 0.088889
0.0 0.350000 0.575000 0.031250 0.050000
