0.0 0.264463 0.798438 0.233471 0.137500
4.0 0.078512 0.714063 0.101240 0.059375
4.0 0.066116 0.771875 0.086777 0.073438
0.0 0.221074 0.640625 0.105372 0.048438
3.0 0.336777 0.709375 0.057851 0.032813
4.0 0.413223 0.639062 0.053719 0.046875
4.0 0.283058 0.646875 0.049587 0.045312
0.0 0.334711 0.590625 0.119835 0.035937
0.0 0.268595 0.606250 0.140496 0.040625
0.0 0.549587 0.617188 0.082645 0.048438
4.0 0.446281 0.592187 0.030992 0.034375
4.0 0.481405 0.587500 0.028926 0.034375
0.0 0.446281 0.562500 0.080579 0.021875
3.0 0.130165 0.629687 0.039256 0.026562
0.0 0.638430 0.576562 0.049587 0.028125
0.0 0.597107 0.564063 0.049587 0.023438
0.0 0.669421 0.548438 0.037190 0.020313
4.0 0.644628 0.526563 0.014463 0.018750
3.0 0.768595 0.517188 0.006198 0.010937
0.0 0.801653 0.506250 0.016529 0.009375
0.0 0.774793 0.504687 0.016529 0.009375
0.0 0.919421 0.540625 0.070248 0.014063
0.0 0.958678 0.560937 0.076446 0.015625
0.0 0.816116 0.593750 0.076446 0.084375
3.0 0.793388 0.835938 0.039256 0.070312
4.0 0.830579 0.539062 0.016529 0.018750
3.0 0.805785 0.545312 0.006198 0.009375
0.0 0.894628 0.570312 0.047521 0.026562
0.0 0.871901 0.590625 0.030992 0.037500
