0.0 0.114062 0.355556 0.228124 0.261111
0.0 0.021094 0.168056 0.042188 0.080556
0.0 0.098437 0.183333 0.126562 0.130556
0.0 0.204687 0.155556 0.043750 0.058333
0.0 0.220312 0.227778 0.020313 0.061111
0.0 0.518750 0.205556 0.429688 0.205556
0.0 0.357812 0.366667 0.229687 0.269444
0.0 0.378125 0.394444 0.262500 0.283333
0.0 0.546875 0.327778 0.156250 0.200000
0.0 0.654687 0.327778 0.120313 0.202778
0.0 0.809375 0.455556 0.301563 0.361111
0.0 0.718750 0.380556 0.209375 0.263889
0.0 0.812500 0.266667 0.153125 0.091667
0.0 0.964063 0.338889 0.068750 0.225000
3.0 0.334375 0.788889 0.432812 0.413889
4.0 0.378125 0.661111 0.501563 0.380556
0.0 0.076563 0.225000 0.150000 0.091667
3.0 0.528125 0.709722 0.109375 0.213889
