3.0 0.202008 0.608708 0.204547 0.192625
3.0 0.551945 0.607104 0.138516 0.154875
3.0 0.709797 0.597146 0.115187 0.082875
3.0 0.375734 0.525354 0.032500 0.033000
3.0 0.057063 0.529552 0.025688 0.065271
3.0 0.114227 0.587958 0.053891 0.157958
3.0 0.410227 0.600271 0.063016 0.122375
3.0 0.355844 0.588000 0.073813 0.102375
3.0 0.834133 0.588906 0.057734 0.118896
3.0 0.645508 0.585240 0.066672 0.084729
3.0 0.778867 0.582510 0.083547 0.097021
3.0 0.033406 0.550729 0.049781 0.082792
3.0 0.248437 0.530208 0.193750 0.077083
3.0 0.967969 0.569792 0.060937 0.081250
3.0 0.924219 0.573958 0.064062 0.081250
