0.0 0.564320 0.919104 0.234266 0.139333
0.0 0.524703 0.607167 0.242875 0.393125
0.0 0.260961 0.623594 0.409547 0.406729
0.0 0.898828 0.274073 0.024906 0.046479
0.0 0.847656 0.293521 0.088875 0.156083
0.0 0.439273 0.158958 0.169922 0.068333
0.0 0.672695 0.347990 0.228672 0.198729
0.0 0.937445 0.195062 0.071672 0.105042
1.0 0.951969 0.333333 0.075844 0.146083
0.0 0.984727 0.157250 0.028672 0.030167
1.0 0.297414 0.164448 0.068609 0.047813
1.0 0.168570 0.090708 0.075453 0.034292
0.0 0.921891 0.246104 0.055031 0.072125
0.0 0.820430 0.537042 0.109516 0.134125
0.0 0.791430 0.168531 0.201953 0.098146
