0.0 0.437500 0.844444 0.060937 0.155556
0.0 0.800000 0.672222 0.050000 0.100000
0.0 0.834375 0.583333 0.031250 0.063889
0.0 0.762500 0.527778 0.020313 0.044444
0.0 0.739063 0.511111 0.020313 0.027778
0.0 0.717187 0.494444 0.017188 0.036111
0.0 0.671875 0.497222 0.020313 0.036111
0.0 0.656250 0.463889 0.012500 0.022222
0.0 0.273438 0.786111 0.050000 0.094444
3.0 0.384375 0.800000 0.023438 0.080556
3.0 0.442187 0.700000 0.025000 0.066667
3.0 0.453125 0.594444 0.015625 0.033333
4.0 0.475000 0.511111 0.015625 0.044444
0.0 0.504688 0.494444 0.023438 0.044444
4.0 0.615625 0.458333 0.015625 0.022222
4.0 0.742188 0.552778 0.020313 0.052778
0.0 0.690625 0.483333 0.018750 0.027778
0.0 0.451562 0.561111 0.040625 0.033333
