0.0 0.376563 0.458333 0.193750 0.225000
0.0 0.217188 0.383333 0.093750 0.133333
0.0 0.768750 0.672222 0.453125 0.633333
0.0 0.706250 0.322222 0.112500 0.091667
0.0 0.803125 0.352778 0.096875 0.080556
0.0 0.887500 0.355556 0.081250 0.097222
0.0 0.964063 0.363889 0.070312 0.105556
0.0 0.531250 0.441667 0.076563 0.180556
0.0 0.410938 0.380556 0.126562 0.130556
0.0 0.296875 0.344444 0.064062 0.077778
0.0 0.301563 0.294444 0.034375 0.033333
0.0 0.087500 0.333333 0.059375 0.088889
0.0 0.265625 0.311111 0.031250 0.055556
0.0 0.328125 0.308333 0.032813 0.055556
3.0 0.573438 0.344444 0.025000 0.044444
3.0 0.600000 0.336111 0.029687 0.030556
0.0 0.202344 0.316667 0.067187 0.077778
0.0 0.981250 0.344444 0.034375 0.050000
