3.0 0.617492 0.726063 0.241234 0.217827
3.0 0.153500 0.827582 0.298344 0.325444
3.0 0.909867 0.565853 0.027734 0.070117
3.0 0.934672 0.532021 0.018125 0.053294
0.0 0.244203 0.598762 0.469469 0.324579
0.0 0.433039 0.572278 0.253797 0.182921
0.0 0.508344 0.522523 0.197313 0.135140
0.0 0.711359 0.499942 0.125844 0.078107
0.0 0.641289 0.531706 0.119297 0.121308
0.0 0.700258 0.531776 0.101359 0.086121
0.0 0.691734 0.549977 0.087094 0.077944
3.0 0.966766 0.514708 0.008531 0.027687
0.0 0.763578 0.511846 0.072250 0.061402
0.0 0.765141 0.504942 0.082281 0.055397
0.0 0.804898 0.486881 0.025234 0.026285
0.0 0.778109 0.484229 0.074219 0.035280
0.0 0.703602 0.510374 0.099766 0.082757
0.0 0.446875 0.489486 0.893750 0.170561
0.0 0.028125 0.476636 0.056250 0.107477
