0.0 0.648438 0.383333 0.076563 0.105556
0.0 0.737500 0.352778 0.021875 0.061111
4.0 0.771875 0.375000 0.046875 0.125000
4.0 0.575000 0.391667 0.035937 0.108333
4.0 0.828125 0.347222 0.046875 0.055556
4.0 0.878125 0.341667 0.054688 0.058333
4.0 0.937500 0.338889 0.048438 0.061111
4.0 0.978125 0.338889 0.040625 0.066667
0.0 0.478125 0.375000 0.082812 0.061111
0.0 0.518750 0.363889 0.032813 0.044444
0.0 0.410938 0.369444 0.021875 0.036111
0.0 0.382812 0.372222 0.023438 0.033333
4.0 0.362500 0.369444 0.014063 0.038889
0.0 0.323437 0.373611 0.034375 0.030556
