0.0 0.854528 0.930714 0.087852 0.138573
0.0 0.360528 0.552385 0.016117 0.034292
0.0 0.216690 0.887646 0.117294 0.159243
0.0 0.645171 0.823177 0.081798 0.123367
0.0 0.644980 0.705784 0.051612 0.070169
0.0 0.367334 0.652455 0.043694 0.056839
0.0 0.420158 0.598088 0.028322 0.042899
0.0 0.482392 0.531732 0.017143 0.021694
0.0 0.404410 0.538111 0.018726 0.024359
0.0 0.546776 0.610995 0.022824 0.055132
0.0 0.416148 0.503348 0.013975 0.016361
0.0 0.473633 0.485085 0.009410 0.013452
0.0 0.405154 0.517759 0.015372 0.013940
3.0 0.382611 0.602672 0.013508 0.044224
0.0 0.180345 0.695850 0.071923 0.097195
0.0 0.071895 0.635947 0.066054 0.058668
0.0 0.116241 0.608954 0.041832 0.046541
0.0 0.246769 0.555838 0.029533 0.035390
0.0 0.270806 0.552700 0.015931 0.029203
0.0 0.246208 0.530276 0.030373 0.017702
4.0 0.065003 0.701726 0.036798 0.071494
4.0 0.032954 0.719518 0.030929 0.073550
0.0 0.376283 0.775667 0.068567 0.127357
3.0 0.529163 0.520247 0.008105 0.018418
3.0 0.544070 0.521466 0.005216 0.020719
0.0 0.437205 0.540793 0.020496 0.032114
0.0 0.504664 0.617758 0.063162 0.142133
0.0 0.432360 0.509777 0.018819 0.026904
0.0 0.439160 0.487369 0.018540 0.019271
0.0 0.478942 0.462555 0.008011 0.015873
1.0 0.489845 0.491514 0.016210 0.036836
4.0 0.176895 0.626673 0.023010 0.060220
4.0 0.095933 0.673636 0.029252 0.068340
