0.0 0.910137 0.595343 0.179726 0.722689
0.0 0.891014 0.298490 0.214782 0.332598
0.0 0.639674 0.403733 0.146047 0.232353
0.0 0.723995 0.389130 0.082917 0.145391
0.0 0.402635 0.387971 0.037414 0.128223
3.0 0.293839 0.393150 0.046730 0.130519
0.0 0.335659 0.361199 0.071604 0.097977
3.0 0.233784 0.373947 0.026338 0.083842
4.0 0.157803 0.414320 0.074280 0.190861
4.0 0.099405 0.416350 0.062199 0.211682
4.0 0.049606 0.424447 0.099212 0.230764
3.0 0.735131 0.349285 0.030655 0.061107
0.0 0.376638 0.338730 0.063737 0.075213
0.0 0.138031 0.752212 0.267102 0.495577
