0.0 0.662617 0.301361 0.064859 0.063069
0.0 0.746648 0.280161 0.056609 0.058292
0.0 0.533812 0.341337 0.038781 0.048020
0.0 0.704789 0.289171 0.043984 0.054579
0.0 0.811336 0.265520 0.065078 0.065495
0.0 0.855578 0.248354 0.085219 0.071213
0.0 0.786898 0.235161 0.070609 0.042500
0.0 0.842188 0.606980 0.315624 0.677921
0.0 0.747500 0.594010 0.388687 0.604505
0.0 0.630344 0.597970 0.361125 0.578812
0.0 0.527609 0.598354 0.355625 0.509183
0.0 0.433297 0.609938 0.358906 0.496955
0.0 0.359219 0.612537 0.317844 0.400817
0.0 0.282375 0.627611 0.316719 0.383738
0.0 0.282375 0.521931 0.215844 0.189455
0.0 0.220492 0.534406 0.269078 0.328465
0.0 0.100531 0.589950 0.115781 0.198812
0.0 0.569867 0.320421 0.036266 0.046337
0.0 0.914609 0.238626 0.077125 0.062896
0.0 0.604102 0.297525 0.055453 0.047970
0.0 0.975352 0.217884 0.048484 0.067599
0.0 0.286422 0.507215 0.271469 0.259332
0.0 0.954594 0.187611 0.087531 0.049134
0.0 0.937977 0.143515 0.038141 0.059158
0.0 0.861719 0.129950 0.139063 0.126238
0.0 0.222656 0.912129 0.245312 0.170792
0.0 0.222656 0.912129 0.245312 0.170792
