0.0 0.124406 0.583067 0.063125 0.060043
0.0 0.057789 0.591987 0.115578 0.120302
0.0 0.159844 0.567225 0.049812 0.053542
0.0 0.252273 0.557333 0.033922 0.024730
0.0 0.202586 0.686145 0.183703 0.222484
0.0 0.218414 0.557505 0.053391 0.024298
3.0 0.490758 0.616987 0.042141 0.080497
3.0 0.559156 0.638834 0.032344 0.067775
0.0 0.272805 0.562387 0.019547 0.017732
0.0 0.438500 0.560842 0.011750 0.018229
0.0 0.216242 0.538780 0.024328 0.015443
0.0 0.437969 0.583035 0.010750 0.025292
0.0 0.975781 0.612311 0.048438 0.088553
0.0 0.817969 0.574514 0.054688 0.038877
