0.0 0.657813 0.266667 0.321875 0.491667
3.0 0.090625 0.725000 0.178125 0.547222
4.0 0.440625 0.352778 0.100000 0.230556
4.0 0.143750 0.466667 0.200000 0.411111
0.0 0.964844 0.251389 0.070312 0.125000
0.0 0.851562 0.222222 0.050000 0.116667
4.0 0.356250 0.241667 0.028125 0.075000
4.0 0.040625 0.413889 0.078125 0.266667
0.0 0.928125 0.230556 0.031250 0.055556
4.0 0.432813 0.230556 0.029687 0.050000
4.0 0.400000 0.225000 0.026562 0.041667
4.0 0.393750 0.336111 0.078125 0.191667
4.0 0.203125 0.241667 0.037500 0.052778
4.0 0.328125 0.222222 0.018750 0.027778
4.0 0.256250 0.308333 0.042188 0.141667
3.0 0.834375 0.441667 0.040625 0.133333
0.0 0.822656 0.247222 0.032813 0.116667
3.0 0.185156 0.488889 0.107813 0.177778
