4.0 0.395313 0.722222 0.073438 0.211111
4.0 0.498437 0.661111 0.051562 0.088889
4.0 0.571875 0.655556 0.042188 0.113889
4.0 0.153125 0.711111 0.084375 0.094444
4.0 0.195312 0.688889 0.043750 0.080556
3.0 0.282813 0.675000 0.028125 0.075000
4.0 0.340625 0.655556 0.020313 0.066667
0.0 0.309375 0.647222 0.023438 0.038889
0.0 0.354687 0.622222 0.034375 0.063889
0.0 0.326562 0.616667 0.023438 0.038889
3.0 0.442188 0.641667 0.020313 0.083333
0.0 0.792188 0.602778 0.412500 0.311111
4.0 0.962500 0.708333 0.065625 0.272222
3.0 0.487500 0.683333 0.025000 0.050000
