4.0 0.592584 0.733311 0.250812 0.527541
4.0 0.413766 0.624056 0.123119 0.460111
0.0 0.191165 0.369996 0.261176 0.606051
4.0 0.745340 0.312162 0.098539 0.264111
4.0 0.479881 0.209198 0.059119 0.182553
4.0 0.478154 0.359714 0.040865 0.164105
0.0 0.496396 0.079832 0.070416 0.114380
0.0 0.536390 0.148419 0.088670 0.132828
0.0 0.345878 0.115209 0.127479 0.184885
0.0 0.891842 0.297079 0.134036 0.526985
3.0 0.791928 0.351933 0.046319 0.127041
3.0 0.879438 0.876453 0.066465 0.247094
3.0 0.500101 0.426093 0.080362 0.166367
3.0 0.760946 0.362147 0.051278 0.142750
3.0 0.563594 0.537240 0.143103 0.223353
1.0 0.224227 0.090149 0.120443 0.177560
