0.0 0.720313 0.769444 0.554688 0.447222
3.0 0.298438 0.816667 0.101562 0.252778
3.0 0.039062 0.841667 0.078125 0.300000
3.0 0.181250 0.838889 0.057813 0.163889
0.0 0.485938 0.683333 0.153125 0.138889
0.0 0.195312 0.661111 0.096875 0.138889
0.0 0.265625 0.633333 0.068750 0.088889
0.0 0.320312 0.627778 0.054688 0.069444
0.0 0.337500 0.597222 0.040625 0.033333
0.0 0.384375 0.588889 0.031250 0.030556
0.0 0.171875 0.600000 0.046875 0.047222
0.0 0.167187 0.550000 0.046875 0.055556
0.0 0.448437 0.586111 0.054688 0.038889
0.0 0.553125 0.608333 0.051562 0.047222
