3.0 0.491701 0.793750 0.043568 0.090625
3.0 0.495851 0.614062 0.029046 0.037500
3.0 0.157676 0.717187 0.047718 0.070312
0.0 0.280083 0.817187 0.159751 0.135937
0.0 0.435685 0.628125 0.064315 0.065625
3.0 0.746888 0.662500 0.064315 0.028125
3.0 0.869295 0.742188 0.051867 0.059375
0.0 0.703320 0.867188 0.153527 0.153125
0.0 0.844398 0.817187 0.159751 0.143750
0.0 0.655602 0.631250 0.047718 0.050000
0.0 0.338174 0.592187 0.053942 0.037500
0.0 0.271784 0.593750 0.064315 0.037500
0.0 0.232365 0.659375 0.105809 0.075000
0.0 0.456432 0.578125 0.041494 0.031250
0.0 0.570539 0.589063 0.041494 0.034375
0.0 0.052905 0.716406 0.105809 0.135937
0.0 0.776507 0.714063 0.110187 0.078125
0.0 0.954262 0.914062 0.087318 0.168750
