0.0 0.578780 0.827373 0.071830 0.156802
0.0 0.172287 0.696959 0.058174 0.101889
0.0 0.131736 0.614308 0.036397 0.065026
0.0 0.209855 0.553275 0.023739 0.045092
0.0 0.235369 0.534776 0.023279 0.028948
0.0 0.259152 0.516434 0.020046 0.036706
0.0 0.309445 0.514573 0.023509 0.037020
0.0 0.325841 0.480715 0.014467 0.022781
0.0 0.758988 0.754389 0.058021 0.096507
3.0 0.636427 0.778986 0.028200 0.080386
3.0 0.569595 0.687926 0.029548 0.067089
3.0 0.554558 0.586776 0.018237 0.033858
4.0 0.528013 0.508252 0.018544 0.044621
0.0 0.494651 0.495089 0.027203 0.045406
4.0 0.370709 0.471253 0.017930 0.023095
4.0 0.233057 0.575451 0.023970 0.053165
0.0 0.288282 0.503003 0.021547 0.028791
0.0 0.555369 0.554331 0.045943 0.036369
