0.0 0.556063 0.735740 0.119219 0.091438
0.0 0.839469 0.770983 0.121625 0.096385
0.0 0.751000 0.773658 0.072563 0.057505
0.0 0.695398 0.770423 0.055016 0.054080
0.0 0.641461 0.761459 0.055953 0.046089
0.0 0.435391 0.743499 0.035906 0.030085
0.0 0.415352 0.743214 0.021328 0.024313
0.0 0.398602 0.739545 0.018578 0.022347
0.0 0.276820 0.731268 0.017172 0.018055
0.0 0.295430 0.729947 0.008234 0.013805
0.0 0.386758 0.736184 0.024359 0.028689
0.0 0.311414 0.731427 0.016203 0.015962
0.0 0.304633 0.727992 0.013484 0.017040
0.0 0.205328 0.767357 0.134313 0.143594
1.0 0.362289 0.726892 0.031672 0.042199
