0.0 0.691552 0.826625 0.616896 0.346750
0.0 0.689177 0.719148 0.193021 0.098797
0.0 0.562406 0.729039 0.116604 0.143891
0.0 0.105354 0.690063 0.113583 0.057000
0.0 0.824010 0.673273 0.114396 0.044672
0.0 0.691625 0.676508 0.125417 0.037703
0.0 0.685302 0.700969 0.222812 0.064406
0.0 0.906156 0.672023 0.055438 0.031734
0.0 0.773510 0.662148 0.025062 0.015141
0.0 0.027083 0.711719 0.054166 0.042188
0.0 0.312500 0.750000 0.625000 0.187500
0.0 0.028125 0.682813 0.056250 0.034375
0.0 0.081250 0.774219 0.162500 0.126562
