3.0 0.659945 0.770578 0.179781 0.211500
3.0 0.499959 0.512211 0.094290 0.144109
3.0 0.525751 0.879352 0.287459 0.127266
3.0 0.399317 0.413789 0.078251 0.085484
3.0 0.523579 0.495141 0.056066 0.018406
0.0 0.742678 0.232023 0.282951 0.152797
0.0 0.201475 0.687273 0.402950 0.198797
0.0 0.172801 0.592938 0.345601 0.127062
0.0 0.187719 0.573344 0.370792 0.184719
0.0 0.043579 0.461328 0.087158 0.045906
0.0 0.784057 0.451703 0.268005 0.178500
0.0 0.853470 0.480805 0.131421 0.203734
0.0 0.585943 0.342180 0.214563 0.088484
0.0 0.929112 0.460234 0.141776 0.324594
0.0 0.405833 0.312875 0.147240 0.018719
0.0 0.118251 0.392227 0.236502 0.045547
0.0 0.724235 0.412883 0.227049 0.137016
0.0 0.116475 0.341906 0.232951 0.080312
3.0 0.331175 0.413336 0.076066 0.099641
3.0 0.742322 0.614953 0.075301 0.035875
3.0 0.341926 0.572023 0.142814 0.160141
0.0 0.951926 0.680516 0.096148 0.306500
0.0 0.498634 0.506250 0.997268 0.943750
0.0 0.946721 0.911719 0.101093 0.173437
