0.0 0.259680 0.525333 0.181203 0.104667
0.0 0.161727 0.509740 0.178984 0.121021
0.0 0.036578 0.498458 0.073156 0.082208
0.0 0.068094 0.471417 0.062594 0.039167
0.0 0.967625 0.544365 0.064750 0.095146
0.0 0.835437 0.510885 0.067156 0.054229
1.0 0.108445 0.466292 0.071391 0.043625
0.0 0.738539 0.490677 0.020297 0.020104
0.0 0.043672 0.451177 0.056719 0.023521
0.0 0.014617 0.445552 0.029234 0.032104
0.0 0.924172 0.521385 0.138813 0.081146
1.0 0.785508 0.497615 0.067547 0.046229
0.0 0.371094 0.560417 0.054688 0.062500
