3.0 0.662820 0.849461 0.048797 0.141920
3.0 0.355133 0.836721 0.049266 0.155035
3.0 0.021539 0.839145 0.043078 0.105878
0.0 0.933961 0.735480 0.056328 0.088712
3.0 0.839984 0.860527 0.150094 0.161382
3.0 0.395273 0.837471 0.043609 0.088665
0.0 0.945953 0.679684 0.027031 0.021335
3.0 0.430781 0.852506 0.045500 0.118173
3.0 0.472086 0.845878 0.050266 0.134614
3.0 0.302172 0.841768 0.069875 0.136651
3.0 0.182680 0.827342 0.053984 0.140304
3.0 0.110734 0.840152 0.090156 0.130328
0.0 0.990992 0.681136 0.017422 0.032951
0.0 0.922359 0.680539 0.032906 0.025012
3.0 0.070883 0.814719 0.062453 0.172248
