3.0 0.753083 0.493359 0.077958 0.092344
3.0 0.562583 0.471836 0.034708 0.055047
0.0 0.845812 0.439859 0.117542 0.043875
3.0 0.372490 0.443383 0.013729 0.023859
3.0 0.324990 0.447078 0.010521 0.031594
3.0 0.446875 0.447547 0.010875 0.030594
3.0 0.977427 0.514766 0.045146 0.069156
3.0 0.461604 0.457609 0.011583 0.023875
3.0 0.415937 0.442109 0.017750 0.025312
3.0 0.785167 0.469328 0.037625 0.052000
3.0 0.526521 0.449180 0.017833 0.022734
3.0 0.349573 0.439656 0.004521 0.012500
3.0 0.278906 0.439375 0.006271 0.014094
0.0 0.120458 0.429984 0.026000 0.013562
3.0 0.291667 0.434375 0.141667 0.028125
