3.0 0.412500 0.763889 0.800000 0.469444
0.0 0.925000 0.388889 0.148438 0.100000
0.0 0.754688 0.394444 0.021875 0.030556
4.0 0.726562 0.388889 0.010937 0.027778
0.0 0.667187 0.358333 0.092188 0.100000
0.0 0.593750 0.358333 0.039062 0.061111
0.0 0.571875 0.347222 0.007812 0.019444
0.0 0.539062 0.375000 0.010937 0.025000
0.0 0.560937 0.369444 0.023438 0.033333
0.0 0.467187 0.372222 0.010937 0.016667
0.0 0.453125 0.366667 0.012500 0.030556
0.0 0.435937 0.375000 0.009375 0.016667
0.0 0.415625 0.372222 0.014063 0.016667
0.0 0.346875 0.375000 0.026562 0.036111
0.0 0.384375 0.366667 0.042188 0.027778
4.0 0.390625 0.375000 0.006250 0.019444
4.0 0.312500 0.380556 0.012500 0.033333
4.0 0.326562 0.377778 0.010937 0.025000
3.0 0.229688 0.394444 0.025000 0.025000
3.0 0.245313 0.386111 0.012500 0.030556
