4.0 0.832888 0.639610 0.307392 0.278145
0.0 0.341856 0.655170 0.378964 0.212787
0.0 0.560490 0.564127 0.241014 0.093161
3.0 0.059009 0.607699 0.044364 0.059984
4.0 0.221916 0.547674 0.067859 0.057191
4.0 0.127589 0.557261 0.052859 0.072315
4.0 0.624192 0.534615 0.100283 0.075379
4.0 0.699574 0.541155 0.054505 0.105184
4.0 0.179043 0.559276 0.041805 0.087552
0.0 0.071170 0.574441 0.086303 0.071530
0.0 0.048762 0.521368 0.045470 0.042740
0.0 0.489292 0.522822 0.082080 0.026496
0.0 0.310759 0.546906 0.094087 0.030289
4.0 0.397629 0.546191 0.082358 0.071419
4.0 0.278162 0.527035 0.031144 0.031972
4.0 0.348994 0.521576 0.028653 0.021537
4.0 0.804523 0.507016 0.055332 0.043018
