0.0 0.350000 0.458333 0.114062 0.230556
0.0 0.621875 0.472222 0.182812 0.233333
0.0 0.875000 0.786111 0.134375 0.197222
0.0 0.737500 0.733333 0.104688 0.227778
0.0 0.932813 0.708333 0.131250 0.161111
0.0 0.878125 0.566667 0.103125 0.130556
0.0 0.400000 0.727778 0.076563 0.197222
0.0 0.528125 0.819444 0.139063 0.233333
0.0 0.646875 0.833333 0.110937 0.230556
3.0 0.514062 0.588889 0.037500 0.125000
0.0 0.815625 0.655556 0.098437 0.152778
0.0 0.182812 0.877778 0.082812 0.188889
0.0 0.148438 0.944444 0.106250 0.105556
0.0 0.759375 0.577778 0.104688 0.088889
0.0 0.950000 0.897222 0.095312 0.194444
0.0 0.600000 0.677778 0.118750 0.144444
0.0 0.646875 0.586111 0.100000 0.105556
0.0 0.437500 0.583333 0.075000 0.127778
0.0 0.090625 0.775000 0.175000 0.211111
0.0 0.271875 0.655556 0.065625 0.155556
0.0 0.325000 0.572222 0.053125 0.105556
0.0 0.320312 0.875000 0.112500 0.238889
0.0 0.700781 0.918056 0.173437 0.158333
0.0 0.383594 0.926389 0.145313 0.141667
1.0 0.453125 0.304167 0.043750 0.069444
