0.0 0.760937 0.697500 0.315625 0.377500
1.0 0.287500 0.805000 0.246875 0.345000
1.0 0.089063 0.507500 0.171875 0.215000
0.0 0.432813 0.605000 0.214062 0.355000
0.0 0.539062 0.522500 0.170313 0.320000
0.0 0.643750 0.435000 0.137500 0.185000
0.0 0.742188 0.412500 0.067187 0.160000
1.0 0.775000 0.352500 0.090625 0.185000
1.0 0.851562 0.317500 0.068750 0.112500
0.0 0.400000 0.295000 0.073438 0.152500
0.0 0.260938 0.267500 0.092188 0.125000
1.0 0.334375 0.252500 0.062500 0.110000
0.0 0.251563 0.350000 0.039062 0.070000
0.0 0.303125 0.362500 0.053125 0.090000
0.0 0.081250 0.365000 0.092188 0.092500
0.0 0.856250 0.440000 0.062500 0.067500
0.0 0.951562 0.555000 0.079687 0.137500
0.0 0.454688 0.305000 0.043750 0.100000
0.0 0.489062 0.292500 0.037500 0.070000
0.0 0.578125 0.307500 0.075000 0.075000
0.0 0.650000 0.272500 0.215625 0.122500
0.0 0.503125 0.257500 0.043750 0.080000
0.0 0.898438 0.187500 0.037500 0.070000
0.0 0.915625 0.167500 0.031250 0.070000
0.0 0.903125 0.235000 0.028125 0.037500
