0.0 0.504844 0.193981 0.194031 0.207869
0.0 0.719844 0.146768 0.328375 0.180187
0.0 0.535703 0.063724 0.161500 0.059016
0.0 0.287664 0.135433 0.254766 0.145012
0.0 0.177633 0.081464 0.112453 0.152810
0.0 0.044422 0.102564 0.088781 0.117307
3.0 0.432375 0.586347 0.098437 0.317471
3.0 0.324508 0.592658 0.092578 0.293607
3.0 0.219734 0.612799 0.099437 0.303536
3.0 0.529687 0.567728 0.073625 0.265761
3.0 0.667711 0.566780 0.074766 0.265644
3.0 0.834172 0.453478 0.044562 0.190468
3.0 0.874664 0.408372 0.046516 0.207518
3.0 0.970680 0.204075 0.058640 0.092646
3.0 0.621836 0.542623 0.046266 0.227869
3.0 0.478992 0.590445 0.031484 0.177518
3.0 0.847523 0.168618 0.046516 0.121639
3.0 0.781969 0.515246 0.054500 0.225714
3.0 0.711680 0.547998 0.062078 0.257026
3.0 0.714844 0.396956 0.282813 0.489461
3.0 0.787500 0.224824 0.103125 0.135831
