0.0 0.588920 0.700866 0.124347 0.236255
0.0 0.622978 0.564757 0.055279 0.073125
4.0 0.571415 0.496518 0.034500 0.066529
4.0 0.548662 0.469945 0.021986 0.056006
4.0 0.551750 0.417452 0.021916 0.025934
0.0 0.253162 0.828369 0.201891 0.283461
0.0 0.422178 0.641939 0.165023 0.407769
0.0 0.488299 0.492238 0.094653 0.222537
0.0 0.505502 0.347410 0.044808 0.068446
0.0 0.492639 0.300331 0.039422 0.034654
0.0 0.439010 0.385322 0.071460 0.117122
0.0 0.448064 0.319975 0.044900 0.041137
0.0 0.435202 0.272896 0.042277 0.054312
0.0 0.401817 0.249931 0.032712 0.036140
0.0 0.357009 0.303047 0.058482 0.040930
0.0 0.373237 0.381474 0.070090 0.064948
0.0 0.288125 0.499714 0.134655 0.238171
0.0 0.291747 0.349567 0.115154 0.108849
0.0 0.116122 0.656809 0.232243 0.454879
