0.0 0.138549 0.747276 0.277098 0.408766
0.0 0.727086 0.787297 0.206566 0.326636
3.0 0.266845 0.652151 0.049308 0.166712
0.0 0.117130 0.585634 0.144221 0.122982
4.0 0.459560 0.688500 0.089161 0.140145
4.0 0.313699 0.611263 0.024496 0.053836
0.0 0.410507 0.623709 0.020190 0.035917
0.0 0.437517 0.624600 0.040380 0.071833
4.0 0.386223 0.626418 0.018594 0.052365
0.0 0.566817 0.721071 0.058417 0.098790
0.0 0.607332 0.722408 0.044234 0.084024
4.0 0.493254 0.661854 0.022674 0.067420
4.0 0.522658 0.689624 0.036059 0.090411
0.0 0.530713 0.682871 0.029374 0.060667
0.0 0.566802 0.683104 0.037097 0.048554
0.0 0.904052 0.889808 0.098120 0.162031
0.0 0.824693 0.808704 0.050015 0.102312
