0.0 0.884375 0.586111 0.110937 0.102778
0.0 0.289062 0.577778 0.125000 0.186111
4.0 0.962500 0.622222 0.075000 0.191667
4.0 0.567188 0.533333 0.067187 0.116667
3.0 0.628125 0.794444 0.118750 0.375000
4.0 0.837500 0.558333 0.060937 0.108333
4.0 0.790625 0.522222 0.021875 0.047222
0.0 0.753125 0.513889 0.020313 0.038889
0.0 0.631250 0.513889 0.034375 0.050000
3.0 0.601562 0.511111 0.007812 0.027778
0.0 0.092187 0.722222 0.179688 0.550000
0.0 0.159375 0.527778 0.167187 0.180556
0.0 0.429688 0.561111 0.214062 0.369444
0.0 0.267188 0.526389 0.056250 0.080556
