0.0 0.646875 0.786111 0.218750 0.213889
0.0 0.459375 0.533333 0.046875 0.119444
3.0 0.415625 0.433333 0.026562 0.066667
3.0 0.214062 0.705556 0.054688 0.152778
3.0 0.148438 0.550000 0.059375 0.091667
3.0 0.032813 0.869444 0.062500 0.141667
3.0 0.462500 0.394444 0.018750 0.063889
0.0 0.607812 0.419444 0.045312 0.075000
0.0 0.670312 0.430556 0.043750 0.083333
0.0 0.825000 0.463889 0.059375 0.091667
0.0 0.815625 0.338889 0.035937 0.047222
0.0 0.828125 0.358333 0.026562 0.047222
0.0 0.496875 0.344444 0.023438 0.050000
0.0 0.618750 0.383333 0.040625 0.061111
0.0 0.623437 0.330556 0.035937 0.075000
0.0 0.657813 0.355556 0.023438 0.052778
0.0 0.690625 0.350000 0.039062 0.083333
0.0 0.725000 0.433333 0.048438 0.102778
0.0 0.340625 0.383333 0.045312 0.052778
4.0 0.404687 0.338889 0.078125 0.100000
0.0 0.870313 0.430556 0.062500 0.097222
4.0 0.968750 0.502778 0.053125 0.122222
0.0 0.790625 0.416667 0.048438 0.083333
0.0 0.737500 0.388889 0.046875 0.069444
0.0 0.787500 0.366667 0.042188 0.038889
0.0 0.770312 0.305556 0.028125 0.055556
0.0 0.731250 0.330556 0.034375 0.072222
0.0 0.685937 0.266667 0.018750 0.041667
0.0 0.745313 0.180556 0.020313 0.025000
0.0 0.751563 0.269444 0.023438 0.044444
0.0 0.689063 0.236111 0.015625 0.022222
0.0 0.695312 0.255556 0.018750 0.033333
0.0 0.682813 0.213889 0.012500 0.016667
0.0 0.656250 0.263889 0.021875 0.036111
0.0 0.650000 0.305556 0.018750 0.027778
0.0 0.653125 0.291667 0.021875 0.025000
0.0 0.714063 0.225000 0.015625 0.019444
0.0 0.725000 0.280556 0.028125 0.061111
0.0 0.704688 0.286111 0.012500 0.044444
0.0 0.748437 0.219444 0.025000 0.044444
0.0 0.768750 0.205556 0.021875 0.041667
0.0 0.801562 0.263889 0.029687 0.041667
0.0 0.814063 0.280556 0.021875 0.022222
0.0 0.798438 0.302778 0.025000 0.041667
0.0 0.696875 0.222222 0.012500 0.016667
0.0 0.667188 0.247222 0.017188 0.022222
0.0 0.676562 0.227778 0.015625 0.022222
0.0 0.721875 0.216667 0.010937 0.016667
0.0 0.842187 0.311111 0.021875 0.038889
0.0 0.857812 0.322222 0.026562 0.025000
4.0 0.607812 0.225000 0.006250 0.016667
0.0 0.654687 0.191667 0.007812 0.019444
0.0 0.860938 0.361111 0.042188 0.061111
0.0 0.773438 0.338889 0.023438 0.036111
0.0 0.739062 0.344444 0.039062 0.044444
