0.0 0.443906 0.695436 0.090781 0.104419
0.0 0.048313 0.896846 0.096625 0.198401
0.0 0.676375 0.661119 0.103750 0.085669
0.0 0.346758 0.674913 0.049422 0.067558
0.0 0.073297 0.795858 0.146344 0.163517
0.0 0.298422 0.651061 0.023406 0.031308
0.0 0.083297 0.710494 0.140688 0.125291
0.0 0.482273 0.649680 0.066859 0.070291
0.0 0.859891 0.612369 0.277813 0.739331
0.0 0.217164 0.643605 0.010734 0.013663
0.0 0.154523 0.700640 0.034953 0.071105
0.0 0.183516 0.653212 0.031469 0.028983
0.0 0.345164 0.635625 0.024266 0.017936
0.0 0.130391 0.680596 0.114437 0.089913
0.0 0.512500 0.623547 0.059375 0.061047
