0.0 0.682391 0.889353 0.074250 0.061294
0.0 0.477641 0.895318 0.080063 0.082871
0.0 0.377852 0.920871 0.098266 0.106494
0.0 0.558047 0.927094 0.125688 0.140635
0.0 0.888305 0.937224 0.223390 0.125553
0.0 0.729906 0.890765 0.060656 0.072024
0.0 0.527273 0.845941 0.048141 0.036494
0.0 0.596391 0.889447 0.069250 0.093012
0.0 0.435117 0.877447 0.032828 0.062329
0.0 0.768492 0.934424 0.217078 0.131153
0.0 0.771758 0.855200 0.062016 0.046447
0.0 0.390070 0.817482 0.064328 0.092988
0.0 0.670305 0.951812 0.111641 0.096376
0.0 0.146094 0.935294 0.289062 0.120000
