3.0 0.371875 0.788889 0.701562 0.391667
3.0 0.978125 0.569444 0.043750 0.208333
3.0 0.528125 0.388889 0.031250 0.105556
3.0 0.464063 0.366667 0.007812 0.038889
3.0 0.595313 0.372222 0.014063 0.050000
0.0 0.595313 0.355556 0.043750 0.063889
0.0 0.884375 0.436111 0.150000 0.211111
4.0 0.767187 0.400000 0.060937 0.113889
0.0 0.776562 0.400000 0.082812 0.091667
3.0 0.696875 0.411111 0.035937 0.075000
4.0 0.626563 0.361111 0.015625 0.033333
3.0 0.559375 0.369444 0.009375 0.044444
4.0 0.496875 0.372222 0.025000 0.063889
4.0 0.517188 0.369444 0.015625 0.061111
4.0 0.481250 0.361111 0.012500 0.038889
0.0 0.442187 0.366667 0.021875 0.030556
0.0 0.470313 0.355556 0.009375 0.016667
0.0 0.348437 0.336111 0.031250 0.022222
4.0 0.059375 0.425000 0.056250 0.113889
