0.0 0.165625 0.872222 0.139063 0.244444
0.0 0.304688 0.866667 0.160938 0.261111
0.0 0.614063 0.700000 0.096875 0.327778
0.0 0.457812 0.680556 0.100000 0.311111
0.0 0.373437 0.600000 0.085938 0.155556
0.0 0.298438 0.555556 0.067187 0.158333
3.0 0.251563 0.663889 0.045312 0.161111
4.0 0.153125 0.488889 0.062500 0.122222
4.0 0.226562 0.455556 0.053125 0.091667
4.0 0.098437 0.500000 0.043750 0.119444
0.0 0.735938 0.736111 0.128125 0.241667
0.0 0.793750 0.952778 0.145313 0.080556
0.0 0.515625 0.925000 0.123438 0.141667
0.0 0.565625 0.533333 0.068750 0.230556
0.0 0.550000 0.263889 0.032813 0.061111
0.0 0.575000 0.177778 0.012500 0.022222
0.0 0.490625 0.311111 0.035937 0.072222
0.0 0.564063 0.333333 0.037500 0.088889
0.0 0.581250 0.255556 0.026562 0.055556
0.0 0.567188 0.205556 0.015625 0.030556
0.0 0.471875 0.236111 0.023438 0.030556
0.0 0.645313 0.383333 0.051562 0.108333
0.0 0.632812 0.336111 0.039062 0.061111
0.0 0.612500 0.283333 0.031250 0.050000
0.0 0.603125 0.236111 0.018750 0.036111
0.0 0.587500 0.202778 0.010937 0.027778
0.0 0.593750 0.222222 0.014063 0.027778
0.0 0.581250 0.194444 0.014063 0.027778
0.0 0.517188 0.152778 0.017188 0.033333
0.0 0.446875 0.366667 0.039062 0.075000
0.0 0.503125 0.383333 0.039062 0.066667
0.0 0.526562 0.330556 0.025000 0.063889
0.0 0.535938 0.419444 0.031250 0.069444
0.0 0.489062 0.475000 0.039062 0.108333
0.0 0.418750 0.333333 0.045312 0.055556
0.0 0.446875 0.280556 0.034375 0.061111
0.0 0.482812 0.275000 0.017188 0.041667
0.0 0.520313 0.261111 0.015625 0.038889
0.0 0.551563 0.225000 0.012500 0.016667
0.0 0.535938 0.233333 0.012500 0.022222
0.0 0.523438 0.238889 0.012500 0.016667
0.0 0.546875 0.211111 0.010937 0.016667
0.0 0.532813 0.205556 0.010937 0.019444
0.0 0.796875 0.333333 0.035937 0.063889
0.0 0.845312 0.330556 0.035937 0.058333
0.0 0.714062 0.244444 0.018750 0.044444
0.0 0.978125 0.516667 0.042188 0.088889
0.0 0.940625 0.625000 0.118750 0.161111
0.0 0.839062 0.463889 0.103125 0.097222
0.0 0.859375 0.391667 0.084375 0.075000
0.0 0.945312 0.397222 0.100000 0.105556
3.0 0.770313 0.350000 0.018750 0.066667
0.0 0.726562 0.330556 0.048438 0.055556
0.0 0.756250 0.302778 0.039062 0.052778
0.0 0.704688 0.283333 0.023438 0.055556
0.0 0.679688 0.241667 0.021875 0.025000
0.0 0.775000 0.252778 0.075000 0.088889
3.0 0.689063 0.213889 0.006250 0.027778
0.0 0.954688 0.325000 0.054688 0.050000
4.0 0.876562 0.277778 0.095312 0.105556
0.0 0.965625 0.475000 0.067187 0.072222
0.0 0.681250 0.530556 0.082812 0.130556
0.0 0.568750 0.225000 0.017188 0.022222
0.0 0.500000 0.222222 0.015625 0.027778
0.0 0.512500 0.233333 0.017188 0.027778
0.0 0.529687 0.222222 0.015625 0.019444
0.0 0.512500 0.188889 0.020313 0.044444
0.0 0.470313 0.255556 0.018750 0.030556
0.0 0.500000 0.261111 0.023438 0.036111
0.0 0.493750 0.197222 0.015625 0.025000
0.0 0.537500 0.183333 0.009375 0.016667
0.0 0.495313 0.169444 0.020313 0.030556
0.0 0.481250 0.222222 0.018750 0.025000
0.0 0.487500 0.208333 0.015625 0.013889
0.0 0.560937 0.186111 0.010937 0.019444
0.0 0.556250 0.169444 0.010937 0.016667
0.0 0.542187 0.169444 0.010937 0.013889
0.0 0.625000 0.177778 0.012500 0.016667
0.0 0.564063 0.144444 0.012500 0.022222
3.0 0.739063 0.475000 0.043750 0.044444
0.0 0.600781 0.469444 0.051562 0.111111
