4.0 0.636903 0.693844 0.465572 0.588847
0.0 0.189317 0.635908 0.306460 0.728184
0.0 0.424924 0.784852 0.318843 0.430297
0.0 0.330728 0.667643 0.185807 0.183018
0.0 0.774691 0.391160 0.176002 0.226648
0.0 0.872360 0.317519 0.077956 0.150201
3.0 0.901732 0.446951 0.056674 0.126104
0.0 0.479016 0.476418 0.200215 0.253343
0.0 0.596432 0.469365 0.129350 0.196631
0.0 0.357295 0.492613 0.184910 0.205767
0.0 0.521070 0.230651 0.099779 0.109375
0.0 0.604067 0.359776 0.111278 0.108232
0.0 0.779995 0.263808 0.119248 0.119658
0.0 0.513654 0.352393 0.092187 0.071253
0.0 0.863634 0.230055 0.070485 0.083409
0.0 0.570151 0.300563 0.071900 0.064606
3.0 0.297692 0.384473 0.038520 0.056818
0.0 0.402336 0.301070 0.042267 0.055779
0.0 0.463875 0.256200 0.027360 0.040822
0.0 0.438207 0.270325 0.024691 0.040199
0.0 0.650562 0.273666 0.082761 0.088186
0.0 0.687269 0.301716 0.097188 0.089639
0.0 0.607139 0.257353 0.061178 0.071671
0.0 0.680056 0.236273 0.049500 0.051727
0.0 0.758912 0.197533 0.070784 0.075825
0.0 0.839322 0.170636 0.069189 0.073540
0.0 0.645201 0.211859 0.054324 0.049026
0.0 0.698855 0.374274 0.095952 0.129528
