0.0 0.497222 0.681250 0.855556 0.446875
3.0 0.130556 0.496875 0.166667 0.217188
3.0 0.319444 0.445312 0.141667 0.114062
0.0 0.580556 0.425000 0.258333 0.085938
0.0 0.569444 0.425000 0.366667 0.139063
0.0 0.875000 0.450000 0.247222 0.129688
0.0 0.922222 0.518750 0.147222 0.165625
4.0 0.277778 0.418750 0.133333 0.115625
4.0 0.177778 0.384375 0.075000 0.073438
4.0 0.061111 0.382812 0.075000 0.064062
0.0 0.347222 0.354687 0.325000 0.153125
4.0 0.305556 0.378125 0.083333 0.045312
0.0 0.841667 0.348438 0.311111 0.070312
