0.0 0.152086 0.414104 0.030547 0.013708
0.0 0.032195 0.415302 0.025359 0.010646
3.0 0.638422 0.721687 0.723156 0.534667
3.0 0.438602 0.588062 0.052641 0.140375
3.0 0.512688 0.423990 0.017594 0.017188
3.0 0.279992 0.426792 0.010297 0.013917
0.0 0.007664 0.414240 0.015328 0.018854
3.0 0.472414 0.483240 0.016953 0.041937
3.0 0.319461 0.466833 0.014703 0.042875
3.0 0.470344 0.429823 0.022937 0.017354
3.0 0.572656 0.548958 0.135937 0.185417
3.0 0.354688 0.819792 0.196875 0.356250
3.0 0.487500 0.509375 0.050000 0.102083
