0.0 0.462500 0.555046 0.284375 0.706422
0.0 0.115625 0.449541 0.025000 0.073394
0.0 0.681250 0.600917 0.054688 0.100917
0.0 0.628125 0.596330 0.040625 0.096330
0.0 0.665625 0.509174 0.020313 0.073394
1.0 0.634375 0.522936 0.053125 0.082569
1.0 0.626563 0.463303 0.037500 0.073394
1.0 0.293750 0.490826 0.064062 0.311927
1.0 0.225000 0.444954 0.020313 0.091743
1.0 0.059375 0.463303 0.042188 0.091743
1.0 0.189063 0.454128 0.018750 0.055046
1.0 0.146875 0.449541 0.040625 0.137615
0.0 0.939063 0.490783 0.121875 0.981567
