3.0 0.429438 0.594383 0.858876 0.770797
3.0 0.594953 0.410516 0.514871 0.154938
3.0 0.592717 0.318078 0.323044 0.090969
3.0 0.690995 0.369539 0.423817 0.202109
3.0 0.463091 0.254547 0.102529 0.068406
3.0 0.946288 0.316937 0.043396 0.070250
3.0 0.350738 0.561609 0.222881 0.185875
3.0 0.881628 0.361109 0.132717 0.094375
3.0 0.905293 0.315133 0.070679 0.109828
3.0 0.448501 0.356398 0.329555 0.085297
3.0 0.949075 0.294492 0.074403 0.085078
3.0 0.888993 0.326445 0.117424 0.101828
3.0 0.978361 0.282359 0.043279 0.050594
