0.0 0.159375 0.959283 0.129688 0.063518
0.0 0.292187 0.959283 0.145313 0.063518
0.0 0.307812 0.921824 0.139063 0.063518
3.0 0.135937 0.933225 0.067187 0.035831
3.0 0.331250 0.879479 0.075000 0.027687
3.0 0.400000 0.877850 0.067187 0.047231
3.0 0.428125 0.869707 0.050000 0.043974
3.0 0.431250 0.807818 0.040625 0.039088
4.0 0.484375 0.884365 0.062500 0.081433
0.0 0.495312 0.819218 0.103125 0.063518
3.0 0.589063 0.868078 0.028125 0.048860
3.0 0.529687 0.783388 0.028125 0.024430
3.0 0.535937 0.762215 0.043750 0.022801
0.0 0.637500 0.861564 0.070312 0.094463
0.0 0.690625 0.770358 0.065625 0.048860
0.0 0.732812 0.721498 0.034375 0.048860
4.0 0.796875 0.721498 0.012500 0.043974
1.0 0.889062 0.755700 0.075000 0.081433
0.0 0.879687 0.672638 0.065625 0.070033
0.0 0.971875 0.677524 0.014063 0.034202
0.0 0.920312 0.656352 0.010937 0.019544
0.0 0.964063 0.628664 0.031250 0.030945
