4.0 0.161081 0.698206 0.322161 0.426305
0.0 0.670178 0.549461 0.275607 0.331069
4.0 0.554894 0.672177 0.254127 0.519412
4.0 0.270927 0.618486 0.212669 0.486746
4.0 0.423436 0.557060 0.159474 0.396183
0.0 0.084236 0.359935 0.136335 0.175056
4.0 0.899309 0.560376 0.186061 0.239154
4.0 0.216483 0.407985 0.108934 0.128548
0.0 0.123039 0.287092 0.152960 0.111031
0.0 0.383779 0.299183 0.049782 0.068888
4.0 0.310404 0.353966 0.048258 0.073620
0.0 0.725969 0.376606 0.057797 0.078763
0.0 0.445134 0.325427 0.036997 0.056442
0.0 0.905939 0.400072 0.127617 0.105301
4.0 0.753993 0.413592 0.061042 0.086066
3.0 0.346633 0.701577 0.055563 0.291763
