0.0 0.773440 0.639670 0.137160 0.260060
0.0 0.686950 0.605045 0.134700 0.184264
0.0 0.599460 0.547432 0.055600 0.105976
0.0 0.900700 0.661261 0.198600 0.386967
0.0 0.496130 0.495495 0.157140 0.280901
0.0 0.062080 0.623423 0.124160 0.233333
0.0 0.035250 0.813063 0.070500 0.346847
0.0 0.057580 0.530811 0.114320 0.090330
0.0 0.258850 0.552417 0.108820 0.180871
0.0 0.615190 0.486667 0.049420 0.048408
0.0 0.621200 0.571486 0.054080 0.109459
3.0 0.340620 0.591186 0.028640 0.086937
3.0 0.376760 0.572237 0.021920 0.067177
3.0 0.319630 0.604940 0.016900 0.056607
0.0 0.384670 0.536006 0.065020 0.121682
0.0 0.199860 0.589354 0.148040 0.168559
