0.0 0.930640 0.273530 0.088480 0.047500
0.0 0.236220 0.270770 0.201520 0.066700
0.0 0.720340 0.264310 0.140640 0.072140
0.0 0.170400 0.227860 0.040440 0.020240
0.0 0.513380 0.266410 0.165840 0.067100
0.0 0.421050 0.269720 0.175660 0.066200
0.0 0.062570 0.279690 0.124500 0.058100
0.0 0.983690 0.246960 0.032620 0.094400
0.0 0.330550 0.270440 0.107020 0.056640
0.0 0.435110 0.231150 0.045500 0.014900
0.0 0.232940 0.224060 0.073880 0.027360
0.0 0.148880 0.211190 0.044640 0.019340
1.0 0.265130 0.198390 0.051060 0.020740
0.0 0.845170 0.265720 0.158020 0.065960
0.0 0.683950 0.250620 0.202460 0.101240
