0.0 0.187500 0.608333 0.092188 0.094444
0.0 0.048438 0.705556 0.084375 0.163889
0.0 0.068750 0.647222 0.087500 0.138889
0.0 0.148438 0.552778 0.076563 0.127778
0.0 0.140625 0.463889 0.056250 0.069444
0.0 0.070312 0.475000 0.062500 0.066667
0.0 0.025000 0.491667 0.043750 0.033333
0.0 0.193750 0.427778 0.051562 0.063889
0.0 0.298438 0.397222 0.039062 0.038889
3.0 0.350000 0.733333 0.051562 0.191667
0.0 0.623437 0.291667 0.042188 0.094444
0.0 0.692188 0.300000 0.029687 0.038889
0.0 0.950000 0.508333 0.076563 0.094444
0.0 0.250000 0.858333 0.150000 0.250000
0.0 0.135938 0.908333 0.217188 0.180556
0.0 0.160937 0.730556 0.148438 0.161111
0.0 0.079688 0.872222 0.150000 0.197222
0.0 0.039062 0.558333 0.070312 0.088889
0.0 0.204688 0.561111 0.110937 0.091667
0.0 0.287500 0.577778 0.103125 0.150000
0.0 0.403125 0.569444 0.090625 0.130556
0.0 0.371875 0.291667 0.093750 0.094444
0.0 0.231250 0.402778 0.060937 0.044444
0.0 0.317187 0.444444 0.075000 0.072222
0.0 0.389062 0.466667 0.065625 0.075000
0.0 0.415625 0.422222 0.039062 0.072222
0.0 0.485938 0.411111 0.062500 0.116667
0.0 0.423438 0.308333 0.046875 0.066667
0.0 0.521875 0.238889 0.029687 0.044444
1.0 0.578125 0.233333 0.025000 0.047222
1.0 0.631250 0.200000 0.017188 0.038889
0.0 0.643750 0.241667 0.020313 0.027778
0.0 0.490625 0.225000 0.043750 0.055556
0.0 0.506250 0.300000 0.037500 0.061111
0.0 0.348437 0.369444 0.050000 0.058333
0.0 0.325000 0.347222 0.037500 0.030556
0.0 0.289062 0.369444 0.046875 0.041667
0.0 0.359375 0.411111 0.056250 0.086111
0.0 0.409375 0.363889 0.043750 0.050000
0.0 0.473437 0.469444 0.056250 0.091667
0.0 0.439063 0.511111 0.070312 0.116667
0.0 0.360938 0.669444 0.110937 0.183333
3.0 0.303125 0.719444 0.046875 0.186111
3.0 0.245313 0.691667 0.059375 0.100000
0.0 0.092187 0.508333 0.076563 0.055556
0.0 0.526562 0.347222 0.037500 0.080556
0.0 0.440625 0.411111 0.043750 0.066667
0.0 0.345313 0.519444 0.079687 0.094444
3.0 0.712500 0.219444 0.007812 0.022222
0.0 0.703125 0.202778 0.009375 0.022222
0.0 0.689063 0.200000 0.012500 0.025000
0.0 0.431250 0.255556 0.029687 0.038889
0.0 0.560937 0.300000 0.021875 0.055556
0.0 0.576562 0.238889 0.023438 0.061111
0.0 0.679688 0.702778 0.101562 0.169444
