0.0 0.212500 0.475000 0.420833 0.384375
0.0 0.437500 0.431250 0.091667 0.070312
0.0 0.560417 0.434375 0.100000 0.068750
3.0 0.610417 0.484375 0.085417 0.159375
4.0 0.695833 0.451562 0.102083 0.112500
4.0 0.775000 0.437500 0.060417 0.087500
4.0 0.729167 0.425000 0.052083 0.075000
4.0 0.825000 0.404687 0.072917 0.031250
0.0 0.877083 0.446875 0.179167 0.090625
0.0 0.933333 0.510938 0.133333 0.196875
0.0 0.581250 0.381250 0.162500 0.062500
4.0 0.947917 0.400000 0.068750 0.037500
0.0 0.926042 0.432812 0.085417 0.046875
