3.0 0.053125 0.861111 0.106250 0.266667
3.0 0.112500 0.669444 0.034375 0.072222
3.0 0.820312 0.625000 0.035937 0.055556
0.0 0.900000 0.633333 0.153125 0.097222
0.0 0.946875 0.841667 0.101562 0.219444
0.0 0.229687 0.716667 0.181250 0.250000
0.0 0.345313 0.675000 0.142187 0.158333
0.0 0.503125 0.613889 0.057813 0.058333
0.0 0.146875 0.600000 0.050000 0.080556
0.0 0.221875 0.577778 0.040625 0.027778
0.0 0.270313 0.591667 0.048438 0.038889
0.0 0.393750 0.591667 0.059375 0.047222
0.0 0.434375 0.588889 0.050000 0.038889
0.0 0.156250 0.533333 0.050000 0.075000
0.0 0.343750 0.563889 0.026562 0.030556
0.0 0.628125 0.688889 0.270313 0.222222
