3.0 0.533870 0.660213 0.619340 0.606453
3.0 0.942280 0.422747 0.042480 0.187840
3.0 0.897310 0.399373 0.078020 0.234693
3.0 0.848580 0.459480 0.148840 0.429573
3.0 0.369900 0.417147 0.120160 0.341120
3.0 0.229500 0.384400 0.138920 0.136160
3.0 0.877080 0.441013 0.062560 0.140213
3.0 0.610730 0.328947 0.059100 0.083920
0.0 0.807100 0.160213 0.166640 0.204640
3.0 0.786920 0.422680 0.056080 0.163867
3.0 0.197610 0.307453 0.092180 0.117787
3.0 0.031600 0.342800 0.039960 0.233653
3.0 0.680520 0.577613 0.051320 0.089253
0.0 0.367000 0.176000 0.730000 0.352000
