0.0 0.243750 0.511111 0.396875 0.461111
4.0 0.035937 0.663889 0.071874 0.266667
0.0 0.493750 0.483333 0.054688 0.072222
4.0 0.748437 0.530556 0.053125 0.133333
0.0 0.820312 0.538889 0.065625 0.127778
0.0 0.685937 0.469444 0.056250 0.113889
4.0 0.640625 0.486111 0.026562 0.088889
0.0 0.582812 0.458333 0.015625 0.041667
0.0 0.601562 0.458333 0.012500 0.044444
0.0 0.526563 0.472222 0.021875 0.052778
0.0 0.442188 0.475000 0.028125 0.102778
4.0 0.435937 0.494444 0.012500 0.061111
0.0 0.495312 0.444444 0.034375 0.041667
0.0 0.615625 0.480556 0.023438 0.077778
4.0 0.970313 0.613889 0.051562 0.261111
4.0 0.467187 0.466667 0.015625 0.041667
0.0 0.067187 0.877778 0.134374 0.238889
4.0 0.037500 0.572222 0.043750 0.111111
0.0 0.488281 0.545833 0.067187 0.086111
