0.0 0.573250 0.242906 0.186281 0.124812
0.0 0.940891 0.220729 0.074563 0.077583
3.0 0.101750 0.304146 0.158625 0.218625
3.0 0.223711 0.301917 0.102453 0.158125
3.0 0.933484 0.377677 0.130406 0.263104
3.0 0.047836 0.314427 0.095672 0.265604
3.0 0.682891 0.281438 0.075187 0.096375
3.0 0.717945 0.264302 0.027797 0.031688
3.0 0.822094 0.258313 0.075000 0.062042
3.0 0.859922 0.257188 0.032937 0.055542
3.0 0.927148 0.230458 0.097859 0.078167
3.0 0.164570 0.271510 0.080922 0.119354
3.0 0.522727 0.490479 0.837672 0.955833
