0.0 0.176562 0.375000 0.195312 0.308333
0.0 0.815625 0.747222 0.365625 0.500000
3.0 0.064063 0.502778 0.037500 0.111111
0.0 0.062500 0.372222 0.040625 0.119444
0.0 0.029687 0.352778 0.031250 0.083333
0.0 0.064063 0.300000 0.037500 0.072222
0.0 0.300000 0.422222 0.059375 0.111111
0.0 0.298438 0.355556 0.032813 0.052778
0.0 0.728125 0.447222 0.112500 0.202778
0.0 0.923437 0.463889 0.151562 0.136111
0.0 0.908594 0.327778 0.182812 0.138889
0.0 0.878125 0.397222 0.235937 0.141667
0.0 0.809375 0.422222 0.139063 0.111111
0.0 0.526562 0.413889 0.403125 0.558333
