0.0 0.514062 0.452778 0.104688 0.244444
0.0 0.276563 0.391667 0.073438 0.197222
0.0 0.284375 0.644444 0.071875 0.172222
0.0 0.151563 0.655556 0.209375 0.466667
4.0 0.159375 0.436111 0.032813 0.072222
4.0 0.043750 0.425000 0.056250 0.094444
4.0 0.654687 0.594444 0.053125 0.144444
0.0 0.779688 0.480556 0.143750 0.233333
0.0 0.919531 0.529167 0.160938 0.302778
0.0 0.423438 0.305556 0.029687 0.050000
0.0 0.423438 0.258333 0.026562 0.033333
4.0 0.228125 0.316667 0.020313 0.055556
0.0 0.157813 0.297222 0.029687 0.066667
0.0 0.237500 0.250000 0.028125 0.055556
4.0 0.250000 0.275000 0.020313 0.052778
0.0 0.545312 0.336111 0.032813 0.061111
0.0 0.589062 0.308333 0.078125 0.116667
0.0 0.560937 0.238889 0.045312 0.069444
0.0 0.451562 0.225000 0.028125 0.066667
4.0 0.639062 0.325000 0.026562 0.055556
0.0 0.949219 0.843056 0.101562 0.297222
