3.0 0.163148 0.796281 0.033578 0.060021
0.0 0.477555 0.781406 0.147859 0.173646
0.0 0.098602 0.875000 0.197203 0.245708
0.0 0.533687 0.728604 0.041469 0.057750
3.0 0.672562 0.772562 0.050281 0.100583
3.0 0.314992 0.752937 0.017578 0.051917
0.0 0.325016 0.734458 0.120250 0.054042
3.0 0.571953 0.740271 0.010875 0.029375
3.0 0.591016 0.728667 0.013500 0.037292
3.0 0.398219 0.742000 0.013688 0.029042
0.0 0.560844 0.730469 0.016156 0.034604
0.0 0.507039 0.709156 0.012734 0.008813
0.0 0.423109 0.735938 0.027281 0.028250
0.0 0.790906 0.828573 0.237656 0.259729
