3.0 0.939211 0.524531 0.091172 0.100312
0.0 0.191938 0.726875 0.383875 0.438708
0.0 0.523875 0.427448 0.077625 0.035563
0.0 0.070320 0.499937 0.140640 0.096792
0.0 0.822063 0.435115 0.087125 0.044521
0.0 0.954320 0.450990 0.065578 0.051354
0.0 0.978852 0.431406 0.042297 0.047146
0.0 0.740594 0.421052 0.024125 0.047438
0.0 0.190406 0.425063 0.062437 0.031625
0.0 0.435750 0.573688 0.273813 0.254958
0.0 0.360391 0.425750 0.055813 0.030500
0.0 0.649828 0.428760 0.071563 0.032979
0.0 0.865625 0.418750 0.093750 0.066667
