0.0 0.685576 0.921719 0.071191 0.041000
0.0 0.365576 0.941437 0.102207 0.051344
0.0 0.678018 0.885000 0.050723 0.017906
0.0 0.611445 0.878633 0.039336 0.028391
0.0 0.481826 0.883969 0.036348 0.024813
0.0 0.351543 0.991852 0.085977 0.014172
0.0 0.489951 0.869914 0.044551 0.030266
0.0 0.462227 0.901898 0.046094 0.039703
0.0 0.668828 0.860578 0.032070 0.016500
0.0 0.607773 0.858992 0.037227 0.026578
0.0 0.358760 0.976570 0.118848 0.046266
0.0 0.667051 0.905375 0.080234 0.037344
0.0 0.662988 0.876617 0.030352 0.016703
0.0 0.640625 0.850000 0.105469 0.040625
