0.0 0.789062 0.113889 0.153125 0.094444
0.0 0.246875 0.163889 0.392188 0.247222
0.0 0.084375 0.497222 0.165625 0.988889
0.0 0.515625 0.063889 0.185938 0.111111
0.0 0.525000 0.144444 0.181250 0.116667
0.0 0.489062 0.686111 0.690625 0.625000
0.0 0.553125 0.191667 0.223438 0.083333
0.0 0.685937 0.158333 0.092188 0.058333
0.0 0.892187 0.361111 0.214062 0.319444
0.0 0.720313 0.455556 0.339062 0.425000
0.0 0.457812 0.341667 0.175000 0.197222
0.0 0.254687 0.375000 0.134375 0.258333
0.0 0.182813 0.327778 0.106250 0.255556
0.0 0.373437 0.300000 0.095312 0.194444
0.0 0.343750 0.258333 0.129688 0.141667
0.0 0.560937 0.291667 0.153125 0.202778
0.0 0.714062 0.222222 0.139063 0.097222
0.0 0.760937 0.169444 0.062500 0.061111
0.0 0.462500 0.300000 0.146875 0.183333
0.0 0.976562 0.180556 0.045312 0.052778
0.0 0.798437 0.163889 0.042188 0.047222
