3.0 0.259555 0.598000 0.360672 0.323583
3.0 0.729781 0.593250 0.448313 0.400000
0.0 0.832742 0.090115 0.151984 0.105188
0.0 0.799086 0.215813 0.116547 0.068125
0.0 0.617992 0.241250 0.085766 0.071750
0.0 0.510328 0.254750 0.070656 0.062583
0.0 0.902727 0.201594 0.072484 0.037521
0.0 0.767523 0.210292 0.080984 0.075583
0.0 0.205680 0.286969 0.343328 0.188771
0.0 0.677258 0.200240 0.096047 0.055938
0.0 0.951945 0.142854 0.096109 0.140250
0.0 0.526594 0.216708 0.041781 0.016292
0.0 0.492914 0.216760 0.032453 0.019396
