4.0 0.175000 0.643868 0.231250 0.299528
4.0 0.050000 0.542453 0.056250 0.075472
4.0 0.550000 0.537736 0.037500 0.087264
0.0 0.828125 0.582547 0.090625 0.091981
0.0 0.676562 0.551887 0.089063 0.077830
0.0 0.767188 0.556604 0.051562 0.075472
0.0 0.792188 0.530660 0.101562 0.080189
0.0 0.973437 0.622642 0.048438 0.153302
0.0 0.456250 0.537736 0.070312 0.047170
0.0 0.417187 0.530660 0.040625 0.033019
0.0 0.675000 0.497642 0.064062 0.023585
4.0 0.245312 0.523585 0.039062 0.040094
4.0 0.176563 0.521226 0.023438 0.037736
0.0 0.017188 0.541371 0.034375 0.033097
3.0 0.038281 0.568558 0.029687 0.035461
