0.0 0.059375 0.525000 0.114062 0.102778
0.0 0.325000 0.819444 0.307812 0.355556
0.0 0.165625 0.788889 0.279687 0.336111
0.0 0.301562 0.375000 0.314063 0.319444
4.0 0.090625 0.447222 0.118750 0.105556
0.0 0.092187 0.694444 0.181250 0.358333
0.0 0.275000 0.561111 0.182812 0.183333
0.0 0.451562 0.391667 0.057813 0.125000
0.0 0.432813 0.602778 0.206250 0.255556
0.0 0.420312 0.530556 0.157812 0.172222
3.0 0.393750 0.486111 0.028125 0.063889
0.0 0.628125 0.600000 0.156250 0.222222
0.0 0.593750 0.475000 0.118750 0.155556
0.0 0.601562 0.294444 0.171875 0.250000
0.0 0.528125 0.247222 0.053125 0.102778
0.0 0.676563 0.363889 0.085938 0.130556
0.0 0.739063 0.427778 0.064062 0.141667
0.0 0.739063 0.300000 0.070312 0.113889
0.0 0.793750 0.316667 0.059375 0.130556
3.0 0.851562 0.308333 0.025000 0.047222
0.0 0.717187 0.269444 0.032813 0.066667
0.0 0.720313 0.241667 0.053125 0.075000
0.0 0.770313 0.241667 0.037500 0.075000
0.0 0.785938 0.211111 0.025000 0.052778
0.0 0.759375 0.200000 0.029687 0.058333
0.0 0.815625 0.219444 0.046875 0.061111
0.0 0.854687 0.197222 0.035937 0.063889
0.0 0.706250 0.155556 0.073438 0.100000
0.0 0.804688 0.111111 0.048438 0.086111
0.0 0.896875 0.169444 0.035937 0.047222
0.0 0.865625 0.138889 0.028125 0.047222
0.0 0.843750 0.122222 0.018750 0.027778
0.0 0.892187 0.127778 0.018750 0.025000
0.0 0.928125 0.111111 0.018750 0.038889
0.0 0.770313 0.127778 0.026562 0.050000
0.0 0.818750 0.866667 0.182812 0.261111
3.0 0.840625 0.677778 0.051562 0.130556
0.0 0.965625 0.961111 0.067187 0.072222
0.0 0.973438 0.755556 0.053124 0.263889
0.0 0.889063 0.577778 0.092188 0.175000
0.0 0.981250 0.544444 0.037500 0.144444
0.0 0.901563 0.452778 0.087500 0.127778
0.0 0.925000 0.375000 0.068750 0.088889
0.0 0.979687 0.427778 0.040625 0.108333
0.0 0.982031 0.359722 0.035937 0.080556
0.0 0.937500 0.300000 0.060937 0.105556
0.0 0.960938 0.222222 0.040625 0.061111
0.0 0.985156 0.301389 0.029687 0.063889
0.0 0.967187 0.188889 0.026562 0.016667
0.0 0.975000 0.169444 0.021875 0.027778
0.0 0.976562 0.150000 0.017188 0.019444
0.0 0.978125 0.130556 0.018750 0.027778
0.0 0.995313 0.205556 0.009374 0.036111
0.0 0.842188 0.083333 0.023438 0.052778
0.0 0.985937 0.105556 0.017188 0.030556
