0.0 0.485938 0.650000 0.357812 0.694444
0.0 0.198438 0.513889 0.232813 0.502778
0.0 0.859375 0.477778 0.281250 0.477778
0.0 0.785938 0.352778 0.171875 0.302778
0.0 0.904688 0.241667 0.171875 0.083333
0.0 0.967187 0.177778 0.064062 0.058333
0.0 0.921875 0.163889 0.045312 0.050000
0.0 0.876562 0.177778 0.101562 0.077778
0.0 0.773438 0.186111 0.096875 0.058333
0.0 0.657813 0.300000 0.101562 0.252778
0.0 0.651562 0.163889 0.085938 0.063889
0.0 0.548438 0.286111 0.135937 0.230556
0.0 0.434375 0.233333 0.081250 0.152778
0.0 0.373437 0.175000 0.073438 0.052778
0.0 0.356250 0.277778 0.160938 0.161111
0.0 0.279687 0.213889 0.104688 0.091667
0.0 0.209375 0.200000 0.089063 0.075000
0.0 0.201562 0.161111 0.068750 0.061111
0.0 0.125000 0.177778 0.060937 0.052778
0.0 0.100000 0.294444 0.093750 0.230556
0.0 0.179688 0.250000 0.168750 0.105556
0.0 0.384375 0.147222 0.100000 0.075000
0.0 0.018750 0.205556 0.032813 0.075000
0.0 0.260938 0.152778 0.051562 0.061111
0.0 0.979687 0.208333 0.040625 0.088889
