0.0 0.214234 0.956663 0.111969 0.085024
0.0 0.111930 0.925483 0.108672 0.089033
1.0 0.077016 0.833408 0.065687 0.041816
0.0 0.688898 0.937134 0.046578 0.038656
0.0 0.421180 0.919481 0.078859 0.054575
0.0 0.325109 0.855696 0.044375 0.028278
0.0 0.168273 0.943432 0.106047 0.079835
0.0 0.824195 0.972358 0.071891 0.055283
0.0 0.935109 0.937441 0.031031 0.034882
0.0 0.980023 0.945248 0.039953 0.062005
0.0 0.702742 0.967559 0.076484 0.059929
0.0 0.760906 0.978384 0.068750 0.043231
0.0 0.523141 0.986934 0.096719 0.026132
0.0 0.791133 0.917300 0.038328 0.035165
0.0 0.638852 0.907724 0.044234 0.030637
0.0 0.553469 0.938267 0.065906 0.037382
0.0 0.500000 0.895047 0.996875 0.205189
0.0 0.380469 0.972877 0.129688 0.049528
