0.0 0.511422 0.310146 0.178031 0.115958
0.0 0.600516 0.501031 0.171563 0.145437
1.0 0.428734 0.156542 0.042094 0.058208
0.0 0.775141 0.610458 0.273938 0.271667
0.0 0.888883 0.249635 0.110516 0.093271
0.0 0.929625 0.509312 0.140750 0.211333
0.0 0.103016 0.705542 0.187781 0.316917
0.0 0.937898 0.272135 0.124203 0.094563
0.0 0.756406 0.225781 0.070719 0.060604
0.0 0.012969 0.323458 0.022219 0.079000
0.0 0.413461 0.304969 0.109453 0.089938
0.0 0.673781 0.205927 0.092125 0.046312
0.0 0.641773 0.197094 0.083516 0.044437
0.0 0.498133 0.237729 0.087297 0.055250
0.0 0.436719 0.201042 0.870313 0.235417
0.0 0.326562 0.286458 0.087500 0.064583
0.0 0.553906 0.218750 0.095312 0.087500
0.0 0.840625 0.221875 0.118750 0.077083
