0.0 0.310937 0.588889 0.615625 0.741667
0.0 0.642188 0.352778 0.428125 0.280556
0.0 0.934375 0.438889 0.128125 0.347222
0.0 0.321875 0.255556 0.262500 0.150000
0.0 0.132812 0.183333 0.131250 0.105556
0.0 0.376563 0.175000 0.070312 0.080556
0.0 0.595313 0.177778 0.143750 0.058333
0.0 0.782813 0.127778 0.137500 0.113889
0.0 0.487500 0.161111 0.090625 0.094444
0.0 0.710938 0.194444 0.146875 0.113889
0.0 0.632812 0.127778 0.085938 0.044444
0.0 0.585938 0.133333 0.076563 0.050000
0.0 0.965625 0.211111 0.064062 0.180556
0.0 0.300000 0.173611 0.096875 0.063889
0.0 0.531250 0.145833 0.093750 0.063889
0.0 0.418750 0.173611 0.090625 0.086111
