0.0 0.319438 0.363502 0.045906 0.056728
0.0 0.253891 0.367154 0.052500 0.053111
0.0 0.144633 0.348618 0.054922 0.033917
0.0 0.622031 0.351325 0.052844 0.037903
0.0 0.903008 0.358859 0.029766 0.047120
0.0 0.399539 0.356855 0.029266 0.023018
0.0 0.785883 0.359781 0.068734 0.053387
0.0 0.874930 0.360887 0.034328 0.030760
1.0 0.827133 0.356694 0.049141 0.044585
1.0 0.350164 0.355945 0.047609 0.048018
1.0 0.031359 0.354631 0.043438 0.070230
1.0 0.525211 0.355922 0.032516 0.066037
0.0 0.736656 0.367707 0.029656 0.053618
0.0 0.936719 0.345622 0.045312 0.036866
