0.0 0.685417 0.481250 0.481250 0.201563
0.0 0.300000 0.415625 0.110417 0.057813
0.0 0.350000 0.403125 0.054167 0.042188
3.0 0.183333 0.404687 0.031250 0.042188
0.0 0.214583 0.403125 0.037500 0.034375
3.0 0.018750 0.403125 0.020833 0.039062
0.0 0.085417 0.403125 0.060417 0.031250
0.0 0.156250 0.385937 0.039583 0.035937
0.0 0.168750 0.398438 0.020833 0.026562
0.0 0.243750 0.395313 0.035417 0.020313
0.0 0.100000 0.376563 0.029167 0.010937
0.0 0.120833 0.390625 0.016667 0.017188
0.0 0.072917 0.378125 0.018750 0.007812
