0.0 0.657812 0.060242 0.083341 0.051516
0.0 0.845435 0.130320 0.125035 0.059297
0.0 0.668012 0.172758 0.117906 0.062641
3.0 0.249682 0.502219 0.077200 0.103375
3.0 0.574388 0.410938 0.092071 0.090906
3.0 0.680071 0.507422 0.068329 0.094594
3.0 0.443376 0.170141 0.059929 0.053250
3.0 0.959141 0.190062 0.060259 0.066844
3.0 0.686812 0.206602 0.112165 0.067891
3.0 0.507294 0.124883 0.052659 0.047328
3.0 0.469929 0.071922 0.033035 0.035656
3.0 0.602106 0.150180 0.061012 0.052203
3.0 0.492682 0.050258 0.032612 0.033891
3.0 0.488565 0.026078 0.029553 0.013344
0.0 0.649694 0.014977 0.062212 0.027109
0.0 0.662882 0.107781 0.089388 0.053594
0.0 0.842635 0.092188 0.101647 0.048906
0.0 0.811494 0.056914 0.081812 0.039453
0.0 0.799847 0.026078 0.071882 0.037719
0.0 0.758682 0.010852 0.058635 0.021703
3.0 0.608541 0.087180 0.043906 0.038109
0.0 0.717859 0.984289 0.276847 0.030922
0.0 0.282000 0.042508 0.108518 0.056234
3.0 0.554506 0.036844 0.030894 0.029750
