0.0 0.596147 0.587856 0.073709 0.170722
0.0 0.558078 0.522597 0.034597 0.064175
0.0 0.501812 0.524368 0.082233 0.073322
0.0 0.444103 0.492769 0.035872 0.061355
3.0 0.412623 0.506797 0.029300 0.036625
0.0 0.669134 0.555065 0.048817 0.071984
3.0 0.721254 0.585942 0.041093 0.053075
4.0 0.788330 0.594619 0.040018 0.094725
4.0 0.854255 0.597114 0.029130 0.066452
0.0 0.930867 0.613059 0.030037 0.054629
3.0 0.905345 0.618807 0.026259 0.030262
0.0 0.366999 0.488827 0.062791 0.073792
4.0 0.317797 0.455312 0.025598 0.048086
4.0 0.302426 0.453323 0.020132 0.050363
0.0 0.141140 0.652677 0.208980 0.656856
0.0 0.709490 0.530119 0.031633 0.093640
