3.0 0.040548 0.680086 0.039283 0.116726
3.0 0.083605 0.686282 0.045197 0.127307
3.0 0.145436 0.681874 0.034712 0.124940
0.0 0.014291 0.673474 0.028581 0.086959
4.0 0.163317 0.658741 0.017559 0.053270
0.0 0.307543 0.664382 0.059092 0.081135
4.0 0.369823 0.666237 0.040988 0.092458
3.0 0.445537 0.731899 0.041212 0.095590
4.0 0.478207 0.667236 0.039464 0.095196
4.0 0.189975 0.659090 0.024548 0.054848
0.0 0.123755 0.651757 0.024731 0.033317
4.0 0.585514 0.678025 0.053710 0.126146
4.0 0.708142 0.704453 0.112397 0.225680
3.0 0.407456 0.695936 0.026296 0.055242
