0.0 0.081016 0.806059 0.094625 0.119064
0.0 0.467969 0.766318 0.047969 0.097857
0.0 0.152742 0.814039 0.037672 0.067685
0.0 0.923094 0.722956 0.153812 0.206700
0.0 0.314539 0.685899 0.272484 0.364655
1.0 0.687359 0.626897 0.385188 0.494877
0.0 0.142227 0.663190 0.013172 0.019089
0.0 0.169828 0.669938 0.017313 0.022931
0.0 0.122531 0.802746 0.020188 0.085394
0.0 0.172938 0.712980 0.012594 0.045764
0.0 0.162055 0.643892 0.011828 0.020591
0.0 0.140320 0.650554 0.013797 0.017956
0.0 0.481289 0.747155 0.048203 0.126232
0.0 0.874219 0.600985 0.098437 0.054187
0.0 0.024219 0.758621 0.042188 0.044335
