0.0 0.579688 0.563889 0.081250 0.130556
0.0 0.684375 0.769444 0.126562 0.194444
3.0 0.423438 0.788889 0.054688 0.191667
0.0 0.510937 0.741667 0.079687 0.202778
3.0 0.348437 0.708333 0.045312 0.177778
0.0 0.357812 0.400000 0.079687 0.216667
0.0 0.370313 0.508333 0.070312 0.161111
3.0 0.164062 0.750000 0.043750 0.172222
0.0 0.309375 0.888889 0.151562 0.213889
0.0 0.564063 0.463889 0.050000 0.102778
3.0 0.273438 0.761111 0.042188 0.147222
0.0 0.451562 0.300000 0.073438 0.136111
0.0 0.562500 0.366667 0.046875 0.063889
0.0 0.340625 0.619444 0.092188 0.150000
3.0 0.279687 0.438889 0.026562 0.100000
0.0 0.470313 0.469444 0.100000 0.202778
0.0 0.954688 0.675000 0.090625 0.158333
3.0 0.298438 0.422222 0.023438 0.100000
4.0 0.306250 0.286111 0.025000 0.072222
0.0 0.409375 0.302778 0.020313 0.061111
0.0 0.379687 0.166667 0.032813 0.061111
0.0 0.429688 0.158333 0.035937 0.050000
0.0 0.553125 0.915278 0.146875 0.163889
3.0 0.207031 0.911111 0.048438 0.138889
