0.0 0.909375 0.688889 0.145313 0.102778
0.0 0.732812 0.705556 0.195312 0.100000
0.0 0.660938 0.672222 0.104688 0.061111
0.0 0.621875 0.850000 0.457813 0.283333
0.0 0.198438 0.841667 0.256250 0.308333
0.0 0.285937 0.700000 0.092188 0.094444
0.0 0.212500 0.683333 0.064062 0.075000
0.0 0.450000 0.655556 0.050000 0.030556
3.0 0.082812 0.755556 0.050000 0.136111
3.0 0.056250 0.686111 0.029687 0.080556
0.0 0.139062 0.658333 0.057813 0.072222
0.0 0.484375 0.738889 0.142187 0.088889
0.0 0.218750 0.625000 0.026562 0.027778
