4.0 0.603238 0.591161 0.137119 0.364501
0.0 0.414943 0.625349 0.155100 0.389837
0.0 0.701716 0.281560 0.217190 0.174506
4.0 0.463099 0.505402 0.059555 0.176642
4.0 0.086081 0.645952 0.096799 0.168374
4.0 0.506753 0.461892 0.039608 0.116790
0.0 0.591526 0.333629 0.047245 0.079592
4.0 0.214879 0.815443 0.341258 0.369114
4.0 0.681400 0.425919 0.084859 0.175986
4.0 0.738846 0.462194 0.198041 0.295739
4.0 0.796833 0.519315 0.245458 0.434720
4.0 0.857170 0.565896 0.285660 0.553307
4.0 0.861907 0.614980 0.276186 0.531563
4.0 0.303327 0.509762 0.045478 0.090348
4.0 0.588791 0.397512 0.031886 0.052240
4.0 0.548100 0.410089 0.026643 0.056270
4.0 0.566108 0.410526 0.029834 0.060082
3.0 0.696003 0.536973 0.085173 0.164780
