0.0 0.386928 0.593054 0.144641 0.245150
0.0 0.387323 0.849108 0.142191 0.232765
0.0 0.047294 0.870586 0.094589 0.172578
0.0 0.315721 0.555878 0.153897 0.258878
0.0 0.429819 0.340654 0.063597 0.076818
0.0 0.425801 0.414628 0.073003 0.092956
4.0 0.144029 0.947797 0.089515 0.104406
4.0 0.157604 0.894438 0.088860 0.131789
4.0 0.225669 0.881007 0.079342 0.167996
4.0 0.147579 0.732979 0.056940 0.077885
4.0 0.156498 0.682433 0.049685 0.069312
0.0 0.762877 0.794516 0.137946 0.191462
0.0 0.684265 0.749044 0.142490 0.237584
0.0 0.240926 0.682848 0.086316 0.090822
0.0 0.592393 0.462254 0.108270 0.173705
0.0 0.956566 0.632783 0.086868 0.127463
0.0 0.146661 0.579481 0.065953 0.060621
0.0 0.069510 0.723991 0.077098 0.131849
0.0 0.034461 0.775368 0.068923 0.055287
4.0 0.043329 0.524251 0.025917 0.038439
0.0 0.626090 0.616602 0.088971 0.079444
4.0 0.614666 0.682279 0.065729 0.165310
4.0 0.930833 0.780889 0.073545 0.128767
4.0 0.829351 0.727733 0.068086 0.149113
4.0 0.816505 0.659527 0.069150 0.085054
4.0 0.891620 0.676416 0.078800 0.132184
0.0 0.747970 0.526689 0.119639 0.140243
4.0 0.853004 0.581583 0.056641 0.073065
0.0 0.067339 0.578058 0.068757 0.051652
0.0 0.118443 0.541141 0.068906 0.054062
0.0 0.217064 0.631451 0.057893 0.066171
0.0 0.229422 0.414349 0.045888 0.035239
4.0 0.232358 0.489390 0.028667 0.055643
4.0 0.191968 0.504678 0.030069 0.051159
0.0 0.011157 0.700544 0.022313 0.102990
0.0 0.346778 0.418024 0.092579 0.056353
4.0 0.789874 0.452557 0.034071 0.061470
4.0 0.959757 0.553199 0.053742 0.053450
0.0 0.271873 0.765169 0.104143 0.161379
0.0 0.335051 0.922711 0.189477 0.128093
