0.0 0.765773 0.552667 0.111859 0.116125
0.0 0.500602 0.543563 0.131859 0.172583
0.0 0.227211 0.542687 0.060484 0.084667
0.0 0.096391 0.544865 0.192781 0.232604
0.0 0.348445 0.535458 0.040672 0.056042
0.0 0.383789 0.534563 0.034109 0.050667
0.0 0.269828 0.527781 0.038062 0.048771
0.0 0.300969 0.528646 0.032969 0.043042
0.0 0.323102 0.529604 0.020859 0.034833
0.0 0.428227 0.534062 0.017891 0.038750
0.0 0.643766 0.541969 0.058437 0.059187
0.0 0.906805 0.552323 0.186391 0.162354
0.0 0.410070 0.534000 0.021734 0.045125
0.0 0.433594 0.537500 0.517188 0.129167
