0.0 0.418008 0.862922 0.058797 0.050329
0.0 0.278766 0.920412 0.130500 0.106337
0.0 0.766219 0.926965 0.430031 0.101132
0.0 0.415883 0.848045 0.064484 0.049877
0.0 0.376898 0.853549 0.029391 0.045165
0.0 0.356109 0.851471 0.017563 0.042243
0.0 0.648500 0.882706 0.116062 0.127963
0.0 0.468836 0.858879 0.049391 0.066975
1.0 0.204586 0.790597 0.063547 0.075226
0.0 0.731063 0.834218 0.078531 0.099465
0.0 0.297156 0.839537 0.047344 0.054918
0.0 0.498781 0.600545 0.077750 0.013971
1.0 0.873125 0.782171 0.223687 0.289609
0.0 0.233445 0.844938 0.091703 0.074198
0.0 0.515148 0.899753 0.127078 0.150329
0.0 0.343750 0.862140 0.684375 0.271605
