0.0 0.505556 0.546875 0.638889 0.248438
3.0 0.872222 0.485938 0.163889 0.171875
4.0 0.686111 0.421875 0.166667 0.121875
0.0 0.333333 0.415625 0.138889 0.089063
0.0 0.530556 0.414062 0.194444 0.039062
0.0 0.750000 0.375000 0.486111 0.106250
0.0 0.922222 0.446875 0.150000 0.117188
0.0 0.150000 0.365625 0.236111 0.073438
0.0 0.291667 0.351562 0.075000 0.040625
4.0 0.425000 0.390625 0.044444 0.057813
4.0 0.352778 0.367188 0.033333 0.015625
4.0 0.197222 0.415625 0.130556 0.095312
4.0 0.036111 0.390625 0.061111 0.057813
4.0 0.052778 0.687500 0.100000 0.410938
4.0 0.497222 0.379688 0.030556 0.032813
4.0 0.388889 0.365625 0.027778 0.014063
0.0 0.950000 0.589844 0.094444 0.139063
0.0 0.791667 0.404687 0.127778 0.062500
