0.0 0.915625 0.680556 0.164062 0.625000
0.0 0.901563 0.405556 0.193750 0.261111
0.0 0.645313 0.444444 0.131250 0.183333
0.0 0.729687 0.450000 0.073438 0.116667
0.0 0.412500 0.377778 0.028125 0.111111
3.0 0.304688 0.358333 0.037500 0.111111
0.0 0.348437 0.338889 0.065625 0.075000
3.0 0.246875 0.327778 0.020313 0.072222
4.0 0.168750 0.347222 0.060937 0.161111
4.0 0.110938 0.336111 0.046875 0.183333
4.0 0.053125 0.330556 0.100000 0.188889
3.0 0.743750 0.416667 0.026562 0.050000
0.0 0.390625 0.327778 0.059375 0.055556
0.0 0.117188 0.716667 0.221875 0.547222
