3.0 0.798141 0.811944 0.372906 0.376111
3.0 0.080945 0.758575 0.161891 0.329420
3.0 0.087789 0.589396 0.175578 0.280193
3.0 0.095984 0.415954 0.191969 0.171280
3.0 0.109250 0.420833 0.061844 0.065918
3.0 0.536648 0.363659 0.060547 0.111812
3.0 0.511766 0.343623 0.059281 0.093575
3.0 0.494938 0.336727 0.063125 0.091957
3.0 0.031250 0.371486 0.062500 0.070556
3.0 0.783734 0.315737 0.017750 0.073019
3.0 0.070594 0.303333 0.055500 0.070821
3.0 0.490836 0.267234 0.038172 0.044275
3.0 0.060836 0.397331 0.121672 0.079251
3.0 0.495313 0.638889 0.987500 0.717391
