3.0 0.547010 0.804984 0.236100 0.268156
3.0 0.340310 0.753969 0.220700 0.203250
3.0 0.245670 0.706359 0.174020 0.177531
3.0 0.748260 0.731672 0.109480 0.188594
3.0 0.928180 0.721812 0.094360 0.163062
3.0 0.465490 0.753109 0.087140 0.173594
3.0 0.633400 0.690734 0.043840 0.124781
3.0 0.816360 0.685875 0.071040 0.144750
3.0 0.676900 0.733297 0.056800 0.073844
3.0 0.858520 0.663234 0.034480 0.092906
3.0 0.081850 0.743500 0.163700 0.110813
3.0 0.140520 0.669000 0.064840 0.082063
3.0 0.072320 0.683422 0.050720 0.105969
3.0 0.162750 0.696078 0.020940 0.026781
