4.0 0.964844 0.802817 0.070312 0.178404
4.0 0.982812 0.647887 0.034375 0.105634
4.0 0.887500 0.650235 0.073438 0.098592
4.0 0.800000 0.638498 0.070312 0.098592
4.0 0.756250 0.591549 0.050000 0.082160
4.0 0.785938 0.575117 0.017188 0.056338
4.0 0.296875 0.647887 0.035937 0.145540
4.0 0.241406 0.914319 0.076563 0.161972
4.0 0.146875 0.828638 0.076563 0.218310
4.0 0.229688 0.734742 0.060937 0.131455
4.0 0.168750 0.701878 0.060937 0.117371
4.0 0.204688 0.638498 0.040625 0.089202
4.0 0.243750 0.673709 0.056250 0.107981
3.0 0.289062 0.861502 0.034375 0.169014
0.0 0.415625 0.612676 0.076563 0.194836
3.0 0.564063 0.586854 0.034375 0.063380
0.0 0.501563 0.600939 0.070312 0.107981
0.0 0.556250 0.690141 0.067187 0.157277
0.0 0.667187 0.814554 0.179688 0.363850
0.0 0.403906 0.888498 0.189062 0.213615
0.0 0.371875 0.785211 0.134375 0.420188
0.0 0.285937 0.577465 0.056250 0.091549
0.0 0.982812 0.946009 0.031250 0.082160
0.0 0.778125 0.694836 0.115625 0.119718
4.0 0.987500 0.584507 0.025000 0.046948
4.0 0.992188 0.551643 0.015625 0.028169
4.0 0.985937 0.521127 0.023438 0.049296
4.0 0.910937 0.521127 0.025000 0.030516
4.0 0.885938 0.518779 0.021875 0.032864
4.0 0.868750 0.509390 0.023438 0.037559
4.0 0.906250 0.483568 0.021875 0.021127
4.0 0.842188 0.483568 0.023438 0.018779
4.0 0.820312 0.471831 0.020313 0.023474
4.0 0.798437 0.467136 0.023438 0.032864
4.0 0.776562 0.450704 0.021875 0.023474
4.0 0.875000 0.478873 0.018750 0.023474
0.0 0.798437 0.507042 0.092188 0.046948
0.0 0.885938 0.577465 0.126562 0.075117
0.0 0.806250 0.544601 0.106250 0.089202
0.0 0.651562 0.497653 0.037500 0.063380
0.0 0.626563 0.448357 0.043750 0.044601
0.0 0.628125 0.544601 0.071875 0.098592
0.0 0.757812 0.488263 0.048438 0.061033
0.0 0.679688 0.457746 0.050000 0.046948
4.0 0.804688 0.436620 0.017188 0.023474
4.0 0.781250 0.431925 0.015625 0.014085
4.0 0.762500 0.424883 0.018750 0.023474
4.0 0.751562 0.443662 0.020313 0.023474
4.0 0.710938 0.436620 0.015625 0.023474
4.0 0.728125 0.429577 0.010937 0.023474
4.0 0.704688 0.417840 0.021875 0.028169
4.0 0.668750 0.415493 0.018750 0.032864
4.0 0.651562 0.410798 0.012500 0.023474
4.0 0.678125 0.408451 0.017188 0.037559
4.0 0.834375 0.460094 0.015625 0.023474
3.0 0.687500 0.413146 0.009375 0.028169
4.0 0.571875 0.474178 0.054688 0.053991
3.0 0.537500 0.438967 0.015625 0.039906
4.0 0.585938 0.427230 0.021875 0.037559
4.0 0.556250 0.413146 0.015625 0.037559
4.0 0.526562 0.396714 0.015625 0.028169
0.0 0.632812 0.422535 0.032813 0.018779
0.0 0.604687 0.415493 0.031250 0.028169
0.0 0.578125 0.401408 0.026562 0.028169
0.0 0.564063 0.392019 0.021875 0.025822
0.0 0.546875 0.384977 0.029687 0.028169
4.0 0.607812 0.389671 0.012500 0.018779
4.0 0.593750 0.384977 0.012500 0.018779
0.0 0.595313 0.368545 0.015625 0.018779
4.0 0.573437 0.373239 0.010937 0.014085
4.0 0.528125 0.356808 0.010937 0.016432
4.0 0.510937 0.349765 0.009375 0.016432
0.0 0.506250 0.422535 0.025000 0.032864
0.0 0.487500 0.396714 0.034375 0.028169
0.0 0.498437 0.361502 0.015625 0.018779
0.0 0.445312 0.429577 0.029687 0.042254
0.0 0.437500 0.410798 0.021875 0.028169
0.0 0.404687 0.471831 0.059375 0.136150
0.0 0.365625 0.469484 0.028125 0.058685
3.0 0.328125 0.488263 0.015625 0.056338
0.0 0.345313 0.443662 0.028125 0.042254
0.0 0.375000 0.424883 0.023438 0.032864
0.0 0.348437 0.420188 0.021875 0.028169
0.0 0.357812 0.410798 0.025000 0.032864
4.0 0.210938 0.579812 0.035937 0.070423
4.0 0.217187 0.535211 0.037500 0.077465
3.0 0.025000 0.861502 0.034375 0.119718
3.0 0.040625 0.800469 0.078125 0.089202
4.0 0.142188 0.612676 0.040625 0.075117
4.0 0.153125 0.577465 0.037500 0.082160
4.0 0.093750 0.582160 0.050000 0.086854
4.0 0.043750 0.561033 0.040625 0.079812
4.0 0.010938 0.551643 0.017188 0.077465
4.0 0.239062 0.495305 0.040625 0.063380
4.0 0.267188 0.460094 0.026562 0.023474
4.0 0.196875 0.476526 0.021875 0.032864
0.0 0.151563 0.518779 0.109375 0.061033
0.0 0.051562 0.495305 0.100000 0.089202
4.0 0.015625 0.455399 0.021875 0.025822
0.0 0.106250 0.485915 0.015625 0.051643
0.0 0.278125 0.504695 0.056250 0.065728
4.0 0.314063 0.434272 0.018750 0.032864
0.0 0.256250 0.457746 0.043750 0.042254
0.0 0.275000 0.434272 0.028125 0.028169
0.0 0.285937 0.417840 0.028125 0.025822
4.0 0.310937 0.415493 0.014063 0.018779
4.0 0.326562 0.408451 0.012500 0.030516
0.0 0.354688 0.384977 0.012500 0.014085
0.0 0.368750 0.387324 0.012500 0.014085
0.0 0.370313 0.368545 0.015625 0.011737
0.0 0.421875 0.377934 0.025000 0.037559
0.0 0.368750 0.345070 0.010937 0.018779
0.0 0.351562 0.340376 0.012500 0.018779
0.0 0.384375 0.349765 0.007812 0.016432
0.0 0.356250 0.321596 0.012500 0.014085
0.0 0.373437 0.319249 0.014063 0.014085
0.0 0.329688 0.356808 0.015625 0.016432
0.0 0.387500 0.382629 0.017188 0.018779
0.0 0.431250 0.335681 0.012500 0.016432
0.0 0.448438 0.328638 0.012500 0.014085
4.0 0.620312 0.392019 0.012500 0.025822
0.0 0.539062 0.427230 0.037500 0.037559
0.0 0.481250 0.494118 0.090625 0.145882
3.0 0.135156 0.888235 0.035937 0.105882
