0.0 0.507812 0.100000 0.123438 0.094444
0.0 0.353125 0.144444 0.168750 0.102778
0.0 0.134375 0.183333 0.264062 0.244444
0.0 0.056250 0.505556 0.109375 0.447222
0.0 0.092187 0.413889 0.171875 0.336111
0.0 0.040625 0.236111 0.078125 0.069444
0.0 0.104688 0.333333 0.167187 0.244444
0.0 0.418750 0.683333 0.585938 0.630556
0.0 0.859375 0.658333 0.281250 0.672222
0.0 0.843750 0.413889 0.306250 0.363889
0.0 0.960156 0.229167 0.079687 0.063889
0.0 0.459375 0.369444 0.290625 0.213889
0.0 0.331250 0.327778 0.176563 0.175000
0.0 0.304688 0.308333 0.181250 0.205556
0.0 0.251563 0.241667 0.125000 0.163889
0.0 0.495313 0.263889 0.187500 0.091667
0.0 0.606250 0.277778 0.139063 0.152778
0.0 0.829687 0.213889 0.153125 0.061111
0.0 0.554688 0.136111 0.073438 0.066667
0.0 0.471875 0.161111 0.042188 0.044444
