1.0 0.517188 0.825658 0.107813 0.332237
0.0 0.223437 0.921053 0.100000 0.141447
0.0 0.893750 0.779605 0.064062 0.141447
0.0 0.834375 0.726974 0.062500 0.125000
0.0 0.757812 0.684211 0.046875 0.105263
3.0 0.804688 0.654605 0.028125 0.046053
3.0 0.796875 0.631579 0.028125 0.032895
3.0 0.801563 0.588816 0.023438 0.036184
0.0 0.768750 0.595395 0.048438 0.062500
4.0 0.712500 0.608553 0.023438 0.078947
4.0 0.673438 0.625000 0.023438 0.082237
4.0 0.645313 0.562500 0.017188 0.049342
4.0 0.665625 0.559211 0.017188 0.052632
4.0 0.634375 0.526316 0.014063 0.046053
4.0 0.628125 0.496711 0.010937 0.039474
0.0 0.664062 0.506579 0.028125 0.046053
0.0 0.614063 0.519737 0.017188 0.046053
4.0 0.576562 0.467105 0.009375 0.029605
0.0 0.571875 0.440789 0.020313 0.049342
0.0 0.646875 0.490132 0.014063 0.036184
1.0 0.520313 0.467105 0.021875 0.065789
4.0 0.487500 0.536184 0.012500 0.052632
4.0 0.471875 0.542763 0.014063 0.049342
4.0 0.498437 0.463816 0.006250 0.029605
4.0 0.485938 0.470395 0.007812 0.029605
4.0 0.501563 0.437500 0.006250 0.016447
0.0 0.492188 0.450658 0.007812 0.026316
0.0 0.467187 0.450658 0.010937 0.026316
0.0 0.473437 0.444079 0.009375 0.019737
0.0 0.450000 0.513158 0.025000 0.059211
0.0 0.434375 0.493421 0.017188 0.039474
4.0 0.445312 0.598684 0.017188 0.059211
0.0 0.457812 0.680921 0.031250 0.115132
4.0 0.423438 0.717105 0.026562 0.118421
4.0 0.387500 0.713816 0.028125 0.111842
4.0 0.400000 0.661184 0.018750 0.095395
4.0 0.423438 0.621711 0.021875 0.069079
3.0 0.640625 0.657895 0.020313 0.078947
4.0 0.200000 0.786184 0.095312 0.161184
3.0 0.268750 0.680921 0.039062 0.039474
3.0 0.248437 0.694079 0.039062 0.039474
3.0 0.287500 0.661184 0.040625 0.049342
3.0 0.326562 0.621711 0.031250 0.036184
0.0 0.385938 0.628289 0.034375 0.065789
0.0 0.371875 0.588816 0.071875 0.042763
0.0 0.393750 0.575658 0.051562 0.036184
0.0 0.403125 0.559211 0.068750 0.049342
4.0 0.495313 0.437500 0.004687 0.016447
0.0 0.484375 0.424342 0.006250 0.016447
1.0 0.495313 0.401316 0.009375 0.023026
