3.0 0.210938 0.933099 0.101562 0.082746
4.0 0.384375 0.938380 0.071875 0.117958
4.0 0.684375 0.809859 0.050000 0.102113
4.0 0.729687 0.762324 0.040625 0.073944
0.0 0.475000 0.887324 0.098437 0.112676
0.0 0.296875 0.896127 0.176563 0.093310
0.0 0.376563 0.832746 0.165625 0.075704
0.0 0.429688 0.785211 0.168750 0.080986
0.0 0.689063 0.728873 0.060937 0.061620
4.0 0.639062 0.764085 0.031250 0.044014
3.0 0.607812 0.713028 0.028125 0.029930
0.0 0.670312 0.686620 0.035937 0.051056
0.0 0.745312 0.635563 0.120313 0.128521
0.0 0.656250 0.626761 0.054688 0.061620
3.0 0.718750 0.783951 0.015625 0.037037
