0.0 0.590625 0.683333 0.101562 0.216667
0.0 0.614062 0.541667 0.046875 0.063889
4.0 0.564063 0.483333 0.028125 0.061111
4.0 0.542188 0.461111 0.017188 0.052778
4.0 0.542188 0.408333 0.018750 0.022222
0.0 0.295312 0.872222 0.170313 0.250000
0.0 0.044531 0.900000 0.089062 0.194444
0.0 0.437500 0.655556 0.129688 0.383333
0.0 0.489063 0.494444 0.075000 0.208333
0.0 0.496875 0.347222 0.037500 0.061111
0.0 0.482812 0.302778 0.034375 0.027778
0.0 0.439063 0.397222 0.059375 0.105556
0.0 0.443750 0.330556 0.039062 0.033333
0.0 0.429688 0.286111 0.035937 0.047222
0.0 0.398438 0.269444 0.028125 0.030556
0.0 0.360938 0.330556 0.051562 0.030556
0.0 0.379688 0.405556 0.060937 0.052778
0.0 0.309375 0.538889 0.110937 0.216667
0.0 0.304688 0.388889 0.100000 0.088889
0.0 0.145313 0.730556 0.225000 0.411111
