0.0 0.648664 0.477149 0.051453 0.049719
0.0 0.635164 0.443494 0.036109 0.036627
0.0 0.401047 0.447871 0.043500 0.056667
0.0 0.433547 0.446737 0.026594 0.047329
0.0 0.517781 0.409930 0.029000 0.030020
0.0 0.534547 0.394869 0.019500 0.022510
0.0 0.575719 0.397902 0.018500 0.021707
0.0 0.615516 0.417661 0.027062 0.024558
0.0 0.919328 0.490582 0.056750 0.057510
0.0 0.484977 0.402279 0.021609 0.022470
0.0 0.649398 0.449538 0.047859 0.027992
0.0 0.970430 0.493082 0.056547 0.097169
0.0 0.501586 0.395542 0.010109 0.014659
