0.0 0.040625 0.916667 0.067187 0.154472
0.0 0.168750 0.717480 0.046875 0.107724
0.0 0.676562 0.859756 0.107813 0.162602
4.0 0.608594 0.923780 0.076563 0.144309
4.0 0.771875 0.918699 0.085938 0.154472
4.0 0.503125 0.772358 0.053125 0.115854
4.0 0.020313 0.798780 0.028125 0.052846
4.0 0.018750 0.723577 0.028125 0.111789
3.0 0.435937 0.802846 0.032813 0.075203
3.0 0.953125 0.910569 0.065625 0.095528
0.0 0.840625 0.851626 0.204687 0.093496
0.0 0.782813 0.782520 0.167187 0.071138
0.0 0.717187 0.727642 0.178125 0.081301
0.0 0.351562 0.605691 0.093750 0.211382
0.0 0.453125 0.654472 0.060937 0.071138
3.0 0.048438 0.656504 0.014063 0.034553
3.0 0.023438 0.630081 0.012500 0.040650
4.0 0.009375 0.524390 0.015625 0.036585
0.0 0.037500 0.522358 0.020313 0.034553
0.0 0.050000 0.508130 0.014063 0.032520
0.0 0.057813 0.491870 0.015625 0.026423
0.0 0.265625 0.500000 0.020313 0.030488
0.0 0.013281 0.443089 0.026562 0.024390
4.0 0.507812 0.695122 0.025000 0.050813
0.0 0.467187 0.605691 0.043750 0.050813
4.0 0.451562 0.573171 0.023438 0.050813
4.0 0.496875 0.587398 0.023438 0.044715
0.0 0.437500 0.530488 0.067187 0.024390
0.0 0.251563 0.504065 0.014063 0.026423
4.0 0.506250 0.534553 0.029687 0.034553
3.0 0.539062 0.634146 0.029687 0.032520
3.0 0.516406 0.794297 0.020313 0.081466
