3.0 0.684148 0.510729 0.609891 0.757004
3.0 0.388570 0.244939 0.237641 0.346073
3.0 0.254367 0.116711 0.138047 0.191437
3.0 0.622516 0.147156 0.283906 0.228482
3.0 0.760445 0.147156 0.256578 0.271923
3.0 0.411992 0.078087 0.145703 0.123583
3.0 0.543813 0.065729 0.187344 0.125830
3.0 0.099609 0.156306 0.171969 0.240182
3.0 0.399633 0.107885 0.083734 0.090304
3.0 0.801922 0.028107 0.085000 0.054271
0.0 0.053813 0.019160 0.096250 0.038320
0.0 0.281148 0.015982 0.084734 0.031964
0.0 0.173016 0.023178 0.141500 0.046356
3.0 0.623203 0.034453 0.128656 0.068907
3.0 0.555867 0.019545 0.107672 0.039089
3.0 0.715008 0.039626 0.127828 0.079251
