3.0 0.436960 0.935627 0.638960 0.107307
3.0 0.524470 0.573813 0.288220 0.128320
3.0 0.506560 0.554307 0.269560 0.066053
3.0 0.457770 0.786040 0.567580 0.218480
3.0 0.398990 0.739133 0.109900 0.056400
3.0 0.497760 0.621293 0.383400 0.082960
3.0 0.417120 0.685400 0.329800 0.103813
3.0 0.091850 0.751693 0.183700 0.474160
3.0 0.949110 0.419653 0.044380 0.121760
3.0 0.515800 0.696933 0.268840 0.101387
3.0 0.453350 0.539387 0.157460 0.086027
3.0 0.529390 0.450333 0.221220 0.125733
3.0 0.706770 0.845880 0.337060 0.275280
3.0 0.574280 0.505467 0.121560 0.071627
3.0 0.263610 0.564347 0.196780 0.289600
3.0 0.268130 0.392520 0.134100 0.115760
3.0 0.172200 0.744360 0.128160 0.400240
3.0 0.130640 0.489267 0.163920 0.145360
3.0 0.156100 0.411173 0.104000 0.101653
3.0 0.398550 0.398080 0.059700 0.070293
3.0 0.423550 0.350080 0.056100 0.098613
3.0 0.839270 0.347453 0.025180 0.063280
3.0 0.561120 0.382973 0.149560 0.067280
3.0 0.792220 0.352747 0.032520 0.081920
3.0 0.643180 0.348813 0.033120 0.053893
3.0 0.352520 0.416347 0.103120 0.125067
3.0 0.487000 0.610667 0.506000 0.613333
3.0 0.472000 0.393333 0.944000 0.296000
3.0 0.898000 0.373333 0.040000 0.096000
