0.0 0.944656 0.566781 0.110156 0.069104
0.0 0.581516 0.550437 0.041500 0.025583
0.0 0.551023 0.547896 0.025641 0.029000
0.0 0.462695 0.551240 0.033078 0.026396
0.0 0.635156 0.547958 0.054344 0.045417
0.0 0.500977 0.548469 0.021422 0.021896
0.0 0.377359 0.550188 0.018438 0.019458
0.0 0.798555 0.559729 0.057859 0.041375
0.0 0.695430 0.548115 0.006016 0.033021
0.0 0.599836 0.549021 0.018641 0.026792
0.0 0.483820 0.547552 0.019078 0.020188
0.0 0.186688 0.553250 0.146094 0.077917
1.0 0.526141 0.544958 0.028844 0.031750
0.0 0.684375 0.553125 0.578125 0.093750
1.0 0.737500 0.547917 0.078125 0.062500
