3.0 0.469844 0.572834 0.043125 0.108665
0.0 0.483852 0.486522 0.121078 0.102600
0.0 0.897117 0.511347 0.203203 0.171920
0.0 0.306023 0.545480 0.214172 0.153068
0.0 0.546883 0.489274 0.031266 0.052412
0.0 0.386055 0.483770 0.097328 0.096768
0.0 0.201180 0.529778 0.111391 0.111733
0.0 0.581859 0.485222 0.048469 0.056066
0.0 0.645195 0.492529 0.024234 0.054754
0.0 0.664492 0.478255 0.031984 0.042834
0.0 0.024930 0.514532 0.049859 0.060726
0.0 0.336469 0.463443 0.028406 0.007963
0.0 0.682398 0.476768 0.009234 0.024075
0.0 0.692922 0.469836 0.017438 0.026136
0.0 0.416406 0.510539 0.826562 0.182670
0.0 0.708594 0.464871 0.020313 0.025761
3.0 0.630469 0.320843 0.051562 0.051522
