0.0 0.684375 0.844444 0.371875 0.308333
0.0 0.126563 0.708333 0.109375 0.169444
0.0 0.318750 0.672222 0.048438 0.091667
0.0 0.368750 0.655556 0.035937 0.075000
0.0 0.548438 0.686111 0.078125 0.097222
0.0 0.506250 0.669444 0.067187 0.100000
0.0 0.934375 0.758333 0.128125 0.147222
4.0 0.834375 0.702778 0.110937 0.125000
0.0 0.665625 0.725000 0.189062 0.136111
0.0 0.615625 0.694444 0.092188 0.088889
0.0 0.718750 0.644444 0.023438 0.030556
4.0 0.718750 0.650000 0.014063 0.033333
4.0 0.640625 0.641667 0.023438 0.030556
0.0 0.595313 0.641667 0.029687 0.027778
0.0 0.604687 0.650000 0.043750 0.019444
0.0 0.548438 0.638889 0.031250 0.025000
4.0 0.204688 0.683333 0.045312 0.100000
4.0 0.057813 0.750000 0.103125 0.294444
