0.0 0.432813 0.666667 0.092188 0.188889
0.0 0.601562 0.672222 0.071875 0.097222
3.0 0.521875 0.697222 0.017188 0.069444
0.0 0.554688 0.672222 0.034375 0.069444
0.0 0.289062 0.683333 0.050000 0.038889
0.0 0.215625 0.680556 0.043750 0.044444
0.0 0.125000 0.680556 0.059375 0.052778
0.0 0.287500 0.661111 0.034375 0.044444
0.0 0.337500 0.686111 0.028125 0.022222
0.0 0.321875 0.672222 0.018750 0.047222
0.0 0.381250 0.686111 0.012500 0.088889
0.0 0.350000 0.683333 0.015625 0.025000
0.0 0.076562 0.805556 0.150000 0.325000
