3.0 0.432812 0.366667 0.065625 0.341667
0.0 0.728125 0.311111 0.176563 0.208333
0.0 0.832812 0.238889 0.131250 0.097222
0.0 0.812500 0.197222 0.178125 0.122222
4.0 0.620313 0.261111 0.043750 0.130556
4.0 0.532813 0.269444 0.046875 0.102778
4.0 0.579688 0.252778 0.021875 0.061111
3.0 0.320312 0.308333 0.073438 0.133333
0.0 0.307812 0.258333 0.101562 0.147222
3.0 0.068750 0.347222 0.112500 0.161111
4.0 0.201563 0.313889 0.026562 0.075000
0.0 0.034375 0.341667 0.053125 0.111111
3.0 0.131250 0.333333 0.034375 0.080556
0.0 0.459375 0.241667 0.045312 0.058333
0.0 0.490625 0.252778 0.014063 0.022222
3.0 0.008594 0.368056 0.017188 0.058333
