0.0 0.645457 0.732712 0.472550 0.534575
0.0 0.267535 0.736792 0.535071 0.526415
4.0 0.141743 0.448213 0.206492 0.190669
0.0 0.377778 0.415455 0.059549 0.158128
0.0 0.783787 0.312068 0.066069 0.049896
0.0 0.910844 0.244468 0.056189 0.082054
0.0 0.905921 0.282513 0.028094 0.041027
0.0 0.864778 0.446449 0.165259 0.237378
0.0 0.731032 0.402891 0.123927 0.155359
0.0 0.570981 0.496901 0.259370 0.261012
0.0 0.488390 0.429813 0.176760 0.167191
0.0 0.623672 0.324161 0.092524 0.105548
4.0 0.585718 0.341807 0.052895 0.090823
0.0 0.260610 0.462551 0.094191 0.126031
4.0 0.692992 0.309363 0.041298 0.038134
4.0 0.744168 0.312164 0.029761 0.061510
0.0 0.864676 0.314796 0.059479 0.067434
0.0 0.948818 0.253153 0.039666 0.061534
0.0 0.874535 0.256259 0.026451 0.049800
0.0 0.915889 0.364407 0.076019 0.108433
0.0 0.016532 0.621162 0.033065 0.359996
0.0 0.677347 0.356212 0.097450 0.070453
3.0 0.098104 0.585824 0.114043 0.181666
0.0 0.804463 0.366141 0.071066 0.108421
