0.0 0.109375 0.680556 0.100000 0.111111
0.0 0.045312 0.652778 0.062500 0.077778
0.0 0.064063 0.605556 0.112500 0.094444
4.0 0.321875 0.655556 0.062500 0.080556
4.0 0.301562 0.652778 0.040625 0.077778
4.0 0.173438 0.633333 0.034375 0.061111
0.0 0.471875 0.686111 0.100000 0.072222
4.0 0.865625 0.747222 0.051562 0.125000
0.0 0.781250 0.688889 0.050000 0.063889
0.0 0.834375 0.650000 0.054688 0.088889
0.0 0.931250 0.669444 0.053125 0.094444
0.0 0.698437 0.669444 0.042188 0.038889
4.0 0.242188 0.638889 0.028125 0.055556
4.0 0.142188 0.627778 0.018750 0.041667
4.0 0.964063 0.675000 0.014063 0.050000
4.0 0.735938 0.658333 0.014063 0.036111
