0.0 0.955289 0.429157 0.083516 0.052272
0.0 0.988187 0.425293 0.023625 0.050539
0.0 0.075789 0.538150 0.151578 0.335878
0.0 0.205836 0.556300 0.133734 0.209461
0.0 0.270820 0.547881 0.254516 0.259789
0.0 0.383570 0.481089 0.286859 0.171967
0.0 0.444516 0.461792 0.268375 0.164052
0.0 0.533719 0.452799 0.263875 0.146066
0.0 0.686437 0.429719 0.194781 0.169180
0.0 0.746797 0.429052 0.136750 0.139649
0.0 0.409453 0.493244 0.084156 0.146393
0.0 0.851031 0.439977 0.100781 0.140749
0.0 0.132922 0.368489 0.265844 0.094637
0.0 0.871445 0.430023 0.094359 0.111897
0.0 0.587500 0.322014 0.200000 0.081967
