0.0 0.676750 0.706172 0.078060 0.093379
0.0 0.593540 0.681689 0.046560 0.067248
0.0 0.563280 0.675095 0.027480 0.038747
0.0 0.537440 0.666608 0.025320 0.030654
0.0 0.243760 0.717861 0.080240 0.100245
0.0 0.611910 0.675586 0.027540 0.035259
0.0 0.567010 0.687098 0.013060 0.045259
0.0 0.621900 0.706049 0.054640 0.066921
0.0 0.637230 0.667793 0.034660 0.022616
1.0 0.536990 0.666649 0.022340 0.031117
0.0 0.432460 0.716417 0.127120 0.127275
1.0 0.027780 0.759809 0.055560 0.192425
1.0 0.785740 0.726499 0.123080 0.136540
0.0 0.055450 0.751553 0.093980 0.181798
0.0 0.394000 0.698910 0.280000 0.128065
0.0 0.324000 0.698910 0.036000 0.084469
