1.0 0.779167 0.456597 0.030556 0.027778
1.0 0.755556 0.558160 0.066667 0.085069
1.0 0.904861 0.629340 0.129167 0.123264
1.0 0.786111 0.820312 0.166667 0.119792
0.0 0.600694 0.814236 0.048611 0.093750
1.0 0.298611 0.605035 0.033333 0.053819
1.0 0.462500 0.486111 0.025000 0.041667
1.0 0.404167 0.509549 0.016667 0.039931
1.0 0.515972 0.453125 0.018056 0.020833
1.0 0.328472 0.472222 0.018056 0.017361
4.0 0.277083 0.490451 0.076389 0.060764
4.0 0.432639 0.450521 0.045833 0.046875
4.0 0.638194 0.473090 0.034722 0.078125
4.0 0.412500 0.542535 0.088889 0.088542
4.0 0.427083 0.702257 0.040278 0.085069
1.0 0.052083 0.947917 0.101389 0.100694
1.0 0.243750 0.572049 0.045833 0.064236
