0.0 0.283070 0.885330 0.214540 0.227778
0.0 0.921990 0.872793 0.151300 0.206246
0.0 0.375170 0.787808 0.025220 0.075375
0.0 0.422790 0.759835 0.024060 0.049339
3.0 0.310550 0.906742 0.231980 0.164054
3.0 0.848570 0.881532 0.041860 0.087447
3.0 0.800030 0.861922 0.030940 0.072913
3.0 0.530800 0.803994 0.045880 0.087568
3.0 0.469060 0.762117 0.012880 0.035526
3.0 0.755340 0.843724 0.042040 0.077838
0.0 0.708540 0.780751 0.066880 0.110390
0.0 0.678840 0.759429 0.066360 0.109850
0.0 0.380840 0.779775 0.031480 0.072643
0.0 0.269040 0.836291 0.498760 0.212583
0.0 0.413080 0.763153 0.023240 0.041261
0.0 0.427850 0.755495 0.021860 0.040781
0.0 0.402910 0.767357 0.028780 0.050571
0.0 0.366020 0.737868 0.020560 0.011291
3.0 0.844840 0.853574 0.071960 0.112432
3.0 0.565100 0.805255 0.020560 0.048108
3.0 0.575440 0.794745 0.014560 0.036637
0.0 0.620510 0.772988 0.045260 0.068919
0.0 0.106000 0.854354 0.180000 0.189189
0.0 0.500000 0.743243 0.036000 0.033033
0.0 0.231000 0.795796 0.102000 0.108108
3.0 0.671000 0.845345 0.050000 0.075075
0.0 0.007000 0.951952 0.014000 0.084084
