0.0 0.321875 0.841667 0.643750 0.302778
3.0 0.057813 0.786111 0.115625 0.086111
0.0 0.948438 0.794444 0.098437 0.319444
0.0 0.415625 0.647222 0.143750 0.080556
0.0 0.275000 0.622222 0.092188 0.055556
0.0 0.160938 0.608333 0.084375 0.061111
0.0 0.085938 0.597222 0.059375 0.047222
0.0 0.017969 0.588889 0.035937 0.050000
0.0 0.850000 0.691667 0.106250 0.138889
0.0 0.489063 0.625000 0.084375 0.047222
0.0 0.725000 0.630556 0.054688 0.047222
0.0 0.621875 0.597222 0.096875 0.105556
0.0 0.593750 0.633333 0.101562 0.080556
0.0 0.745313 0.605556 0.045312 0.030556
0.0 0.809375 0.616667 0.056250 0.055556
0.0 0.883594 0.643454 0.060937 0.061281
