3.0 0.146555 0.891766 0.078016 0.172989
0.0 0.365367 0.632935 0.093516 0.108424
0.0 0.738281 0.714361 0.146969 0.197310
0.0 0.308578 0.710353 0.145750 0.213207
0.0 0.907227 0.735068 0.155266 0.131386
0.0 0.533539 0.717609 0.139547 0.182011
0.0 0.641898 0.712011 0.080984 0.173478
0.0 0.450953 0.717853 0.062844 0.152663
0.0 0.406016 0.729647 0.058375 0.131304
0.0 0.124070 0.723261 0.154891 0.191522
0.0 0.865273 0.696318 0.127672 0.131658
0.0 0.030930 0.723383 0.061859 0.153451
0.0 0.215750 0.714851 0.080094 0.168995
