0.0 0.531160 0.956224 0.157584 0.068682
0.0 0.322784 0.397482 0.037376 0.056188
3.0 0.482616 0.627671 0.027344 0.066871
3.0 0.372280 0.928518 0.063568 0.093271
0.0 0.122952 0.282741 0.129520 0.109576
0.0 0.283984 0.341565 0.039392 0.051365
0.0 0.361976 0.443094 0.044048 0.067835
0.0 0.202960 0.268341 0.021696 0.022471
0.0 0.680000 0.678647 0.168096 0.233718
0.0 0.680744 0.675482 0.171760 0.221929
3.0 0.498792 0.537871 0.016880 0.052400
3.0 0.743200 0.809412 0.072000 0.094118
0.0 0.309600 0.571765 0.318400 0.616471
