1.0 0.690852 0.496965 0.116266 0.167247
1.0 0.857383 0.578518 0.133703 0.181224
1.0 0.334969 0.274341 0.052062 0.100588
0.0 0.355414 0.435353 0.073891 0.088541
0.0 0.313547 0.381706 0.050313 0.063224
0.0 0.192437 0.245376 0.028656 0.036118
0.0 0.183039 0.233153 0.026578 0.037835
0.0 0.128937 0.163953 0.016813 0.021082
0.0 0.121344 0.153518 0.015438 0.019365
0.0 0.055961 0.091024 0.023109 0.014565
0.0 0.153203 0.124000 0.017406 0.015718
0.0 0.015594 0.091800 0.024156 0.015459
0.0 0.041141 0.090882 0.022031 0.017106
0.0 0.063070 0.089459 0.022453 0.015200
0.0 0.103359 0.088176 0.022875 0.018188
0.0 0.087570 0.089153 0.017109 0.016941
