1.0 0.716406 0.756250 0.315625 0.475000
0.0 0.754687 0.403125 0.120313 0.187500
0.0 0.110156 0.607031 0.185938 0.243750
0.0 0.433594 0.785937 0.153125 0.279687
0.0 0.471875 0.556250 0.101562 0.184375
0.0 0.509375 0.415625 0.076563 0.139063
0.0 0.671875 0.381250 0.082812 0.140625
0.0 0.564063 0.277344 0.064062 0.109375
0.0 0.600000 0.215625 0.042188 0.073438
0.0 0.633594 0.173437 0.034375 0.062500
0.0 0.667188 0.128125 0.032813 0.060937
0.0 0.679688 0.096875 0.020313 0.048438
0.0 0.732031 0.064844 0.025000 0.045312
0.0 0.710938 0.132812 0.029687 0.060937
0.0 0.763281 0.121094 0.026562 0.067187
0.0 0.796875 0.194531 0.046875 0.076563
0.0 0.746094 0.160156 0.034375 0.056250
0.0 0.738281 0.218750 0.051562 0.070312
0.0 0.695312 0.192969 0.045312 0.078125
0.0 0.725781 0.096094 0.023438 0.034375
