0.0 0.915625 0.411111 0.120313 0.141667
0.0 0.782813 0.408333 0.034375 0.047222
4.0 0.807813 0.394444 0.014063 0.052778
4.0 0.848437 0.397222 0.021875 0.066667
3.0 0.700000 0.416667 0.021875 0.077778
4.0 0.468750 0.422222 0.025000 0.041667
4.0 0.484375 0.416667 0.020313 0.038889
0.0 0.431250 0.438889 0.031250 0.052778
0.0 0.292187 0.455556 0.070312 0.061111
0.0 0.376563 0.419444 0.051562 0.113889
4.0 0.129688 0.452778 0.023438 0.041667
0.0 0.090625 0.486111 0.104688 0.058333
3.0 0.019531 0.500000 0.039062 0.055556
0.0 0.302344 0.416667 0.204687 0.105556
