0.0 0.134196 0.541069 0.087668 0.049633
0.0 0.219169 0.539261 0.071256 0.040755
0.0 0.269602 0.538509 0.041393 0.028195
3.0 0.473775 0.538981 0.022642 0.024411
0.0 0.370675 0.533577 0.035161 0.012661
0.0 0.587471 0.544590 0.049028 0.023204
0.0 0.521456 0.539893 0.043419 0.017958
0.0 0.553242 0.540502 0.021917 0.012408
0.0 0.643409 0.540510 0.044248 0.031675
4.0 0.677327 0.549743 0.034586 0.046905
4.0 0.711762 0.550402 0.039988 0.048721
0.0 0.333383 0.536296 0.035369 0.016092
0.0 0.084746 0.722948 0.169130 0.302960
