0.0 0.287625 0.712371 0.224844 0.211236
0.0 0.054617 0.648319 0.109234 0.137098
0.0 0.512875 0.635963 0.071094 0.091063
0.0 0.436625 0.651437 0.099781 0.145115
0.0 0.571883 0.616940 0.041609 0.054224
0.0 0.189758 0.622759 0.092016 0.080230
3.0 0.708414 0.659511 0.085359 0.114310
3.0 0.255148 0.597802 0.036672 0.026638
3.0 0.298984 0.591394 0.042438 0.031063
3.0 0.986148 0.734353 0.027547 0.084109
0.0 0.482594 0.567500 0.117938 0.097126
0.0 0.593961 0.597256 0.033484 0.057960
0.0 0.084820 0.622787 0.088391 0.093276
0.0 0.631250 0.616379 0.037500 0.089080
