3.0 0.511805 0.758583 0.495703 0.435603
3.0 0.901398 0.417924 0.155047 0.083884
0.0 0.733633 0.329531 0.051016 0.090893
0.0 0.771797 0.318694 0.127250 0.101719
0.0 0.989516 0.287679 0.020968 0.085223
0.0 0.117602 0.319096 0.015547 0.042031
0.0 0.991031 0.437132 0.017938 0.176272
0.0 0.496266 0.317511 0.032094 0.065201
0.0 0.519000 0.323114 0.031656 0.081406
0.0 0.063469 0.318348 0.123094 0.039062
0.0 0.352344 0.258929 0.264062 0.250000
0.0 0.988281 0.340402 0.023438 0.091518
0.0 0.067969 0.311384 0.032813 0.037946
