3.0 0.604500 0.397219 0.142781 0.154437
3.0 0.549945 0.371427 0.074672 0.115687
0.0 0.104953 0.293302 0.054250 0.040896
0.0 0.148898 0.293844 0.093859 0.045354
3.0 0.244383 0.624719 0.434828 0.435937
3.0 0.424687 0.524406 0.336906 0.342479
3.0 0.511711 0.354792 0.076766 0.064333
0.0 0.314063 0.286740 0.141125 0.084229
0.0 0.080039 0.283021 0.031734 0.016917
0.0 0.071633 0.280333 0.040016 0.022750
0.0 0.176477 0.278531 0.042453 0.036604
3.0 0.842461 0.484844 0.118547 0.228313
0.0 0.047305 0.303865 0.092859 0.076563
0.0 0.222687 0.277958 0.022500 0.027417
