0.0 0.803125 0.672222 0.081250 0.105556
0.0 0.285938 0.613889 0.070312 0.047222
0.0 0.675000 0.875000 0.643750 0.230556
0.0 0.935937 0.755556 0.123438 0.077778
0.0 0.462500 0.741667 0.218750 0.147222
0.0 0.614062 0.727778 0.115625 0.125000
0.0 0.268750 0.691667 0.085938 0.094444
0.0 0.303125 0.672222 0.050000 0.055556
0.0 0.539062 0.691667 0.059375 0.052778
0.0 0.410938 0.672222 0.134375 0.102778
3.0 0.100000 0.880556 0.200000 0.216667
0.0 0.060937 0.719444 0.121874 0.247222
0.0 0.148438 0.697222 0.081250 0.155556
0.0 0.206250 0.688889 0.056250 0.122222
0.0 0.128125 0.630556 0.064062 0.047222
0.0 0.729688 0.733983 0.162500 0.153203
0.0 0.348438 0.671309 0.046875 0.061281
0.0 0.872656 0.738162 0.101562 0.061281
