3.0 0.522781 0.833333 0.090719 0.109667
3.0 0.899266 0.880167 0.180594 0.239666
0.0 0.896750 0.649778 0.206500 0.279278
0.0 0.674273 0.633347 0.124891 0.063750
0.0 0.403039 0.633417 0.051672 0.041278
0.0 0.042773 0.642458 0.044266 0.072250
0.0 0.282375 0.621153 0.056469 0.034194
0.0 0.105813 0.629792 0.093844 0.064750
3.0 0.656469 0.834403 0.118875 0.175583
3.0 0.776227 0.784069 0.107609 0.104250
3.0 0.252766 0.712389 0.065219 0.083333
3.0 0.465852 0.779500 0.049453 0.101333
3.0 0.423234 0.704778 0.026250 0.056500
3.0 0.092711 0.712208 0.106453 0.092139
3.0 0.382055 0.743778 0.064078 0.106444
3.0 0.591867 0.806681 0.052109 0.116806
3.0 0.408039 0.708681 0.026609 0.026417
3.0 0.808820 0.741458 0.022484 0.025861
3.0 0.332328 0.659931 0.046187 0.062028
3.0 0.301117 0.653306 0.027922 0.041833
