0.0 0.641234 0.922992 0.322930 0.154016
0.0 0.875498 0.713144 0.197032 0.300029
0.0 0.150485 0.610000 0.229466 0.329503
3.0 0.071933 0.416585 0.099397 0.205682
0.0 0.072343 0.245217 0.089652 0.162124
0.0 0.193965 0.179894 0.069804 0.121581
0.0 0.223722 0.106973 0.050287 0.086962
0.0 0.343784 0.233758 0.050109 0.110248
0.0 0.408519 0.266873 0.054237 0.131818
0.0 0.468113 0.283512 0.055890 0.135197
0.0 0.569942 0.357070 0.073440 0.134263
0.0 0.576832 0.232638 0.044163 0.082335
0.0 0.536140 0.284454 0.056068 0.111912
0.0 0.534459 0.232841 0.047634 0.092056
0.0 0.358493 0.186720 0.045653 0.082751
0.0 0.408819 0.206788 0.044327 0.085299
0.0 0.393047 0.109122 0.023154 0.047301
0.0 0.393033 0.082041 0.023989 0.035866
0.0 0.546337 0.154929 0.023483 0.053226
0.0 0.559103 0.197604 0.037711 0.071784
0.0 0.643055 0.266169 0.038695 0.089560
0.0 0.602966 0.197816 0.026967 0.036698
0.0 0.587397 0.178426 0.024645 0.047717
0.0 0.567195 0.160752 0.031766 0.043871
0.0 0.519383 0.204564 0.030754 0.078592
0.0 0.482491 0.242400 0.051271 0.104738
0.0 0.485280 0.192034 0.044327 0.085299
0.0 0.515050 0.146193 0.033406 0.073498
0.0 0.474838 0.162043 0.037206 0.089144
0.0 0.433627 0.168588 0.045312 0.103075
0.0 0.431947 0.116974 0.037875 0.074746
0.0 0.470505 0.103672 0.032244 0.079007
0.0 0.497979 0.099308 0.025301 0.059568
0.0 0.546980 0.115999 0.032750 0.061647
0.0 0.559732 0.131593 0.023661 0.029941
0.0 0.397489 0.056210 0.025478 0.036282
0.0 0.429937 0.071286 0.024645 0.047717
0.0 0.449647 0.097848 0.017195 0.045637
0.0 0.516349 0.095412 0.013395 0.029992
0.0 0.398705 0.170871 0.027610 0.074797
0.0 0.364916 0.125336 0.043821 0.102658
0.0 0.101867 0.367782 0.112163 0.171326
4.0 0.098068 0.070388 0.110838 0.140777
3.0 0.140631 0.104834 0.018999 0.078227
3.0 0.187460 0.078798 0.018343 0.066376
0.0 0.615981 0.331617 0.076279 0.132527
3.0 0.203362 0.447369 0.050457 0.116537
