0.0 0.845312 0.925000 0.290625 0.138889
0.0 0.504688 0.927778 0.257812 0.136111
0.0 0.484375 0.822222 0.200000 0.186111
0.0 0.264062 0.694444 0.160938 0.200000
0.0 0.129687 0.733333 0.150000 0.177778
0.0 0.262500 0.905556 0.195312 0.175000
0.0 0.098437 0.591667 0.112500 0.111111
4.0 0.048438 0.833333 0.082812 0.247222
4.0 0.034375 0.922222 0.056250 0.133333
0.0 0.023438 0.516667 0.040625 0.097222
3.0 0.873438 0.763889 0.090625 0.119444
4.0 0.534375 0.569444 0.068750 0.130556
0.0 0.565625 0.444444 0.075000 0.083333
3.0 0.507812 0.541667 0.017188 0.050000
0.0 0.443750 0.450000 0.065625 0.061111
4.0 0.428125 0.513889 0.034375 0.041667
0.0 0.982031 0.577778 0.035937 0.100000
0.0 0.984375 0.505556 0.029687 0.061111
0.0 0.014062 0.580556 0.025000 0.088889
0.0 0.014062 0.665278 0.025000 0.069444
