0.0 0.566667 0.656250 0.389583 0.137500
0.0 0.402083 0.548438 0.068750 0.067187
0.0 0.785417 0.571875 0.235417 0.082812
0.0 0.335417 0.532813 0.064583 0.037500
3.0 0.289583 0.579688 0.056250 0.051562
0.0 0.193750 0.531250 0.056250 0.050000
0.0 0.235417 0.526563 0.031250 0.032813
3.0 0.122917 0.528125 0.018750 0.021875
4.0 0.114583 0.510938 0.016667 0.020313
0.0 0.160417 0.514062 0.022917 0.017188
3.0 0.141667 0.518750 0.014583 0.010937
0.0 0.333333 0.504687 0.033333 0.014063
0.0 0.275000 0.509375 0.012500 0.009375
0.0 0.158333 0.501563 0.018750 0.009375
0.0 0.971875 0.655469 0.052083 0.095312
0.0 0.362500 0.523438 0.029167 0.021875
