0.0 0.667187 0.725000 0.226562 0.333333
3.0 0.237500 0.644444 0.071875 0.272222
3.0 0.301562 0.508333 0.059375 0.233333
0.0 0.507812 0.352778 0.135937 0.402778
0.0 0.235938 0.394444 0.089063 0.230556
0.0 0.334375 0.355556 0.089063 0.194444
0.0 0.384375 0.119444 0.092188 0.150000
3.0 0.276563 0.116667 0.029687 0.113889
0.0 0.198438 0.311111 0.075000 0.191667
0.0 0.093750 0.619444 0.185938 0.744444
0.0 0.703125 0.255556 0.093750 0.236111
0.0 0.787500 0.366667 0.110937 0.194444
0.0 0.906250 0.111111 0.062500 0.144444
0.0 0.606250 0.288889 0.095312 0.236111
0.0 0.337500 0.213889 0.096875 0.138889
0.0 0.490625 0.080556 0.090625 0.133333
0.0 0.318750 0.116667 0.062500 0.119444
0.0 0.406250 0.027778 0.053125 0.052778
0.0 0.596875 0.102778 0.043750 0.094444
0.0 0.308594 0.852778 0.210938 0.283333
0.0 0.983594 0.084722 0.032812 0.169444
3.0 0.957031 0.870833 0.085938 0.158333
0.0 0.233594 0.218056 0.104688 0.141667
