0.0 0.635325 0.885518 0.498850 0.228964
0.0 0.197748 0.710290 0.121162 0.199402
0.0 0.664261 0.794657 0.051008 0.102763
4.0 0.849921 0.861154 0.087717 0.147247
4.0 0.764537 0.876490 0.182712 0.227906
3.0 0.646065 0.813620 0.044402 0.072345
3.0 0.392960 0.746424 0.034672 0.081080
4.0 0.290370 0.690961 0.047487 0.107504
4.0 0.459634 0.755912 0.053836 0.134992
0.0 0.779212 0.850547 0.085917 0.126738
0.0 0.527255 0.801677 0.154607 0.251556
0.0 0.619561 0.770254 0.046716 0.098714
0.0 0.897399 0.908836 0.021222 0.077350
3.0 0.065648 0.802706 0.078836 0.210531
