0.0 0.159680 0.381174 0.025766 0.032207
0.0 0.211156 0.380974 0.025312 0.029977
0.0 0.256594 0.381890 0.019875 0.027254
0.0 0.288539 0.353509 0.023578 0.026033
0.0 0.315336 0.334871 0.015328 0.016221
0.0 0.356906 0.321491 0.021813 0.025704
3.0 0.846016 0.612969 0.307968 0.635657
3.0 0.518437 0.542383 0.122687 0.230399
3.0 0.418766 0.528967 0.075719 0.174319
3.0 0.138398 0.547887 0.030359 0.088216
3.0 0.223352 0.566678 0.058203 0.115000
0.0 0.328586 0.349660 0.017297 0.021103
3.0 0.289844 0.558427 0.086688 0.233568
3.0 0.175695 0.526925 0.046922 0.158122
3.0 0.094609 0.529308 0.028687 0.080117
1.0 0.023406 0.423474 0.046469 0.205540
3.0 0.344711 0.526854 0.038734 0.100704
