0.0 0.303125 0.783333 0.603125 0.422222
0.0 0.915625 0.577778 0.146875 0.119444
0.0 0.578125 0.491667 0.032813 0.044444
0.0 0.253125 0.500000 0.182812 0.158333
0.0 0.437500 0.500000 0.054688 0.100000
4.0 0.503125 0.486111 0.021875 0.061111
4.0 0.471875 0.491667 0.020313 0.069444
4.0 0.368750 0.488889 0.045312 0.072222
3.0 0.501563 0.650000 0.135937 0.138889
0.0 0.754688 0.466667 0.139063 0.213889
0.0 0.637500 0.480556 0.085938 0.127778
4.0 0.956250 0.525000 0.017188 0.038889
0.0 0.980469 0.586111 0.039062 0.111111
