3.0 0.515305 0.820229 0.053203 0.092583
3.0 0.170664 0.727177 0.040203 0.071938
3.0 0.236992 0.666396 0.031141 0.058625
3.0 0.265773 0.638781 0.024266 0.058271
3.0 0.338844 0.487937 0.028000 0.035208
3.0 0.496734 0.517240 0.015344 0.022104
3.0 0.537883 0.521823 0.019703 0.026979
3.0 0.369773 0.537104 0.022484 0.040042
3.0 0.559719 0.826479 0.061969 0.070083
3.0 0.142242 0.764688 0.054578 0.079958
3.0 0.191266 0.705010 0.035875 0.080854
3.0 0.208297 0.691521 0.029344 0.076750
3.0 0.302344 0.651042 0.507812 0.377083
