0.0 0.682812 0.838889 0.390625 0.308333
0.0 0.817188 0.622222 0.339062 0.252778
0.0 0.273438 0.650000 0.171875 0.127778
0.0 0.448438 0.663889 0.165625 0.113889
0.0 0.359375 0.633333 0.073438 0.091667
0.0 0.435937 0.591667 0.164062 0.086111
4.0 0.506250 0.630556 0.054688 0.080556
3.0 0.559375 0.644444 0.046875 0.086111
4.0 0.120313 0.583333 0.021875 0.055556
0.0 0.028125 0.611111 0.053125 0.075000
0.0 0.060937 0.583333 0.039062 0.055556
0.0 0.250000 0.583333 0.021875 0.022222
0.0 0.229688 0.583333 0.020313 0.027778
0.0 0.321875 0.605556 0.032813 0.044444
