0.0 0.658680 0.931104 0.106484 0.137792
0.0 0.029695 0.647667 0.047859 0.087250
0.0 0.157969 0.641198 0.062875 0.107729
0.0 0.351125 0.580208 0.050562 0.101125
0.0 0.631883 0.508312 0.075328 0.104208
0.0 0.779055 0.523729 0.101516 0.078958
0.0 0.889680 0.524510 0.055859 0.049771
0.0 0.910727 0.514125 0.061953 0.054458
0.0 0.936883 0.508583 0.034578 0.039167
0.0 0.945859 0.502875 0.049531 0.043500
0.0 0.585750 0.571021 0.074156 0.088458
0.0 0.773703 0.912833 0.137125 0.174333
0.0 0.808086 0.513250 0.056078 0.057125
0.0 0.976562 0.506250 0.046875 0.058333
