3.0 0.491391 0.730583 0.034719 0.066625
3.0 0.652469 0.703458 0.057688 0.084333
3.0 0.938227 0.774698 0.122547 0.188646
3.0 0.549852 0.700958 0.052578 0.099083
3.0 0.356164 0.844062 0.237734 0.149042
3.0 0.146797 0.891271 0.291344 0.213000
3.0 0.209609 0.795823 0.106250 0.100979
3.0 0.039719 0.754167 0.079438 0.126875
0.0 0.411281 0.618594 0.044125 0.047771
3.0 0.227406 0.865375 0.176719 0.125542
3.0 0.055984 0.931740 0.111969 0.136521
3.0 0.455055 0.641073 0.009266 0.031771
3.0 0.701039 0.788573 0.119953 0.162479
3.0 0.439703 0.689417 0.025969 0.056125
3.0 0.820320 0.734906 0.063422 0.129896
0.0 0.363703 0.608042 0.019250 0.031000
3.0 0.377977 0.656010 0.020266 0.041771
3.0 0.519531 0.697917 0.560937 0.179167
3.0 0.782031 0.702083 0.048438 0.095833
3.0 0.018750 0.812500 0.034375 0.145833
