0.0 0.798945 0.766396 0.105109 0.051083
0.0 0.710062 0.761354 0.072625 0.045000
0.0 0.985812 0.924448 0.028375 0.107604
0.0 0.231250 0.731135 0.077312 0.038729
0.0 0.296391 0.745875 0.079406 0.023875
0.0 0.900156 0.758719 0.108469 0.051438
0.0 0.844594 0.790313 0.072125 0.064542
0.0 0.125000 0.888698 0.250000 0.183521
0.0 0.192711 0.714792 0.043453 0.017333
0.0 0.298070 0.760979 0.078859 0.039083
0.0 0.259297 0.731104 0.037844 0.032792
0.0 0.935836 0.746083 0.062391 0.027917
0.0 0.975148 0.760563 0.049703 0.041250
0.0 0.500000 0.754167 0.028125 0.037500
