0.0 0.501563 0.883333 0.125000 0.202778
0.0 0.151562 0.705556 0.301563 0.316667
0.0 0.464062 0.494444 0.140625 0.150000
4.0 0.901563 0.661111 0.053125 0.133333
4.0 0.906250 0.522222 0.034375 0.077778
0.0 0.587500 0.527778 0.034375 0.080556
0.0 0.567187 0.400000 0.026562 0.047222
3.0 0.603125 0.441667 0.012500 0.044444
0.0 0.795312 0.397222 0.029687 0.058333
0.0 0.876563 0.444444 0.028125 0.069444
4.0 0.975000 0.538889 0.029687 0.072222
4.0 0.982812 0.575000 0.032813 0.080556
4.0 0.792188 0.480556 0.023438 0.066667
4.0 0.743750 0.427778 0.018750 0.050000
0.0 0.356250 0.505556 0.162500 0.152778
0.0 0.442188 0.419444 0.078125 0.055556
0.0 0.457813 0.397222 0.076563 0.063889
