3.0 0.168367 0.373007 0.040047 0.097382
3.0 0.662281 0.492901 0.020281 0.060566
3.0 0.643203 0.499788 0.016656 0.060047
3.0 0.624000 0.505554 0.030094 0.055873
3.0 0.415422 0.530024 0.129250 0.096840
3.0 0.574742 0.516557 0.018797 0.062264
3.0 0.540797 0.494835 0.063438 0.107358
3.0 0.452688 0.414292 0.071688 0.087736
3.0 0.682656 0.485932 0.013219 0.051392
3.0 0.570695 0.487547 0.050141 0.113538
3.0 0.458148 0.469021 0.071891 0.027948
3.0 0.024961 0.471486 0.049922 0.141887
3.0 0.067164 0.491557 0.027297 0.074340
3.0 0.600320 0.471757 0.037828 0.057571
3.0 0.667969 0.318396 0.267188 0.183962
