3.0 0.112641 0.740628 0.019062 0.059953
3.0 0.187719 0.744337 0.016875 0.065698
3.0 0.168453 0.732791 0.021375 0.081628
3.0 0.218641 0.742453 0.025219 0.066070
3.0 0.121937 0.732151 0.008125 0.035465
3.0 0.084703 0.739256 0.025156 0.063907
3.0 0.238383 0.732907 0.032391 0.082000
3.0 0.042547 0.716942 0.020375 0.059279
3.0 0.207539 0.698953 0.019172 0.032093
3.0 0.058516 0.719779 0.029219 0.057140
3.0 0.018930 0.710721 0.014609 0.067674
3.0 0.195531 0.742349 0.008812 0.049209
0.0 0.023523 0.676895 0.029266 0.023233
0.0 0.035812 0.673907 0.040188 0.022651
3.0 0.150008 0.751360 0.009016 0.044860
1.0 0.102352 0.675291 0.042047 0.023837
3.0 0.578906 0.715116 0.048438 0.165116
