0.0 0.593120 0.659742 0.126365 0.118361
0.0 0.272649 0.504299 0.028156 0.037616
4.0 0.362078 0.541268 0.023615 0.050015
3.0 0.336101 0.549635 0.021025 0.077817
4.0 0.318858 0.527994 0.015569 0.049444
3.0 0.502198 0.617563 0.023443 0.042369
4.0 0.213511 0.482240 0.010341 0.031264
4.0 0.202304 0.478893 0.012007 0.033926
3.0 0.159493 0.519247 0.034470 0.104213
3.0 0.183631 0.520958 0.014131 0.056975
0.0 0.135118 0.456263 0.021777 0.039708
4.0 0.293455 0.510879 0.013674 0.036589
4.0 0.224717 0.485587 0.013617 0.034040
