0.0 0.176563 0.683333 0.165625 0.394444
0.0 0.387500 0.727778 0.123438 0.272222
0.0 0.490625 0.558333 0.096875 0.255556
0.0 0.634375 0.827778 0.100000 0.300000
0.0 0.718750 0.672222 0.162500 0.313889
0.0 0.520312 0.416667 0.071875 0.119444
0.0 0.590625 0.397222 0.060937 0.111111
0.0 0.673438 0.377778 0.059375 0.111111
0.0 0.693750 0.491667 0.093750 0.119444
0.0 0.603125 0.288889 0.035937 0.077778
3.0 0.617188 0.338889 0.025000 0.080556
0.0 0.504687 0.297222 0.054688 0.105556
0.0 0.437500 0.325000 0.054688 0.094444
0.0 0.437500 0.233333 0.042188 0.113889
0.0 0.485938 0.225000 0.026562 0.061111
0.0 0.053125 0.455556 0.106250 0.136111
0.0 0.082812 0.308333 0.078125 0.088889
0.0 0.217188 0.205556 0.034375 0.055556
0.0 0.275000 0.433333 0.081250 0.133333
0.0 0.306250 0.322222 0.056250 0.094444
0.0 0.318750 0.255556 0.046875 0.072222
0.0 0.331250 0.205556 0.037500 0.061111
0.0 0.375000 0.436111 0.089063 0.172222
0.0 0.451562 0.386111 0.043750 0.119444
0.0 0.378125 0.238889 0.040625 0.111111
0.0 0.532813 0.227778 0.034375 0.063889
0.0 0.312500 0.961111 0.114062 0.066667
0.0 0.507812 0.880556 0.092188 0.225000
0.0 0.532813 0.169444 0.034375 0.061111
0.0 0.564063 0.247222 0.032813 0.075000
0.0 0.551562 0.200000 0.026562 0.050000
0.0 0.496875 0.191667 0.046875 0.050000
0.0 0.473438 0.166667 0.029687 0.061111
0.0 0.410938 0.202778 0.012500 0.058333
0.0 0.432812 0.158333 0.020313 0.030556
0.0 0.493750 0.152778 0.018750 0.027778
0.0 0.481250 0.130556 0.025000 0.016667
0.0 0.468750 0.091667 0.029687 0.055556
0.0 0.493750 0.080556 0.028125 0.058333
0.0 0.464062 0.044444 0.025000 0.044444
0.0 0.428125 0.041667 0.018750 0.030556
0.0 0.398438 0.033333 0.015625 0.033333
1.0 0.434375 0.144444 0.029687 0.058333
0.0 0.398438 0.150000 0.026562 0.055556
0.0 0.393750 0.116667 0.021875 0.044444
4.0 0.956250 0.519444 0.081250 0.169444
4.0 0.865625 0.486111 0.089063 0.152778
0.0 0.339062 0.161111 0.034375 0.075000
0.0 0.359375 0.133333 0.023438 0.038889
0.0 0.364063 0.119444 0.023438 0.033333
0.0 0.376563 0.100000 0.020313 0.038889
0.0 0.384375 0.075000 0.017188 0.027778
0.0 0.403125 0.091667 0.017188 0.025000
0.0 0.425000 0.097222 0.020313 0.030556
0.0 0.420312 0.130556 0.014063 0.041667
0.0 0.434375 0.086111 0.020313 0.025000
0.0 0.446875 0.077778 0.007812 0.025000
0.0 0.409375 0.061111 0.015625 0.019444
3.0 0.285938 0.097222 0.007812 0.033333
3.0 0.292187 0.083333 0.007812 0.027778
0.0 0.325000 0.069444 0.010937 0.027778
0.0 0.339062 0.050000 0.009375 0.022222
0.0 0.350000 0.041667 0.009375 0.016667
3.0 0.364063 0.041667 0.004687 0.016667
4.0 0.012500 0.205556 0.025000 0.133333
0.0 0.375000 0.323611 0.053125 0.086111
