0.0 0.269754 0.817867 0.198072 0.364266
0.0 0.206429 0.561670 0.093067 0.198406
0.0 0.455062 0.547796 0.165435 0.248840
0.0 0.471515 0.822566 0.143725 0.308737
4.0 0.643545 0.476018 0.052610 0.099019
0.0 0.849075 0.419893 0.147330 0.160029
0.0 0.532821 0.654630 0.125391 0.175917
0.0 0.602095 0.575795 0.107733 0.154608
0.0 0.227838 0.261726 0.047088 0.056824
0.0 0.101968 0.250249 0.040044 0.072923
0.0 0.849777 0.524040 0.061223 0.086182
0.0 0.769721 0.472487 0.077889 0.092628
0.0 0.723593 0.538119 0.102987 0.103784
