0.0 0.034180 0.226118 0.056453 0.063012
0.0 0.835594 0.230106 0.084094 0.078565
0.0 0.147070 0.219035 0.054328 0.078494
0.0 0.224680 0.221624 0.060422 0.073553
0.0 0.944672 0.243482 0.098969 0.072471
0.0 0.898234 0.229541 0.070281 0.080024
0.0 0.601086 0.242047 0.038078 0.048424
0.0 0.542938 0.236965 0.026844 0.048094
0.0 0.583398 0.226059 0.057172 0.069906
0.0 0.466531 0.232976 0.030000 0.054847
0.0 0.373125 0.227000 0.022062 0.061529
0.0 0.429688 0.222353 0.050000 0.072941
0.0 0.337695 0.219553 0.046297 0.068894
