0.0 0.871094 0.450000 0.257812 0.450000
0.0 0.703125 0.497222 0.081250 0.172222
0.0 0.625000 0.594444 0.084375 0.133333
0.0 0.571875 0.541667 0.026562 0.052778
0.0 0.046875 0.769444 0.090625 0.172222
0.0 0.250000 0.652778 0.153125 0.141667
0.0 0.134375 0.630556 0.107813 0.105556
0.0 0.360938 0.602778 0.073438 0.086111
0.0 0.404687 0.577778 0.040625 0.047222
0.0 0.439063 0.563889 0.034375 0.047222
0.0 0.484375 0.547222 0.023438 0.025000
0.0 0.551563 0.538889 0.012500 0.030556
0.0 0.070312 0.694986 0.137500 0.130919
