3.0 0.550561 0.744700 0.169626 0.346040
3.0 0.258035 0.564710 0.133396 0.193060
0.0 0.883449 0.411000 0.233102 0.111400
0.0 0.346591 0.353000 0.097781 0.054800
0.0 0.252126 0.341500 0.018369 0.024120
0.0 0.009051 0.339060 0.018102 0.047120
0.0 0.015869 0.312260 0.030989 0.023160
3.0 0.821524 0.628000 0.217914 0.272000
3.0 0.069505 0.608020 0.139010 0.257680
0.0 0.439906 0.364050 0.122059 0.070740
0.0 0.055281 0.304420 0.025642 0.011320
0.0 0.992968 0.351920 0.014064 0.030480
0.0 0.484184 0.323280 0.050722 0.025800
3.0 0.657647 0.378890 0.025561 0.031380
