0.0 0.053125 0.927632 0.079687 0.128289
0.0 0.142187 0.894737 0.078125 0.115132
3.0 0.057813 0.845395 0.039062 0.036184
3.0 0.154688 0.796053 0.031250 0.036184
3.0 0.189062 0.796053 0.029687 0.042763
3.0 0.200000 0.789474 0.026562 0.039474
3.0 0.206250 0.776316 0.032813 0.049342
3.0 0.204687 0.730263 0.014063 0.032895
3.0 0.254688 0.700658 0.014063 0.023026
0.0 0.235937 0.736842 0.050000 0.059211
3.0 0.259375 0.684211 0.020313 0.023026
4.0 0.373437 0.680921 0.015625 0.049342
0.0 0.403125 0.657895 0.039062 0.049342
0.0 0.382812 0.621711 0.012500 0.029605
0.0 0.426563 0.592105 0.028125 0.059211
3.0 0.457813 0.598684 0.004687 0.026316
4.0 0.476562 0.572368 0.006250 0.023026
3.0 0.487500 0.552632 0.003125 0.016447
0.0 0.473438 0.546053 0.010937 0.026316
0.0 0.470313 0.723684 0.031250 0.059211
0.0 0.535937 0.805921 0.029687 0.118421
4.0 0.593750 0.822368 0.026562 0.105263
4.0 0.582812 0.756579 0.023438 0.078947
4.0 0.568750 0.743421 0.014063 0.072368
4.0 0.565625 0.703947 0.015625 0.032895
4.0 0.540625 0.684211 0.014063 0.062500
4.0 0.537500 0.651316 0.012500 0.042763
3.0 0.526563 0.717105 0.007812 0.039474
4.0 0.762500 0.901316 0.089063 0.164474
3.0 0.734375 0.812500 0.032813 0.039474
3.0 0.726562 0.802632 0.042188 0.032895
3.0 0.707812 0.786184 0.028125 0.039474
3.0 0.690625 0.779605 0.010937 0.036184
3.0 0.668750 0.730263 0.021875 0.016447
0.0 0.610938 0.746711 0.031250 0.075658
0.0 0.587500 0.703947 0.021875 0.032895
0.0 0.634375 0.707237 0.068750 0.049342
0.0 0.595313 0.687500 0.046875 0.023026
0.0 0.610938 0.664474 0.067187 0.036184
0.0 0.596875 0.608553 0.015625 0.039474
0.0 0.571875 0.634868 0.021875 0.065789
0.0 0.573438 0.569079 0.010937 0.026316
0.0 0.543750 0.565789 0.007812 0.026316
0.0 0.525000 0.546053 0.010937 0.039474
4.0 0.554688 0.542763 0.004687 0.013158
0.0 0.534375 0.539474 0.004687 0.016447
3.0 0.540625 0.509868 0.001563 0.006579
4.0 0.553125 0.559211 0.006250 0.019737
