0.0 0.323117 0.563806 0.244953 0.258056
0.0 0.816336 0.591007 0.196422 0.206745
0.0 0.860766 0.421593 0.089938 0.125293
0.0 0.924422 0.459415 0.101937 0.140515
0.0 0.437797 0.462600 0.145125 0.131148
0.0 0.236539 0.506639 0.103109 0.137916
0.0 0.106250 0.475328 0.122687 0.114309
0.0 0.035453 0.489508 0.070906 0.134473
0.0 0.970695 0.548197 0.058609 0.273864
0.0 0.316695 0.413513 0.091922 0.057845
0.0 0.862273 0.420304 0.092141 0.128478
0.0 0.054273 0.414157 0.108546 0.089578
0.0 0.228766 0.466370 0.146687 0.132365
1.0 0.560094 0.396815 0.100219 0.061967
0.0 0.146250 0.415726 0.115406 0.083677
1.0 0.708313 0.295035 0.096594 0.034005
0.0 0.441406 0.444965 0.879687 0.327869
0.0 0.021094 0.551522 0.039062 0.110070
