1.0 0.289104 0.804516 0.067000 0.043188
0.0 0.050125 0.738813 0.100250 0.055437
0.0 0.155083 0.894422 0.054583 0.057750
0.0 0.122563 0.612094 0.021250 0.015938
0.0 0.170583 0.950156 0.066458 0.059250
0.0 0.123240 0.584422 0.024813 0.015281
0.0 0.051948 0.557898 0.020271 0.014453
1.0 0.231500 0.708555 0.046583 0.045703
0.0 0.154854 0.828453 0.047417 0.029156
0.0 0.203396 0.806828 0.035625 0.022906
0.0 0.290010 0.757297 0.100479 0.028344
0.0 0.171302 0.873008 0.039604 0.040047
0.0 0.188781 0.849836 0.058729 0.031328
0.0 0.223333 0.826875 0.044958 0.028750
0.0 0.206104 0.778633 0.029125 0.027297
1.0 0.274146 0.897023 0.132208 0.146047
1.0 0.356750 0.887531 0.124875 0.142844
0.0 0.159740 0.747656 0.084812 0.020781
0.0 0.138542 0.633594 0.164583 0.229687
0.0 0.188542 0.986719 0.060417 0.023438
