0.0 0.964313 0.798028 0.023094 0.028278
0.0 0.851898 0.776722 0.012922 0.019111
0.0 0.904969 0.788083 0.016344 0.021444
0.0 0.939117 0.798597 0.020734 0.029750
0.0 0.905016 0.788472 0.016375 0.021333
0.0 0.665422 0.778625 0.230219 0.081861
0.0 0.892648 0.782264 0.014016 0.022639
0.0 0.929422 0.793472 0.015000 0.029667
0.0 0.989273 0.800042 0.021141 0.028194
0.0 0.916555 0.779250 0.013047 0.016889
0.0 0.048242 0.771750 0.061672 0.033222
0.0 0.377750 0.784250 0.048250 0.036167
0.0 0.925211 0.771222 0.010984 0.012778
0.0 0.944594 0.785486 0.018000 0.021806
0.0 0.939844 0.769444 0.082812 0.044444
