0.0 0.458750 0.669290 0.088700 0.060188
3.0 0.611880 0.905402 0.107520 0.168928
3.0 0.050970 0.755389 0.079460 0.096836
3.0 0.492070 0.890241 0.074580 0.191475
3.0 0.364280 0.772426 0.059080 0.105174
3.0 0.281070 0.868660 0.104660 0.174316
3.0 0.140730 0.807279 0.107460 0.144799
0.0 0.075850 0.679223 0.105260 0.065523
0.0 0.220730 0.681193 0.088860 0.065442
0.0 0.937040 0.653311 0.050520 0.031555
3.0 0.403530 0.884437 0.109060 0.169303
3.0 0.195550 0.775858 0.057060 0.072466
3.0 0.821170 0.691193 0.019060 0.053217
3.0 0.217220 0.830054 0.017520 0.044611
3.0 0.850710 0.713083 0.019780 0.033780
