0.0 0.290150 0.876350 0.059220 0.040401
0.0 0.435240 0.950869 0.026960 0.016551
0.0 0.491940 0.969118 0.025720 0.016417
0.0 0.518590 0.978583 0.024940 0.017380
0.0 0.556980 0.986885 0.024240 0.018316
0.0 0.234580 0.885348 0.021840 0.015080
0.0 0.404110 0.941110 0.027340 0.018262
0.0 0.276960 0.899118 0.022440 0.011283
0.0 0.325760 0.913289 0.021080 0.015508
0.0 0.348670 0.924425 0.020020 0.015695
0.0 0.375150 0.932380 0.025820 0.018770
0.0 0.462760 0.961925 0.028160 0.015455
0.0 0.591760 0.996230 0.037200 0.007540
0.0 0.303530 0.908209 0.020620 0.017594
0.0 0.082870 0.826070 0.039820 0.027112
0.0 0.097060 0.813048 0.035600 0.031711
0.0 0.292000 0.891711 0.096000 0.029412
