0.0 0.021773 0.724231 0.033453 0.022890
0.0 0.098984 0.725988 0.037844 0.017089
0.0 0.086922 0.726611 0.030750 0.017838
0.0 0.040070 0.724854 0.032359 0.019647
0.0 0.188414 0.716549 0.023641 0.016881
0.0 0.214727 0.716445 0.026672 0.016923
0.0 0.237195 0.716788 0.019609 0.011372
0.0 0.285164 0.713462 0.030109 0.012578
0.0 0.057805 0.715717 0.017922 0.014054
0.0 0.157688 0.718628 0.057906 0.028940
0.0 0.264102 0.714044 0.019141 0.014075
0.0 0.011688 0.726403 0.023375 0.020915
0.0 0.332313 0.713576 0.012750 0.012017
0.0 0.485938 0.714137 0.893750 0.047817
