0.0 0.396813 0.592797 0.235750 0.131000
0.0 0.914604 0.558859 0.170792 0.098875
0.0 0.297073 0.557500 0.147604 0.090688
0.0 0.263125 0.542750 0.115542 0.093031
0.0 0.760667 0.541711 0.147208 0.075859
0.0 0.443688 0.498281 0.101042 0.055125
0.0 0.368062 0.491250 0.040042 0.037906
0.0 0.685521 0.532336 0.106042 0.068297
0.0 0.977719 0.577438 0.042521 0.091906
0.0 0.327927 0.575078 0.163021 0.110187
0.0 0.242156 0.510313 0.093229 0.053844
0.0 0.203583 0.511289 0.079208 0.057547
0.0 0.173156 0.475148 0.053146 0.029516
0.0 0.237500 0.490625 0.470833 0.059375
