3.0 0.663164 0.648125 0.213328 0.126917
3.0 0.161469 0.414885 0.033000 0.086604
3.0 0.936141 0.458917 0.062031 0.130458
3.0 0.185844 0.419177 0.025719 0.076604
3.0 0.282250 0.425958 0.024281 0.063083
1.0 0.638281 0.303594 0.159344 0.122479
0.0 0.394727 0.391396 0.098734 0.089708
3.0 0.250695 0.419927 0.036359 0.075687
3.0 0.271945 0.417135 0.012078 0.034021
3.0 0.918797 0.472750 0.017719 0.099417
0.0 0.872336 0.388677 0.023141 0.043188
1.0 0.759852 0.324135 0.136703 0.184729
0.0 0.231000 0.395688 0.036281 0.051292
0.0 0.394555 0.394208 0.099828 0.080750
0.0 0.884172 0.387656 0.014625 0.041229
3.0 0.073438 0.436458 0.046875 0.077083
