3.0 0.278016 0.694187 0.099656 0.081083
3.0 0.544531 0.669063 0.057969 0.067792
0.0 0.709000 0.636615 0.182688 0.085979
0.0 0.252344 0.634333 0.105469 0.054083
0.0 0.799109 0.604781 0.061313 0.038062
0.0 0.879828 0.597781 0.027750 0.022188
0.0 0.842367 0.599427 0.040797 0.025438
0.0 0.905711 0.596604 0.053516 0.030458
0.0 0.944797 0.591594 0.035844 0.028354
0.0 0.045250 0.667542 0.090500 0.074625
3.0 0.505234 0.651177 0.047406 0.061979
3.0 0.164211 0.651125 0.025859 0.040750
3.0 0.131305 0.644969 0.012453 0.031062
3.0 0.178234 0.645792 0.012156 0.040375
3.0 0.067641 0.643229 0.014750 0.033417
3.0 0.613328 0.678187 0.063156 0.074833
3.0 0.486945 0.661344 0.047422 0.052062
0.0 0.606914 0.604083 0.103547 0.056542
0.0 0.984750 0.588365 0.030500 0.021313
0.0 0.192484 0.632365 0.028063 0.039771
0.0 0.969156 0.590052 0.023062 0.022812
0.0 0.517969 0.517010 0.131125 0.179979
3.0 0.347281 0.648271 0.011844 0.043583
3.0 0.706250 0.668750 0.078125 0.070833
1.0 0.011719 0.783333 0.023438 0.266667
