3.0 0.851047 0.683927 0.102625 0.177255
3.0 0.500727 0.863709 0.153547 0.230842
3.0 0.044789 0.860421 0.089578 0.238505
3.0 0.100484 0.773261 0.151000 0.207391
3.0 0.227328 0.680679 0.070875 0.141304
3.0 0.531445 0.684864 0.128641 0.167283
3.0 0.183477 0.752514 0.045828 0.112038
3.0 0.789008 0.706372 0.052609 0.093777
3.0 0.274141 0.668641 0.041156 0.113587
3.0 0.717367 0.884158 0.349828 0.231685
3.0 0.737844 0.649443 0.059313 0.120842
3.0 0.629945 0.830448 0.236266 0.316821
3.0 0.696125 0.665611 0.038687 0.060571
3.0 0.454688 0.603261 0.103125 0.043478
3.0 0.910156 0.702446 0.120313 0.192935
