0.0 0.278596 0.326266 0.075058 0.035437
0.0 0.288411 0.289422 0.054965 0.031000
0.0 0.295696 0.259086 0.050650 0.030109
0.0 0.083770 0.268633 0.051995 0.024453
0.0 0.045928 0.285656 0.048237 0.031688
0.0 0.129408 0.249297 0.044524 0.022969
0.0 0.152506 0.227508 0.039443 0.020516
3.0 0.791717 0.772398 0.091555 0.108422
0.0 0.304188 0.265461 0.049258 0.024734
0.0 0.269176 0.298867 0.059234 0.032078
0.0 0.049095 0.246352 0.042645 0.023141
0.0 0.160998 0.222867 0.034478 0.019141
0.0 0.388051 0.226375 0.039768 0.016969
3.0 0.494095 0.909102 0.117332 0.095984
3.0 0.488944 0.742812 0.090325 0.088969
3.0 0.427390 0.700773 0.079791 0.070703
3.0 0.727204 0.600734 0.064292 0.063094
3.0 0.330800 0.913367 0.117610 0.146047
3.0 0.475661 0.439969 0.044687 0.028187
3.0 0.547912 0.943758 0.110116 0.084391
3.0 0.385916 0.819531 0.092111 0.103563
3.0 0.830673 0.627281 0.068631 0.074156
3.0 0.378503 0.669937 0.066427 0.070156
3.0 0.341172 0.630312 0.057749 0.066687
0.0 0.460104 0.225852 0.047819 0.020203
3.0 0.449234 0.600437 0.074014 0.072156
3.0 0.480278 0.684375 0.408353 0.268750
0.0 0.308585 0.235937 0.064965 0.050000
3.0 0.320186 0.775781 0.092807 0.092188
3.0 0.690255 0.508594 0.062645 0.060937
3.0 0.636891 0.587500 0.071926 0.068750
3.0 0.486079 0.498437 0.048724 0.050000
3.0 0.592807 0.473438 0.048724 0.046875
3.0 0.406032 0.577344 0.051044 0.057813
