0.0 0.874586 0.211333 0.125766 0.081333
0.0 0.147594 0.144594 0.025188 0.023813
0.0 0.639688 0.259344 0.361969 0.272521
0.0 0.450859 0.161656 0.049688 0.059271
0.0 0.132156 0.092375 0.009844 0.011375
0.0 0.204820 0.138219 0.016234 0.020938
1.0 0.142797 0.116500 0.014438 0.019250
1.0 0.317625 0.082062 0.111250 0.163167
0.0 0.134680 0.127115 0.014578 0.023021
0.0 0.152180 0.115969 0.004922 0.009854
0.0 0.136602 0.069510 0.007547 0.010729
0.0 0.643516 0.256604 0.360219 0.268333
1.0 0.205047 0.137521 0.016406 0.022583
0.0 0.182031 0.075000 0.014063 0.012500
