0.0 0.633586 0.634833 0.112703 0.110875
0.0 0.568047 0.638531 0.045250 0.089896
0.0 0.555602 0.631573 0.069734 0.089646
0.0 0.512891 0.631208 0.042781 0.082625
0.0 0.460609 0.625260 0.045250 0.066437
0.0 0.488477 0.628281 0.041484 0.068771
0.0 0.387148 0.623781 0.021047 0.044479
0.0 0.330172 0.635208 0.097750 0.083083
0.0 0.436016 0.623375 0.026312 0.055208
0.0 0.412766 0.619906 0.039750 0.056354
0.0 0.250867 0.615833 0.015328 0.024333
0.0 0.320008 0.607792 0.071203 0.040583
0.0 0.262719 0.628594 0.022000 0.053604
