0.0 0.835938 0.802778 0.321875 0.380556
0.0 0.625000 0.677778 0.204687 0.330556
0.0 0.473438 0.550000 0.042188 0.100000
3.0 0.204687 0.863889 0.042188 0.244444
3.0 0.364063 0.813889 0.112500 0.355556
3.0 0.275000 0.716667 0.048438 0.138889
0.0 0.848437 0.577778 0.250000 0.194444
0.0 0.685937 0.483333 0.181250 0.080556
0.0 0.753125 0.636111 0.100000 0.191667
0.0 0.301563 0.558333 0.054688 0.097222
0.0 0.331250 0.494444 0.071875 0.125000
0.0 0.381250 0.575000 0.081250 0.138889
0.0 0.409375 0.516667 0.092188 0.138889
0.0 0.543750 0.538889 0.107813 0.102778
