0.0 0.289062 0.913690 0.142187 0.160714
0.0 0.093750 0.961310 0.107813 0.065476
0.0 0.135938 0.845238 0.142187 0.160714
0.0 0.360938 0.773810 0.112500 0.232143
0.0 0.060937 0.690476 0.114062 0.119048
0.0 0.184375 0.714286 0.112500 0.136905
0.0 0.403125 0.616071 0.079687 0.077381
0.0 0.379687 0.541667 0.079687 0.053571
0.0 0.304688 0.559524 0.054688 0.148810
0.0 0.428125 0.485119 0.075000 0.065476
0.0 0.437500 0.425595 0.054688 0.050595
0.0 0.446875 0.383929 0.048438 0.035714
0.0 0.451562 0.351190 0.035937 0.029762
0.0 0.142188 0.494048 0.042188 0.083333
0.0 0.135938 0.595238 0.068750 0.107143
0.0 0.804688 0.752976 0.114062 0.160714
0.0 0.710938 0.639881 0.085938 0.130952
0.0 0.843750 0.583333 0.043750 0.071429
0.0 0.753125 0.514881 0.051562 0.095238
0.0 0.401563 0.380952 0.025000 0.074405
0.0 0.977344 0.950893 0.045312 0.086310
0.0 0.600000 0.669643 0.101562 0.077381
0.0 0.609375 0.321429 0.025000 0.065476
0.0 0.653125 0.282738 0.018750 0.041667
0.0 0.678125 0.315476 0.026562 0.038690
0.0 0.704688 0.363095 0.039062 0.047619
0.0 0.620312 0.255952 0.018750 0.029762
0.0 0.579688 0.252976 0.029687 0.032738
0.0 0.710938 0.255952 0.025000 0.023810
0.0 0.667187 0.467262 0.056250 0.044643
0.0 0.660938 0.398810 0.031250 0.065476
0.0 0.667187 0.964286 0.164062 0.062500
0.0 0.443750 0.235119 0.023438 0.020833
0.0 0.682812 0.261905 0.026562 0.014881
0.0 0.553125 0.238095 0.017188 0.026786
0.0 0.093750 0.416667 0.070312 0.053571
0.0 0.043750 0.544643 0.079687 0.145833
0.0 0.220313 0.574405 0.100000 0.145833
0.0 0.215625 0.369048 0.040625 0.122024
0.0 0.170312 0.413690 0.043750 0.062500
0.0 0.265625 0.452381 0.034375 0.068452
0.0 0.365625 0.380952 0.035937 0.026786
0.0 0.439063 0.300595 0.032813 0.029762
0.0 0.965625 0.797619 0.068750 0.214286
0.0 0.398438 0.333333 0.034375 0.014881
0.0 0.453125 0.199405 0.025000 0.044643
0.0 0.942187 0.470238 0.075000 0.151786
3.0 0.782812 0.630952 0.042188 0.080357
3.0 0.456250 0.645833 0.021875 0.107143
3.0 0.137500 0.413690 0.018750 0.047619
0.0 0.648438 0.818452 0.143750 0.223214
3.0 0.782812 0.318452 0.017188 0.020833
3.0 0.767187 0.309524 0.006250 0.032738
0.0 0.742188 0.297619 0.037500 0.056548
0.0 0.760937 0.238095 0.051562 0.074405
0.0 0.681250 0.199405 0.050000 0.086310
0.0 0.626563 0.193452 0.051562 0.065476
0.0 0.906250 0.342262 0.134375 0.101190
0.0 0.807812 0.389881 0.095312 0.116071
0.0 0.721875 0.422619 0.075000 0.065476
0.0 0.853125 0.494048 0.096875 0.080357
0.0 0.573437 0.354167 0.046875 0.047619
0.0 0.559375 0.288690 0.037500 0.029762
0.0 0.604687 0.404762 0.070312 0.053571
0.0 0.603125 0.479167 0.067187 0.059524
0.0 0.598438 0.571429 0.084375 0.116071
0.0 0.898438 0.693452 0.059375 0.202381
0.0 0.396875 0.244048 0.064062 0.089286
0.0 0.307813 0.303571 0.106250 0.136905
0.0 0.232812 0.261905 0.034375 0.062500
0.0 0.309375 0.211310 0.059375 0.050595
0.0 0.354688 0.181548 0.028125 0.056548
0.0 0.385938 0.169643 0.031250 0.053571
0.0 0.426562 0.166667 0.026562 0.044643
0.0 0.406250 0.163690 0.009375 0.053571
0.0 0.325000 0.440476 0.076563 0.095238
0.0 0.546875 0.193452 0.020313 0.029762
3.0 0.537500 0.229167 0.009375 0.026786
0.0 0.850000 0.910714 0.179688 0.166667
0.0 0.985937 0.561194 0.028125 0.274627
