0.0 0.129688 0.715962 0.139063 0.157277
4.0 0.100000 0.598592 0.065625 0.075117
4.0 0.159375 0.551643 0.050000 0.079812
4.0 0.295312 0.523474 0.034375 0.077465
4.0 0.328125 0.490610 0.028125 0.065728
4.0 0.220312 0.410798 0.023438 0.039906
4.0 0.437500 0.359155 0.009375 0.016432
4.0 0.421875 0.368545 0.014063 0.023474
3.0 0.182812 0.424883 0.015625 0.023474
4.0 0.234375 0.462441 0.023438 0.037559
4.0 0.223438 0.497653 0.025000 0.056338
4.0 0.200000 0.507042 0.028125 0.058685
4.0 0.398438 0.377934 0.023438 0.028169
0.0 0.507812 0.607981 0.073438 0.126761
0.0 0.645312 0.645540 0.070312 0.124413
0.0 0.634375 0.438967 0.034375 0.051643
3.0 0.564063 0.427230 0.029687 0.028169
0.0 0.907813 0.737089 0.081250 0.161972
0.0 0.790625 0.690141 0.156250 0.349765
0.0 0.573438 0.363850 0.021875 0.025822
0.0 0.625000 0.347418 0.017188 0.025822
4.0 0.626563 0.323944 0.009375 0.004695
0.0 0.607812 0.316901 0.014063 0.025822
0.0 0.596875 0.347418 0.017188 0.021127
0.0 0.589063 0.330986 0.015625 0.009390
0.0 0.589063 0.300469 0.006250 0.009390
0.0 0.601562 0.295775 0.004687 0.007042
0.0 0.546875 0.321596 0.018750 0.014085
0.0 0.559375 0.295775 0.010937 0.016432
4.0 0.517188 0.328638 0.006250 0.014085
4.0 0.503125 0.333333 0.009375 0.014085
3.0 0.635938 0.342723 0.004687 0.014085
