3.0 0.103125 0.522222 0.089063 0.094444
0.0 0.185937 0.461111 0.051562 0.063889
0.0 0.248437 0.472222 0.062500 0.072222
4.0 0.023438 0.452778 0.026562 0.055556
0.0 0.296875 0.463889 0.034375 0.055556
0.0 0.360938 0.463889 0.046875 0.050000
0.0 0.409375 0.466667 0.042188 0.052778
0.0 0.443750 0.466667 0.028125 0.052778
0.0 0.471875 0.472222 0.037500 0.061111
0.0 0.525000 0.486111 0.068750 0.072222
0.0 0.584375 0.472222 0.042188 0.061111
3.0 0.615625 0.486111 0.034375 0.033333
0.0 0.693750 0.455556 0.031250 0.016667
0.0 0.659375 0.463889 0.028125 0.038889
0.0 0.748437 0.544444 0.210938 0.144444
0.0 0.627344 0.466667 0.029687 0.050000
