3.0 0.371078 0.578518 0.043219 0.086212
0.0 0.292570 0.545412 0.059578 0.061129
0.0 0.329367 0.540200 0.043359 0.053341
0.0 0.053297 0.572941 0.089875 0.084141
0.0 0.632016 0.540659 0.057969 0.059624
0.0 0.569445 0.522765 0.027578 0.035647
1.0 0.604172 0.519671 0.047750 0.053929
0.0 0.148633 0.615918 0.208609 0.170424
0.0 0.657008 0.535224 0.022422 0.052659
0.0 0.583883 0.517953 0.004547 0.023624
0.0 0.527070 0.530553 0.013328 0.035553
0.0 0.541617 0.529082 0.016516 0.028282
0.0 0.480195 0.538471 0.077797 0.094353
