0.0 0.966277 0.514115 0.067445 0.063241
0.0 0.815501 0.513188 0.099699 0.042096
0.0 0.703597 0.515448 0.079110 0.037144
3.0 0.752591 0.515990 0.029736 0.029567
0.0 0.657654 0.516132 0.026114 0.024025
0.0 0.600272 0.517325 0.048038 0.018278
3.0 0.471401 0.521702 0.028593 0.021447
0.0 0.340243 0.530265 0.054138 0.021239
0.0 0.379706 0.524422 0.027450 0.013327
0.0 0.288200 0.528497 0.037362 0.023182
4.0 0.254646 0.535438 0.041936 0.035489
4.0 0.217282 0.535741 0.041936 0.035489
4.0 0.087075 0.551071 0.126762 0.093061
