0.0 0.177328 0.543823 0.037375 0.026354
0.0 0.184008 0.521427 0.034766 0.019396
0.0 0.158352 0.521969 0.024641 0.023854
0.0 0.209906 0.532896 0.033000 0.020542
0.0 0.229250 0.572010 0.127281 0.125146
0.0 0.500047 0.587750 0.086563 0.119333
0.0 0.579664 0.598688 0.068953 0.119333
0.0 0.326812 0.589885 0.106969 0.121979
0.0 0.845062 0.594229 0.065875 0.124708
0.0 0.935320 0.598219 0.070922 0.138187
0.0 0.425695 0.587271 0.081891 0.122958
0.0 0.490828 0.526406 0.053844 0.058854
0.0 0.095812 0.480115 0.121031 0.037312
0.0 0.763750 0.595885 0.065750 0.122063
0.0 0.678336 0.609479 0.041328 0.076208
0.0 0.018000 0.600021 0.035313 0.032458
0.0 0.065539 0.578302 0.073766 0.032896
0.0 0.118516 0.517719 0.033313 0.011813
0.0 0.213766 0.519698 0.040313 0.024646
0.0 0.554148 0.536333 0.043297 0.078708
0.0 0.615625 0.536458 0.043750 0.081250
0.0 0.514062 0.502083 0.056250 0.054167
0.0 0.975000 0.517708 0.034375 0.060417
0.0 0.867969 0.531250 0.060937 0.070833
