0.0 0.477531 0.633146 0.242688 0.235958
0.0 0.609445 0.598177 0.159453 0.196646
0.0 0.701234 0.561708 0.106375 0.127167
0.0 0.779062 0.522125 0.099656 0.104167
0.0 0.828156 0.515813 0.038125 0.086167
0.0 0.862992 0.489854 0.027172 0.055583
0.0 0.798820 0.791760 0.402359 0.388229
0.0 0.280359 0.528552 0.091406 0.105854
0.0 0.838266 0.503490 0.042250 0.068646
0.0 0.554672 0.488188 0.049875 0.043042
0.0 0.586211 0.486260 0.032203 0.043271
0.0 0.469297 0.477156 0.105187 0.107604
0.0 0.183703 0.531635 0.164750 0.141604
0.0 0.675781 0.481250 0.045312 0.041667
0.0 0.720313 0.472917 0.040625 0.037500
