0.0 0.145833 0.865625 0.275000 0.262500
0.0 0.879167 0.864062 0.241666 0.262500
0.0 0.904167 0.634375 0.191666 0.179688
0.0 0.766667 0.610938 0.139583 0.159375
4.0 0.191667 0.564063 0.110417 0.126562
4.0 0.270833 0.525000 0.054167 0.101562
0.0 0.789583 0.485938 0.125000 0.095312
0.0 0.360417 0.610938 0.118750 0.204687
0.0 0.695833 0.484375 0.054167 0.087500
0.0 0.377083 0.489063 0.070833 0.046875
0.0 0.320833 0.426563 0.079167 0.081250
0.0 0.620833 0.643750 0.239583 0.434375
0.0 0.462500 0.468750 0.056250 0.103125
0.0 0.422917 0.385937 0.064583 0.057813
0.0 0.695833 0.393750 0.066667 0.057813
0.0 0.629167 0.404687 0.062500 0.042188
4.0 0.475000 0.395313 0.033333 0.035937
4.0 0.520833 0.417187 0.033333 0.018750
0.0 0.352083 0.362500 0.062500 0.042188
3.0 0.581250 0.398438 0.020833 0.031250
0.0 0.529167 0.384375 0.045833 0.042188
4.0 0.493750 0.359375 0.020833 0.040625
0.0 0.437500 0.343750 0.050000 0.025000
0.0 0.637500 0.360938 0.035417 0.035937
0.0 0.510417 0.328125 0.043750 0.023438
0.0 0.581250 0.356250 0.052083 0.037500
0.0 0.627083 0.331250 0.043750 0.021875
0.0 0.568750 0.326562 0.041667 0.021875
0.0 0.597917 0.304688 0.031250 0.020313
0.0 0.372917 0.331250 0.045833 0.017188
0.0 0.391667 0.309375 0.041667 0.020313
0.0 0.585417 0.285938 0.037500 0.015625
0.0 0.554167 0.307812 0.031250 0.015625
0.0 0.502083 0.289062 0.033333 0.028125
0.0 0.458333 0.317188 0.035417 0.025000
0.0 0.533333 0.284375 0.031250 0.018750
0.0 0.895833 0.368750 0.200000 0.079687
0.0 0.943750 0.317188 0.075000 0.023438
0.0 0.937500 0.460938 0.077083 0.048438
0.0 0.427083 0.284375 0.025000 0.020313
